[2200, 4095, 4095, 3949, 3613, 85.16257, 89.2953, 7.325631, -101.7328, -61.69466, 156.3282, 244.7904, 124.4586, 304.212, -4.687023, 18.81679, -2.648855],
[2211, 4095, 4095, 4095, 3835, 211.6057, 159.4102, 301.1528, 43.54962, 14.69466, -80.83206, 238.8688, 122.2639, 313.4912, 13.68702, -6.366412, -4.557252],
[2222, 4095, 4095, 3965, 3743, 129.0348, 103.5052, 16.46503, -20.61832, 21.36641, 26.59542, 246.3621, 121.2486, 305.5521, -9.442748, 1.969466, 0.778626],
[2257, 4095, 4095, 4095, 3879, 215.3246, 148.2712, 310.8672, 17.45038, 8.603053, -54.54198, 240.519, 121.5017, 312.4451, 6.10687, -3.480916, 1.984733],
[2214, 4095, 4095, 4095, 3574, 129.776, 104.8452, 17.62077, -15.29008, 23.63359, 25.41985, 242.5804, 129.9248, 301.5718, -15.66412, -1.442748, 4.664122],
[2317, 4095, 4095, 4095, 3723, 234.9516, 157.1372, 286.3036, 82.20611, -25.77863, -78.61833, 240.4475, 122.2085, 311.7448, 4.801527, 9.656488, 3.328244],
[2207, 4095, 4095, 4095, 3541, 114.9946, 99.3705, 19.49869, -73.51908, 42.41221, 9.946565, 245.3253, 119.3028, 309.0451, -12.15267, -3.854962, -1.832061],
[2271, 4095, 4095, 4095, 3665, 226.7286, 136.7627, 311.2919, -12.45802, -67.80153, 48.9084, 241.4399, 121.664, 311.1838, -1.40458, 5.70229, 2.19084],
[2203, 4095, 4095, 4095, 3575, 128.0678, 109.4408, 24.2059, -36.60306, 69.63359, -27.67175, 245.6997, 120.9721, 306.7018, -11.54962, -9.938931, -2.450382],
[2243, 4095, 4095, 4095, 3793, 216.4339, 142.9294, 315.4332, 18.8855, -38.98474, 3.480916, 241.2219, 120.6198, 312.6128, 1.778626, 7.389313, 1.816794],
[2138, 4095, 4095, 4069, 3647, 107.8277, 100.6299, 30.25527, -32.72519, 9.687023, 9.320611, 246.3958, 118.8683, 308.1407, -15.64122, 5.656488, -5.610687],
[2217, 4095, 4095, 4095, 3770, 221.3289, 150.619, 302.4063, -5.603054, -45.45038, 20.96183, 239.8819, 119.6195, 315.3286, 11.80153, 5.732824, 0.389313],
[2189, 4095, 4095, 4095, 3762, 141.2706, 102.2246, 9.806756, 39.29008, 19.41985, -46.84733, 245.1616, 119.04, 309.5588, -15.18321, -2.664122, -1.267176],
[2301, 4095, 4095, 4095, 3903, 223.9762, 142.2412, 308.5315, 12.54962, -57.56488, 5.557252, 238.8585, 120.9571, 314.9641, 10.18321, 1.931298, 4.198473],
[2163, 4095, 4095, 3951, 3527, 129.523, 101.2631, 13.54242, -2.229008, 41.16794, -46.15267, 243.1483, 120.9669, 309.9035, -10.18321, -4.465649, -2.70229],
[2320, 4095, 4095, 4095, 3863, 214.0492, 133.8574, 326.787, 33.05344, -34.67939, -13.1374, 239.439, 118.8744, 316.7085, 9.251908, 2.793893, 0.1984733],
[2178, 4015, 4095, 4095, 3741, 111.6953, 99.02171, 21.76887, -8.78626, 2.839695, 27.92367, 242.9933, 121.0797, 309.9673, -22.33588, 6.358778, 0.3969466],
[2291, 4095, 4095, 4095, 3917, 214.0354, 142.0948, 318.8295, -17.29008, -24.29008, 24.36641, 242.0247, 118.3433, 314.3022, 1.900763, 0.2748091, 5.557252],
[2146, 4095, 4095, 4063, 3747, 121.4369, 101.0607, 17.71876, 63.38168, 51.8626, -72.79389, 244.7469, 119.0629, 310.0656, -16.29771, -11.12214, 0.610687],
[2227, 4095, 4095, 4095, 3967, 225.1468, 139.7262, 309.9061, -46.15267, -94.53435, 73.1145, 239.9995, 117.8189, 317.323, -1.458015, 3.732824, 4.267176],
[2167, 4095, 4095, 4095, 4023, 140.2023, 105.6453, 13.07735, 28.75573, 59.39695, -94.37405, 245.5288, 119.3834, 308.6894, -6.648855, -6.290076, 0.1145038],
[2203, 4095, 4095, 3773, 3792, 224.2391, 140.2474, 310.2791, -82.87786, -50.51908, 130.0992, 241.8514, 118.5199, 314.3009, -1.587786, 9.19084, 5.19084],
[2120, 4095, 4095, 3633, 3570, 179.0785, 116.7544, 0.3355509, 35.85496, 171.687, -199.1527, 243.3942, 121.9864, 308.4829, -12.12977, -20.12214, 4.068702],
[2149, 4095, 4095, 3846, 3711, 218.4058, 121.8925, 333.5418, -97.38168, -125.6412, 157.313, 241.8544, 119.6299, 312.9941, -4.694656, 20.79389, 8.549619],
[2171, 4095, 4095, 4083, 3939, 233.0165, 127.9544, 313.7653, 82.60305, 99.71756, -152.8855, 244.0879, 118.2715, 311.8342, -5.427481, -16.99237, -5.847328],
[2107, 4095, 4095, 3855, 3791, 212.7803, 116.6735, 341.8978, -48.48092, -109.1298, 153.2214, 240.7251, 120.223, 313.6508, -3.328244, 18.98473, 12.1145],
[2140, 4095, 4095, 4003, 3917, 214.0951, 134.1323, 326.4894, 28.42748, 106.9313, -166.2748, 245.3007, 115.8393, 313.2541, -6.099236, -16.64886, -8.183207],
[2154, 4095, 4095, 3829, 3555, 227.0868, 107.2928, 341.2859, -40.16031, -119.8779, 199.3893, 243.329, 118.7531, 312.2166, -7.160306, 19.48092, 8.679389],
[2109, 4095, 4095, 3933, 3923, 221.2732, 152.9578, 299.9611, 26.94657, 96.771, -131.7099, 244.3443, 117.1991, 312.8015, -5.519084, -17.10687, -9.633588],
[2140, 4095, 4095, 3765, 3563, 132.477, 106.2906, 17.65447, -88.13741, -54.12977, 153.6947, 244.9214, 118.5066, 310.4906, -16.38168, 10.03817, 0.3358779],
[2145, 4095, 4095, 3807, 3743, 221.2603, 158.0817, 294.4246, 90.03818, 70.73283, -126.4885, 239.4271, 119.0198, 316.551, 14.32825, -8.816793, -5.763359],
[2178, 4095, 4095, 3771, 3625, 185.5323, 102.2768, 358.702, 4.40458, -62.87023, 90.75572, 243.5612, 118.569, 312.1445, 4.824428, 8.984733, 0.4885496],
[2115, 4095, 4095, 3847, 3847, 219.5711, 152.5687, 301.9054, 70.83206, 87.38932, -179.0382, 239.5408, 117.7971, 317.8751, 12.80916, -2.839695, -11.54199],
[2128, 4087, 4095, 3611, 3408, 63.74185, 83.78878, 12.22947, 0.5496183, -86.59542, 77.87786, 246.5456, 118.1324, 308.7942, -10.51145, 11.87786, -0.648855],
[2193, 4095, 4095, 3647, 3707, 227.0428, 154.6568, 293.5966, 70.90839, -5.992366, -111.687, 239.4002, 117.5606, 318.32, 9.633588, -4.992366, -7.717557],
[2157, 4027, 4095, 3615, 3441, 92.99707, 90.83456, 16.50463, -35.53435, -21.32061, 80.82442, 244.3244, 117.2253, 312.7949, -20.91603, 8.824428, 1.114504],
[2183, 4095, 4095, 3677, 3623, 228.3937, 147.2068, 299.5663, 16.67939, 39.0, -115.4657, 238.055, 117.6154, 319.7567, 6.274809, -1.816794, -1.89313],
[2149, 4095, 4095, 3683, 3439, 97.6037, 91.64313, 12.50509, -83.1832, -57.72519, 143.3053, 243.1075, 119.4734, 311.65, -18.78626, 11.33588, -1.167939],
[2198, 4095, 4095, 3677, 3803, 231.1493, 149.9506, 294.7857, 60.49618, 21.06107, -150.9313, 240.2612, 116.2398, 318.9559, 17.42748, -8.885496, -4.755725],
[2174, 4063, 4095, 3639, 3543, 116.7809, 94.17304, 8.26996, -59.16794, -36.0687, 124.145, 243.4781, 119.1395, 311.5784, -8.396947, 16.75573, 4.068702],
[2161, 4095, 4095, 3583, 3764, 227.9096, 153.3491, 294.1852, 48.9542, 25.60305, -148.7023, 239.4395, 118.844, 316.7438, 7.725191, -11.76336, -1.549618],
[2186, 3999, 4095, 3555, 3455, 79.80646, 87.12085, 15.22136, -94.47329, -14.64122, 96.6336, 244.6599, 118.6113, 310.7038, -12.26718, 11.89313, 1.732824],
[2283, 4095, 4095, 3687, 4014, 222.5926, 147.9627, 304.0214, 50.05344, 26.9542, -66.85497, 238.7263, 116.6105, 320.2322, 6.687023, -13.77099, -4.679389],
[2211, 4038, 4095, 3659, 3789, 102.9743, 94.48234, 18.91242, -67.61069, 5.885496, 60.30534, 244.5703, 118.1946, 311.311, -13.03053, 5.534351, -0.961832],
[2283, 4095, 4095, 3571, 3974, 220.6507, 144.231, 309.7699, 3.19084, -0.9770992, -6.045802, 240.7427, 116.5531, 318.0081, 1.725191, -4.679389, -0.1374046],
[2223, 3921, 4063, 3551, 3743, 109.9402, 95.56626, 15.09905, -19.29771, 4.519084, 27.65649, 246.3165, 117.1929, 310.2217, -13.93893, 5.229008, -1.328244],
[2320, 4095, 4095, 3583, 4075, 217.179, 140.9741, 316.6723, -18.37405, -6.603054, 8.374045, 240.7413, 117.3405, 317.0412, 6.931298, 3.374046, 2.0],
[2160, 3911, 4080, 3623, 3679, 183.3961, 98.22868, 359.427, 74.03053, 15.03817, -67.38931, 245.1533, 116.6696, 312.4063, -3.625954, -1.954198, -2.19084],
[2210, 4095, 4063, 3519, 3791, 190.0335, 139.7601, 348.0021, -6.236641, -174.313, 218.0763, 241.1231, 130.2828, 302.8284, 14.65649, 28.71756, 10.22901],
[2203, 4095, 4095, 3430, 3519, 169.2486, 129.6781, 8.820377, 48.9313, 97.71756, -231.916, 247.373, 128.0421, 297.8192, -13.45038, -24.0458, -2.80916],
[2215, 4095, 4055, 3469, 3783, 217.6737, 155.6262, 300.1731, -198.8397, -75.00764, 250.1298, 240.1221, 130.6531, 303.5602, -3.251908, 18.83206, 8.145039],
[2187, 4047, 3995, 2975, 3051, 150.3647, 127.5451, 23.52094, 37.0916, 114.7176, -186.2137, 244.3326, 130.5886, 299.0689, 5.740458, -7.328244, 5.778626],
[2203, 4095, 4031, 3107, 3493, 216.5079, 143.9841, 314.2525, -139.374, -82.1374, 185.9237, 240.0591, 130.8431, 303.4505, -7.022901, 14.77863, 4.244275],
[2183, 4095, 3951, 2958, 3091, 145.4869, 131.5265, 31.24544, 62.89313, 94.0458, -181.7481, 245.2431, 130.6091, 298.0558, -2.633588, -15.81679, -3.656489],
[2187, 4095, 3987, 3226, 3650, 209.6099, 142.1429, 323.5965, -132.8473, -82.44275, 204.2061, 238.0668, 130.2835, 306.1025, 0.9923664, 14.72519, 7.854962],
[2171, 4095, 3952, 3231, 3459, 147.1981, 121.0601, 21.12856, 58.98473, 75.13741, -144.9313, 244.4684, 129.4515, 299.9094, 0.9236641, -4.664122, 0.8473283],
[2205, 4095, 3991, 3271, 3599, 210.0239, 139.1471, 326.0228, -164.8244, -52.03817, 202.6412, 239.1388, 129.4638, 305.7464, -2.664122, 13.01527, 5.977099],
[2147, 4095, 4059, 3215, 3303, 171.9994, 124.9341, 5.47756, 35.71756, 198.3435, -243.0076, 242.5336, 131.2831, 300.4079, -3.48855, -5.648855, 5.847328],
[2230, 4095, 3983, 3197, 3515, 214.9759, 133.0426, 326.6261, -89.60305, -106.7481, 173.2366, 240.7088, 129.8521, 303.6779, -5.0, 14.25191, 6.244275],
[2192, 4095, 3995, 3211, 3217, 159.8219, 115.322, 9.768341, -3.557252, 189.6336, -199.0763, 245.1093, 131.4465, 297.5029, -13.51145, -3.526718, -0.8931297],
[2174, 4095, 3991, 3167, 3547, 214.1702, 133.8122, 326.7092, -104.8397, -98.96947, 175.3588, 240.1142, 129.1226, 305.0171, -10.96947, 17.62595, 8.396947],
[2197, 4059, 3943, 3309, 3279, 136.12, 114.8068, 23.89509, -33.38168, 104.8931, -126.4504, 244.3749, 129.6597, 299.8302, -5.839694, -5.282443, 2.022901],
[2207, 4095, 3935, 3312, 3627, 217.0104, 143.3668, 314.3762, -164.0916, -53.70992, 245.5038, 240.6797, 126.093, 307.3755, -5.473282, 12.30534, 9.305344],
[2181, 4095, 4049, 3473, 3429, 152.0319, 125.1802, 20.42484, 52.06107, 77.12214, -198.8855, 245.4336, 128.0645, 300.0471, 13.63359, 1.801527, 10.53435],
[2242, 4095, 3967, 3415, 3677, 211.3823, 135.2936, 328.14, -166.1679, -67.65649, 250.1298, 242.5761, 127.1271, 304.1952, -5.458015, 14.90076, 5.931298],
[2206, 4071, 4055, 3631, 3695, 177.1611, 122.0563, 1.644011, 9.38168, 159.4885, -218.2137, 246.6131, 127.3206, 299.337, -18.0916, -14.46565, -0.4656488],
[2224, 4095, 3967, 3269, 3729, 224.4804, 135.0499, 315.2457, -100.0611, -107.8702, 227.8015, 241.5237, 126.5156, 305.9934, -10.62595, 15.45802, 11.16031],
[2150, 3825, 3917, 3024, 3046, 143.2352, 123.7727, 26.46339, 39.32824, 144.5954, -201.9007, 242.8009, 130.2498, 301.0378, 1.458015, -15.99237, 1.969466],
[2181, 4095, 3895, 2943, 3346, 219.4079, 134.2752, 321.0796, -68.25191, -94.29008, 143.9466, 238.6658, 129.5936, 306.13, 2.442748, 16.82443, 12.64886],
[2165, 3871, 3885, 3126, 3035, 141.1104, 112.8051, 18.66446, 59.22138, 89.229, -209.0229, 244.1024, 128.9447, 300.7704, 10.66412, -14.45038, 6.847328],
[2224, 4095, 4015, 2999, 3263, 218.8493, 132.6769, 323.1816, -28.56489, -115.4733, 127.3435, 239.2001, 127.9992, 307.1136, 5.580153, 18.20611, 8.709924],
[2129, 4063, 4018, 3120, 2743, 165.6358, 132.0422, 12.87658, 45.16794, 112.7099, -159.0534, 239.0541, 128.0084, 307.2644, 23.8397, -14.12977, 10.0916],
[2242, 4095, 4059, 3043, 3134, 221.9661, 131.5133, 321.2577, -72.09924, -103.7176, 142.771, 243.2449, 125.5884, 304.9284, -16.54962, 12.57252, 2.748092],
[2166, 3959, 4015, 3139, 2857, 166.2781, 118.192, 7.347243, 129.855, 133.7633, -186.9924, 245.4004, 125.5875, 302.3751, -6.59542, -11.48092, 5.984733],
[2255, 4095, 3991, 3094, 3395, 222.998, 131.0143, 320.737, -125.5496, -97.87786, 173.2901, 240.0287, 127.5092, 306.6858, -4.152672, 14.68702, 6.19084],
[2176, 4095, 4055, 3173, 3253, 164.268, 115.2904, 7.478816, 63.8626, 74.83969, -165.0992, 243.9152, 127.4954, 302.3128, -2.969466, -11.64122, 1.091603],
[2211, 4095, 4015, 3247, 3791, 203.4157, 130.8502, 339.2811, -167.9924, -82.66413, 220.4962, 240.6122, 128.5549, 305.0176, -8.343512, 14.25954, 6.068702],
[2174, 4023, 4023, 3280, 3575, 190.5024, 132.5989, 350.1621, 108.1527, 118.4886, -233.4886, 243.1391, 125.9957, 304.6496, 2.290076, -12.76336, -2.068702],
[2209, 4095, 3967, 3151, 3735, 233.4088, 125.7856, 315.6133, -61.38168, -108.2214, 141.4733, 241.5426, 126.0558, 306.4312, -8.450381, 15.8855, 6.244275],
[2139, 4021, 4031, 3181, 3423, 193.6473, 122.3875, 351.1012, 34.9542, 141.0687, -238.0153, 242.1423, 127.7408, 304.0962, -0.1679389, -9.916031, -2.435115],
[2199, 4095, 3954, 3171, 3703, 209.0258, 125.373, 338.3111, -81.43512, -123.7863, 202.8321, 239.2122, 127.991, 307.1085, -2.519084, 15.54962, 7.969466],
[2128, 3927, 4031, 3134, 3315, 202.7638, 128.2451, 341.5185, 52.25954, 130.0076, -187.2901, 244.4282, 124.6628, 304.4453, -2.748092, -10.22901, -3.259542],
[2211, 4095, 3942, 3119, 3696, 214.6349, 128.0625, 331.3864, -187.0687, -47.24428, 250.1298, 240.941, 126.7676, 306.4025, -9.671756, 15.14504, 5.267176],
[2174, 4079, 4059, 3207, 3327, 195.8921, 123.1106, 349.3311, 34.22901, 87.31298, -182.6031, 243.3859, 128.0944, 302.357, -14.06107, -13.22137, -2.832061],
[2245, 4095, 4016, 3199, 3687, 204.1944, 123.5547, 343.2349, -165.1298, -31.51908, 250.1298, 240.8253, 127.1961, 306.1074, -5.549618, 15.63359, 2.091603],
[2176, 4095, 4081, 3216, 3263, 193.9533, 124.7851, 350.0576, 59.56489, 75.64886, -143.3435, 241.5989, 126.858, 305.5691, -12.49618, -19.77863, -2.229008],
[2217, 4095, 4015, 3151, 3511, 215.6002, 125.0739, 333.1114, -138.084, -38.90076, 224.1908, 238.7193, 128.9291, 306.7204, 0.7480916, 18.37405, 3.633588],
[2166, 4051, 4069, 3092, 2727, 195.52, 117.6189, 351.5965, 80.63359, 62.15267, -218.9771, 243.4434, 127.9112, 302.4627, -9.969465, -14.37405, 5.687023],
[2210, 4095, 4067, 3051, 3071, 213.5428, 126.7405, 333.4698, -75.72519, -52.70992, 166.8779, 237.9046, 129.5182, 307.0197, -1.664122, 15.70229, 4.19084],
[2185, 4039, 4027, 3051, 2731, 183.7158, 115.5521, 358.1127, 3.312977, 81.15268, -90.45802, 243.9906, 125.9171, 303.7306, -20.16794, -12.53435, -5.030534],
[2215, 4095, 4039, 3043, 3007, 219.0658, 134.7227, 320.9831, -60.68702, -71.21374, 121.0229, 238.6442, 127.736, 307.9847, 8.824428, 10.73282, 8.610687],
[2137, 4095, 4095, 3007, 2640, 183.5033, 121.2569, 357.7527, 66.80916, 55.9084, -149.0076, 242.1151, 126.9403, 304.9019, -6.099236, -9.893129, -0.05343511],
[2225, 4095, 4031, 2987, 2993, 221.9212, 125.7433, 326.9126, -56.96947, -50.60306, 107.8855, 239.0915, 126.2894, 308.957, 7.923664, 11.15267, 7.572519],
[2133, 4070, 4023, 2977, 2576, 163.5045, 121.7227, 10.2638, 60.64122, 42.9313, -123.374, 242.7987, 128.5346, 302.6081, -13.0458, -7.984733, -0.7175572],
[2217, 4095, 3923, 2865, 2847, 213.3702, 136.3176, 325.1878, -37.01527, -63.16031, 83.67175, 240.6368, 126.9397, 306.5732, 0.9160305, 12.12977, 7.290076],
[2111, 3857, 3847, 2807, 2521, 159.2641, 113.9922, 9.4707, 39.30534, 43.99237, -136.374, 244.5778, 127.7309, 301.3335, -14.48855, -9.366412, 0.7557252],
[2135, 4095, 3953, 3091, 3226, 199.348, 176.3344, 280.01, -5.679389, -89.8397, 40.23664, 237.032, 125.0445, 312.5265, 1.198473, 31.41985, 21.65649],
[2202, 4095, 3863, 3231, 3251, 109.531, 106.4458, 39.69817, -3.923664, -7.740458, 7.030534, 248.6047, 119.8718, 304.042, -24.20611, -2.145038, 0.8396947],
[2060, 4095, 3890, 3121, 3166, 194.4599, 182.9012, 258.5799, 26.80916, -6.80916, -23.80153, 242.4409, 119.6581, 312.2525, 21.51908, 4.900764, 0.8167939],
[2199, 4095, 3919, 3317, 3247, 98.12573, 101.8499, 55.59334, 48.13741, 31.57252, -126.2137, 246.9915, 121.2199, 304.7649, -22.10687, -12.57252, -0.7022901],
[2128, 4095, 3951, 3270, 3363, 195.003, 172.2026, 296.6346, 4.648855, -69.35878, 72.58779, 236.6613, 119.5765, 318.9726, 27.60305, 17.16031, 4.969466],
[2177, 4095, 3951, 3431, 3437, 102.1825, 114.7872, 64.78554, -30.35115, 50.80153, -42.71756, 244.9088, 119.0362, 309.8889, -13.21374, -14.52672, 8.114504],
[2151, 4095, 3871, 3263, 3397, 190.2109, 169.343, 315.7462, -18.16794, -95.51908, 106.0763, 241.8082, 117.8246, 315.1865, 19.61832, 14.57252, 10.48092],
[2161, 4095, 3901, 3431, 3439, 147.8245, 120.7612, 20.44224, 25.59542, 180.1527, -221.8626, 246.0667, 117.8617, 309.7534, -0.9541985, -24.45038, 10.09924],
[2111, 4095, 3903, 3359, 3358, 204.7887, 159.1343, 309.2512, -10.19847, -154.8855, 156.9007, 243.9416, 117.8596, 312.5124, -13.26718, 26.29008, 11.00763],
[2147, 4095, 3859, 3455, 3462, 152.4123, 130.5174, 23.96227, 23.31298, 125.4046, -206.8168, 248.0749, 114.9344, 310.6051, -10.0458, -25.24427, 6.167939],
[2081, 4095, 3814, 3411, 3361, 220.4376, 152.1115, 301.6165, 55.50382, -168.9084, 113.9389, 246.4361, 115.3479, 312.3605, -10.0, 27.79389, 8.198473],
[2134, 4095, 3831, 3447, 3483, 191.8006, 132.5809, 348.9649, -14.08397, 228.1832, -185.4656, 249.4502, 115.2429, 308.2075, -16.59542, -24.38931, -1.312977],
[2121, 4095, 3775, 3327, 3337, 159.698, 121.4799, 12.66046, 3.48855, -184.6794, 202.145, 245.3941, 115.864, 313.0994, 27.8397, 37.34351, 7.061069],
[2096, 4095, 3775, 3173, 3287, 202.9336, 164.386, 303.1383, -40.92367, 151.5649, -90.89313, 248.1747, 112.8894, 313.1987, -5.91603, -19.07634, -15.1374],
[1554, 4083, 3615, 3141, 2882, 124.6753, 109.5257, 27.08687, -37.9771, -48.38932, 99.13741, 247.9189, 116.5842, 308.7587, 4.473282, 16.53435, -7.358778],
[1758, 4095, 3631, 2918, 2880, 210.1403, 170.1424, 286.4152, 35.29008, 28.28244, -23.24427, 245.8097, 113.2744, 315.963, 13.54198, -8.045801, -6.992366],
[1632, 4051, 3567, 3091, 2791, 117.9237, 108.388, 32.04271, 35.35878, 30.32061, -41.68703, 249.5183, 113.8997, 309.8397, -14.61832, 0.05343511, -0.2366412],
[1829, 4095, 3639, 3247, 2981, 196.1141, 164.2559, 313.9354, -24.81679, -91.09923, 107.6412, 246.9114, 113.8831, 313.6321, -4.114504, 5.465649, 6.312977],
[1978, 4095, 3691, 3346, 3135, 135.1325, 128.8151, 38.59966, -23.32061, 95.69466, -107.9771, 248.4942, 116.69, 307.8161, -12.79389, -12.98473, 8.328244],
[1854, 4095, 3549, 3375, 3179, 198.9656, 148.4495, 330.5147, 27.66412, -121.1603, 137.4198, 243.5756, 115.104, 316.4186, 11.50382, 32.20611, 4.824428],
[1947, 4095, 3779, 3499, 3397, 183.0817, 129.6432, 357.3089, -9.770992, 112.2366, -133.3664, 250.1369, 112.4182, 310.911, -30.63359, -20.63359, 3.89313],
[1985, 4095, 3606, 3461, 3447, 168.1595, 123.4636, 7.769407, -22.25954, -135.5038, 183.2977, 246.8079, 114.8082, 312.5495, 16.58779, 34.12977, 3.480916],
[1979, 4095, 3746, 3470, 3487, 211.1595, 163.0336, 296.5219, -9.068703, 147.5191, -179.3359, 250.5155, 111.1623, 312.12, -8.893129, -30.73282, -12.46565],
[1824, 4095, 3601, 3474, 3453, 116.6193, 103.6727, 25.86369, -13.75573, -67.8855, 88.61069, 249.6383, 114.1888, 309.2782, -2.687023, 22.52672, 2.625954],
[1906, 4095, 3775, 3391, 3463, 203.7273, 174.6217, 281.8052, 22.90076, 6.664122, -54.42749, 241.8577, 116.3197, 316.9786, 10.51908, -0.3282443, 6.862596],
[1995, 4095, 3695, 3483, 3413, 113.6041, 102.8663, 27.57249, -24.92367, 28.61832, -0.2290076, 250.3758, 113.6965, 308.7992, -15.19084, -4.671756, -0.7099237],
[1979, 4095, 3623, 3408, 3421, 200.7885, 156.2204, 318.9639, 48.68702, -121.7404, 85.9542, 245.2977, 115.2598, 314.0003, 7.923664, 16.51908, 6.587786],
[2047, 4095, 3813, 3419, 3408, 184.3576, 128.4937, 356.3948, 52.80916, 156.4733, -158.7939, 245.7985, 116.7019, 311.5149, -0.2137404, -22.80916, 7.816794],
[2143, 4095, 3711, 3443, 3343, 186.8481, 120.2635, 355.8675, 4.564886, -156.771, 154.9542, 246.5166, 114.6317, 313.1809, 6.114504, 36.15267, 9.641221],
[2085, 4095, 3999, 3527, 3494, 219.8751, 156.4899, 297.2869, 16.32825, 158.0687, -74.66413, 247.6945, 113.3837, 313.208, -17.44275, -22.25954, -12.12214],
[2199, 4095, 3765, 3503, 3383, 174.6522, 109.8615, 1.825694, -51.9771, -59.81679, 118.7786, 245.1292, 117.9917, 310.8312, 7.320611, 24.00763, 2.541985],
[2180, 4095, 3851, 3599, 3441, 212.0305, 168.5804, 287.6561, 14.90076, 52.68703, -48.0687, 243.9454, 114.6959, 316.4843, 3.534351, -12.12977, -7.183206],
[2219, 4095, 3695, 3621, 3259, 3.979397, 83.01929, 0.401836, 57.31298, -21.13741, -85.54198, 245.3438, 119.6496, 308.6262, -14.74809, 0.5954198, -0.03816794],
[2221, 4095, 3839, 3635, 3411, 193.6923, 144.9683, 340.6125, -10.55725, -101.4657, 86.41222, 245.8942, 113.6399, 315.3504, 7.748092, 11.41221, 10.66412],
[2273, 4095, 4051, 3697, 3335, 200.6954, 112.0004, 351.1859, -5.763359, 129.1374, -118.5573, 244.8315, 117.7959, 311.4511, -13.49618, -22.74046, 4.396946],
[2231, 4095, 3861, 3663, 3341, 232.6435, 113.5348, 330.0621, -67.48855, -124.1298, 148.8473, 246.7896, 113.6122, 314.1672, -1.061069, 27.58015, 1.458015],
[2238, 4095, 4071, 3650, 3437, 225.1203, 163.7238, 286.0226, 31.50382, 127.4427, -128.9466, 245.0091, 114.5353, 315.3257, -16.83969, -25.64886, -10.0687],
[2235, 4095, 3779, 3515, 3231, 86.65, 89.10667, 13.80595, -14.09924, -21.70229, 18.29008, 242.3197, 119.8697, 312.1558, 12.28244, 18.63359, 5.740458],
[2165, 4095, 3909, 3505, 3355, 227.5638, 157.1314, 290.893, 0.870229, -66.75572, 55.01527, 242.2723, 115.3861, 317.6614, -1.038168, 10.55725, 0.4580153],
[2262, 4095, 3985, 3603, 3442, 159.3093, 104.8044, 5.619023, 80.8626, 45.8168, -166.5954, 244.3442, 118.5729, 311.1521, -11.9542, -27.60305, 5.610687],
[2239, 4095, 3883, 3503, 3391, 229.9025, 132.5916, 312.263, -53.34351, -128.2595, 143.2519, 241.9381, 117.2907, 315.6796, -6.419847, 26.03817, 5.526718],
[2099, 4095, 4035, 3445, 3455, 224.2803, 127.0953, 323.3745, 22.64886, 193.0382, -163.855, 245.4576, 115.493, 313.4888, -19.35114, -25.75573, 1.206107],
[2229, 4095, 3798, 3527, 3335, 33.15405, 85.86452, 2.5664, -31.8855, -109.458, 127.2977, 244.0518, 116.7418, 313.7384, 14.74809, 37.63359, 0.1068702],
[1950, 4095, 3927, 3407, 3471, 217.9131, 163.691, 290.3724, 51.9542, 7.251908, -65.96947, 239.2139, 116.1746, 320.2258, 16.80916, -5.015267, 5.549618],
[2214, 3999, 3647, 3431, 3311, 73.65881, 85.09673, 16.03439, -46.71756, -3.328244, -9.748092, 247.5185, 116.5231, 309.3936, -12.00763, -0.6717557, -8.824428],
[2148, 4095, 3878, 3447, 3461, 219.9038, 152.3029, 301.8932, -34.70992, -94.93894, 122.7099, 243.0987, 114.0521, 318.3937, 18.80153, 10.38931, 3.175573],
[2192, 4095, 3851, 3575, 3471, 152.2028, 110.0498, 10.81176, -26.64886, 163.1679, -187.3282, 246.8104, 116.0157, 311.0013, -5.70229, -19.27481, 7.603054],
[2192, 4095, 3601, 3327, 3354, 224.6807, 126.0599, 324.0235, -90.87787, -137.7939, 194.0534, 243.8838, 115.9351, 314.9636, -9.832061, 26.35878, 6.21374],
[2198, 4095, 3839, 3411, 3182, 154.9436, 101.0606, 5.152063, -25.44275, -102.7099, 190.5725, 241.6727, 125.5127, 306.8301, 19.05343, 41.41984, 7.358778],
[2179, 4095, 3967, 3335, 3222, 218.5064, 157.9647, 296.739, 13.38931, 82.95421, -158.7862, 240.0004, 121.3098, 313.2613, -5.08397, -19.0687, -6.251908],
[2224, 4055, 3963, 3517, 3309, 144.3608, 103.2729, 9.542163, -15.03054, -77.13741, 161.6641, 241.5061, 124.9529, 307.5943, 2.343511, 27.46565, 0.9160305],
[2175, 4095, 4063, 3399, 3459, 216.1144, 157.144, 299.7824, 28.83206, 64.29771, -156.2519, 239.3444, 123.2045, 311.9229, 8.557252, -13.8397, -4.351145],
[2183, 4039, 3855, 3507, 3312, 122.8633, 105.3571, 22.99457, -19.68702, -24.61832, 139.7405, 246.1948, 123.8158, 303.1278, -4.770992, 20.92366, -2.816794],
[2173, 4095, 4059, 3509, 3504, 229.0279, 159.4422, 287.8547, 4.961832, 35.92366, -98.05344, 242.052, 121.8396, 310.2628, -16.13741, -4.0, -0.7328244],
[2197, 3975, 3799, 3655, 3397, 103.9361, 98.65449, 31.52717, -51.05344, -28.07634, 124.1832, 245.8217, 126.2276, 301.2676, -15.17557, 20.93893, 0.1603053],
[2256, 4095, 4015, 3567, 3563, 218.4835, 172.5318, 279.1706, 47.25954, 31.65649, -121.1221, 237.2791, 123.9688, 313.4038, -0.3587786, -4.167939, 1.946565],
[2223, 4011, 3839, 3723, 3435, 107.0934, 98.93331, 27.08633, -9.862596, -7.549618, 58.84733, 248.6119, 124.6991, 299.2581, -22.93893, 8.656488, -1.664122],
[2238, 4095, 4039, 3467, 3579, 213.0325, 170.8599, 283.6728, 54.85496, -2.007634, -104.6107, 235.4808, 126.8606, 312.2994, 13.42748, -6.312977, 1.961832],
[2224, 3951, 3839, 3431, 3287, 111.5663, 103.8578, 31.93358, -54.59542, 28.14504, 65.8168, 242.7895, 127.1597, 303.9204, -1.412214, 6.59542, -4.633588],
[2217, 4095, 4063, 3107, 3439, 220.8905, 161.2981, 291.1422, -32.03053, 26.45802, -2.763359, 242.4407, 122.0134, 309.6071, -9.305344, -9.175572, 1.022901],
[2202, 3879, 3807, 3215, 3085, 101.2611, 94.24457, 20.58115, -33.08397, -25.53435, 43.69466, 245.6127, 128.7205, 299.2623, -10.61832, 11.07634, -4.068702],
[2241, 4095, 3967, 3098, 3261, 216.3795, 154.6365, 302.5256, -29.67175, 8.755725, 40.09923, 244.7028, 121.4976, 307.3952, -8.045801, -1.450382, 0.2824428],
[2213, 3909, 3711, 3143, 3071, 123.8268, 99.26115, 13.66604, -39.20611, 23.22138, 58.69466, 243.7649, 127.5057, 302.4756, 6.40458, 10.96183, 1.977099],
[2391, 4095, 4075, 2938, 3327, 237.3311, 166.1155, 278.8584, -21.24428, 3.229008, -60.58015, 243.1941, 120.3888, 310.4961, 6.572519, -7.687023, -5.687023],
[2235, 3815, 3605, 3231, 3088, 126.5938, 101.4081, 15.17937, -2.564885, -9.755725, 49.19847, 245.5415, 126.2902, 301.5424, -2.007634, 17.03817, -4.183206],
[2274, 4095, 3907, 3151, 3327, 229.8885, 163.5773, 283.7708, -34.76336, 24.54199, 0.1526718, 241.6209, 121.0442, 311.6603, 7.580153, -0.7938931, -6.870229],
[2231, 3895, 3771, 3343, 3231, 110.1227, 97.57573, 19.98356, -33.48855, 18.99237, 62.36641, 247.0488, 122.8911, 302.9724, 2.40458, 17.26718, -7.694656],
[2217, 4091, 3903, 3095, 3099, 231.1053, 164.5914, 282.3676, -26.28244, -13.49618, 0.4885496, 243.7581, 119.7139, 310.5652, 8.053435, -0.2442748, -4.725191],
[2276, 3887, 3743, 3255, 3121, 115.7268, 98.23568, 16.73391, -28.0229, -16.03817, 59.58779, 246.1865, 123.8613, 303.0931, 1.679389, 9.244275, 0.05343511],
[2269, 4095, 3953, 2929, 3147, 231.4988, 174.9802, 273.8528, 25.85496, 30.84733, -39.73283, 241.4067, 121.6092, 311.2839, -17.19847, -5.61832, -2.648855],
[2223, 3831, 3630, 3087, 2967, 100.5132, 97.56198, 35.57255, -24.76336, -10.94656, 80.52672, 247.4453, 123.8123, 301.5634, -4.80916, 14.40458, -9.687023],
[2371, 4063, 3839, 3023, 3019, 226.429, 170.3113, 279.0562, -2.396947, 21.67176, -61.54199, 239.2084, 121.4148, 314.0512, 22.8397, -13.10687, -7.984733],
[2241, 3857, 3670, 3139, 2806, 88.24698, 88.13516, 46.7706, -51.60306, 1.938931, 58.34351, 247.1885, 122.1364, 303.5564, -10.99237, 1.122137, -5.984733],
[2427, 4095, 3959, 3062, 3281, 237.0532, 158.4832, 284.168, 1.641221, 16.81679, -25.65649, 251.0027, 114.4433, 306.8531, -43.66413, -0.9083969, -6.312977],
[2231, 3675, 3583, 3071, 2929, 116.7053, 99.0857, 17.64052, -55.61832, -6.366412, 92.57252, 243.4009, 125.1635, 305.1681, 13.9084, 22.35878, -4.824428],
[2261, 3921, 3600, 2923, 3053, 222.4716, 167.0915, 283.8648, 8.847328, 29.35878, -69.41985, 242.7029, 119.689, 311.8975, -2.351145, -14.16031, -2.305344],
[2192, 3791, 3559, 2989, 2796, 68.86861, 83.75477, 15.57911, -28.56489, -16.71756, 47.70229, 246.9541, 124.1941, 301.8123, 0.129771, 10.9542, -4.938931],
[2311, 4095, 3671, 2947, 3043, 226.7677, 164.9724, 283.9845, -8.488549, 3.755725, 7.312977, 243.3511, 119.242, 311.617, 5.748092, -3.709924, 0.3053435],
[2224, 3767, 3583, 3183, 2967, 108.1433, 93.50181, 10.68528, 20.05343, 3.167939, 10.1145, 246.6322, 125.2537, 301.201, 7.022901, 5.274809, -2.198473],
[2305, 4095, 3696, 2993, 3183, 231.5298, 175.5931, 273.3616, 26.59542, -16.0687, -61.20611, 236.2536, 124.0279, 314.4594, 15.9313, -0.389313, -0.09160305],
[2215, 3791, 3487, 3151, 3094, 146.8893, 102.9744, 8.484703, -20.9542, 9.931297, 18.64122, 244.6444, 124.4213, 304.4259, -7.458015, 5.198473, -4.717557],
[2179, 4087, 3653, 3199, 3323, 226.5463, 158.3536, 290.411, 5.305344, -23.16794, -6.374046, 242.8869, 120.1811, 311.1084, 6.954198, 2.473282, -0.5496183],
[2238, 3923, 3601, 3239, 3237, 102.7421, 100.2803, 38.68702, 6.366412, 39.09924, -67.0458, 247.0365, 126.0542, 299.9691, -23.65649, -11.43512, -3.48855],
[2359, 4063, 3775, 3101, 3519, 224.0676, 163.7367, 286.5789, -2.549618, -75.86259, 102.5649, 235.4204, 123.3055, 316.1385, 20.13741, 2.664122, 2.709924],
[2263, 3775, 3570, 3207, 3249, 117.4428, 101.7856, 21.87491, -78.48092, 32.65649, 75.8855, 241.0075, 126.5978, 306.4968, 4.969466, 11.25191, -0.9312977],
[2176, 3686, 3511, 3199, 3357, 230.0337, 165.2724, 282.2543, -18.03053, 8.091603, 27.35115, 242.1791, 119.4631, 312.7962, 10.00763, -8.839695, -6.145038],
[2247, 3871, 3695, 3325, 3311, 50.1993, 79.18046, 12.7661, -93.12214, -19.54198, 103.0992, 241.9147, 126.1035, 305.9574, 7.015267, 19.61069, -0.6335878],
[2261, 4075, 3743, 3263, 3442, 241.0028, 164.3573, 278.6785, -33.41985, 14.45802, -52.19848, 244.9625, 118.4483, 310.5062, -18.26718, -4.274809, -0.5801527],
[2259, 3855, 3635, 3359, 3335, 124.2822, 106.6397, 23.6307, -110.0305, 66.90076, 176.9924, 244.6002, 119.1165, 310.1909, 28.35114, 33.10687, 5.664122],
[2183, 3931, 3509, 3227, 3365, 235.2199, 169.0952, 277.4738, 9.259542, 68.18321, -139.0458, 244.2649, 117.0446, 313.0926, -22.32825, -22.72519, -17.55725],
[2269, 3851, 3622, 3323, 3327, 74.51394, 84.28633, 19.59717, -25.16794, -51.90076, 103.0534, 243.2818, 126.1874, 304.2957, 7.854962, 30.77099, 1.610687],
[2204, 4095, 3967, 3283, 3639, 231.9177, 172.2313, 275.953, 62.37405, 24.61832, -103.5573, 238.8138, 121.2456, 314.689, -2.015267, -6.694656, -5.206107],
[2198, 3733, 3600, 3263, 3150, 199.9842, 99.81753, 356.2877, -36.75573, -9.175572, 111.4885, 242.0836, 126.419, 305.4503, -3.450382, 19.58779, 2.862595],
[2137, 3807, 3408, 2899, 2897, 230.1493, 166.3498, 281.2919, 13.60305, 108.4656, -100.1985, 244.049, 117.7724, 312.4813, -20.87023, -20.47328, -17.76336],
[2223, 3823, 3511, 2999, 2927, 1.429514, 74.01794, 0.3419308, -29.34351, -87.9313, 59.05344, 244.5236, 123.4148, 305.5938, 10.90076, 16.80153, -4.80916],
[2211, 3783, 3461, 3027, 2957, 233.7988, 146.9627, 295.2562, -39.31298, -19.91603, -18.01527, 246.8862, 116.0679, 310.8318, -26.1603, -0.3435115, -4.167939],
[2337, 3871, 3551, 3067, 3437, 223.8877, 157.2111, 293.3882, -71.0458, -116.0, 158.2748, 240.4857, 122.1355, 311.7809, 9.114504, 16.08397, 9.297709],
[2224, 3631, 3454, 3123, 3327, 169.3678, 126.513, 7.785336, 13.22901, 160.6031, -218.8092, 241.2388, 126.5996, 306.2332, 2.770992, -35.9542, -0.6030535],
[2285, 3850, 3583, 3111, 3431, 231.1249, 143.0335, 301.037, -14.22137, -179.8321, 195.603, 240.3744, 125.7643, 308.0558, -14.27481, 34.38931, 11.87023],
[2214, 3623, 3507, 3071, 3307, 126.0663, 108.1035, 24.12523, -36.90077, 128.9695, -186.2519, 244.2073, 128.102, 301.4171, -25.54199, -34.46565, 6.534351],
[2231, 3895, 3583, 3037, 3391, 220.2652, 145.5796, 308.7456, -26.39695, -140.2595, 198.2824, 242.0878, 126.6425, 305.2251, 0.4580153, 35.40458, 13.24427],
[2294, 3511, 3357, 2878, 3314, 183.5699, 122.4851, 357.6034, -49.82443, 199.2595, -250.1374, 247.64, 125.8313, 299.4376, -29.30534, -37.96947, -8.145039],
[2213, 3939, 3559, 2983, 3311, 172.1663, 105.5386, 2.089673, 93.83969, -249.916, 164.8244, 241.1922, 126.2326, 306.6533, 40.00763, 37.14504, 12.80916],
[2350, 3811, 3583, 2981, 3506, 213.5534, 157.9215, 301.2058, 4.221374, 194.9618, -171.5649, 240.2941, 124.3231, 309.6442, -3.526718, -27.76336, -12.09924],
[2241, 3742, 3603, 2903, 3103, 111.7071, 101.8531, 27.78127, -89.12214, -46.62595, 250.1298, 241.5002, 127.8269, 304.7344, 12.9771, 47.48855, 9.824428],
[2359, 3455, 3293, 2803, 3152, 229.6932, 160.0397, 286.9409, 37.92367, 125.229, -156.8855, 244.0071, 120.9034, 308.9144, -25.38931, -31.58779, -12.80916],
[2262, 3683, 3487, 2845, 2959, 95.23477, 93.32144, 32.49882, -83.80153, -78.14504, 174.1221, 245.8703, 127.2571, 300.2658, 24.32825, 34.0916, 1.977099],
[2301, 3603, 3379, 2747, 2895, 215.0973, 151.5794, 307.3604, 18.23664, 40.83206, -179.1298, 241.3703, 123.2703, 309.5173, 25.9771, -17.03053, -4.152672],
[2263, 3727, 3562, 2877, 2926, 85.67693, 86.21312, 41.03648, -20.84733, -61.98473, 131.6641, 242.4345, 131.2863, 300.5112, 18.85496, 35.32824, -15.68702],
[2259, 3895, 3440, 2771, 2947, 222.4095, 172.2651, 278.2796, -36.32061, -17.25191, 18.60305, 240.9565, 122.177, 311.1865, 1.29771, 11.90076, 6.984733],
[2263, 3697, 3537, 2907, 2838, 81.28476, 82.16058, 41.8103, -16.29771, 31.94657, -31.24428, 244.5194, 127.8154, 301.323, -12.25954, -9.748092, -5.709924],
[2191, 3573, 3538, 2767, 2847, 212.6708, 157.1864, 303.0155, -23.22138, -92.54199, 93.12214, 241.3135, 123.8692, 308.9472, 13.27481, 20.25954, 26.41985],
[2221, 3583, 3443, 2867, 2782, 132.6177, 115.029, 26.83784, 31.38931, 102.4733, -195.9542, 243.9921, 126.6365, 303.0359, -39.16031, -53.9313, 17.22137],
[2207, 3790, 3557, 2813, 2833, 215.4298, 129.4692, 329.4276, 2.725191, -170.7557, 191.4962, 244.7711, 124.945, 303.7537, 3.931298, 45.33588, 9.091603],
[2149, 3487, 3443, 2655, 2737, 191.0903, 129.3589, 350.7106, 33.68702, 207.1985, -171.3893, 245.0587, 124.242, 304.1022, -7.450382, -35.72519, -8.0],
[2249, 3839, 3495, 2795, 2791, 169.6319, 104.9763, 2.705405, -38.61069, -167.5572, 234.0687, 244.3266, 123.542, 305.7032, 24.36641, 51.61069, 3.89313],
[2135, 3447, 3279, 2535, 2463, 219.6659, 133.7929, 321.2942, -20.26718, 181.9542, -207.3282, 244.6899, 121.7967, 307.089, -43.51909, -44.26717, -10.0916],
[2223, 3666, 3399, 2677, 2517, 239.6488, 98.57121, 345.3208, -58.63359, -160.1374, 180.3435, 239.6831, 129.6138, 305.0142, 21.46565, 36.31298, 8.183207],
[2255, 3806, 3443, 2706, 2667, 217.9486, 151.0652, 305.1013, -54.61832, 154.1145, -165.1527, 241.3559, 123.0026, 309.8213, -19.86259, -23.9084, -6.572519],
[2217, 3699, 3423, 2722, 2507, 79.72674, 84.625, 27.16933, -8.076336, -111.6107, 158.916, 241.5204, 127.0166, 305.5017, 36.94656, 38.21374, 5.541985],
[2166, 3599, 3263, 2490, 2509, 222.7701, 164.8302, 286.1407, -29.14504, 53.67176, -62.28244, 242.8038, 120.4942, 310.8548, -1.816794, -12.12977, -11.52672],
[2241, 3671, 3387, 2783, 2555, 75.24876, 76.88337, 41.40005, -33.37405, 5.603054, 13.77863, 242.2847, 128.3074, 303.3968, -14.51145, 2.885496, -4.419847],
[2224, 3583, 3227, 2479, 2439, 230.2835, 161.2418, 285.5771, -76.67175, -54.20611, 136.0305, 244.3932, 119.0874, 310.4882, 2.80916, 11.90076, 6.961832],
[2218, 3317, 3275, 2591, 2407, 87.35695, 88.87473, 22.03342, 2.610687, 83.32061, -91.12214, 243.0242, 129.9684, 301.0461, -7.335878, -26.67939, 3.480916],
[2245, 3655, 3280, 2612, 2521, 225.2567, 135.5905, 313.9288, 24.24428, -127.9084, 106.7328, 243.5124, 123.2988, 306.9422, 15.50382, 23.75573, 18.12977],
[2189, 3503, 3216, 2544, 2494, 150.9737, 108.9369, 10.70393, 44.43511, 134.3282, -216.0229, 241.091, 126.6366, 306.3637, -8.061069, -43.12214, 1.778626],
[2190, 3583, 3275, 2599, 2460, 173.6989, 111.7172, 2.406098, -24.68702, -170.3359, 240.1374, 242.3792, 126.6841, 304.8511, 11.10687, 52.9542, 14.99237],
[2190, 3571, 3219, 2627, 2559, 220.9069, 132.1139, 321.7088, 19.0687, 192.2519, -217.4504, 246.5095, 120.4187, 306.2555, -44.63359, -38.9542, -12.80153],
[2235, 3735, 3339, 2683, 2544, 222.0066, 103.7653, 347.3843, -0.6717557, -151.4809, 177.9389, 240.1021, 126.1128, 308.0074, 15.38931, 38.80916, 4.603054],
[2245, 3526, 3217, 2643, 2673, 222.5655, 149.5382, 302.4142, -19.0458, 178.9084, -169.084, 243.5068, 120.7074, 309.7525, -12.16794, -29.49618, -8.534351],
[2238, 3761, 3355, 2704, 2647, 57.88436, 78.01658, 18.52402, -5.679389, -124.3359, 111.5572, 242.7415, 126.8763, 304.2489, 27.0, 38.92366, 2.473282],
[2245, 3727, 3216, 2736, 2806, 219.4075, 170.2368, 281.6327, 17.53435, 89.8168, -54.25954, 241.1233, 120.0379, 313.3945, 13.56489, -17.8626, -16.80916],
[2271, 3445, 3131, 2767, 2714, 75.52539, 75.78807, 44.36182, -7.969466, 46.17557, -30.22137, 247.1942, 119.3132, 306.5695, -46.57252, -8.412213, -3.564885],
[2223, 3711, 3291, 2797, 2687, 222.5513, 138.7031, 313.5137, -1.343511, -109.855, 147.4275, 243.4568, 121.4654, 308.9743, 11.55725, 14.27481, 0.2290076],
[2239, 3703, 3215, 2782, 2815, 234.8379, 125.1495, 314.7795, 25.50382, 142.7328, -199.6183, 243.4233, 121.4894, 308.9891, -19.38168, -31.85496, -4.78626],
[2256, 3775, 3239, 2801, 2743, 120.5575, 93.58004, 6.080013, -20.18321, -100.5267, 154.1908, 242.3855, 123.8743, 307.6853, 24.70992, 40.32061, 15.32824],
[2311, 3775, 3150, 2874, 2935, 231.9032, 156.6843, 288.4875, 18.37405, 49.23664, -123.2519, 240.9127, 119.2634, 314.5419, 1.961832, -24.08397, -22.38168],
[2291, 3851, 3255, 2785, 2758, 88.57287, 89.38713, 21.38566, -39.20611, 15.41985, 55.40458, 248.5299, 123.0129, 300.9449, 3.885496, 13.9771, 4.19084],
[2170, 4095, 3158, 2759, 2843, 217.3359, 163.3159, 291.2299, -45.70229, -13.9084, 29.20611, 239.9795, 120.5819, 314.1086, 9.343512, 7.519084, 7.29771],
[2271, 3927, 3167, 2695, 2645, 67.72464, 76.81744, 29.6116, 11.33588, 96.22901, -101.4198, 242.4156, 128.2194, 303.3331, -17.77099, -17.49618, 0.9541985],
[2240, 4095, 3135, 2559, 2526, 226.7658, 145.2144, 302.9324, -86.29771, -136.4733, 175.9237, 239.8608, 122.3503, 312.2659, -0.1603053, 26.80916, 10.9084],
[2281, 3933, 3106, 2548, 2405, 335.3569, 86.53155, 358.3863, 12.44275, 158.7939, -117.7176, 245.5636, 123.4878, 304.2394, -28.27481, -26.43512, 1.641221],
[2289, 4095, 3237, 2611, 2479, 212.0213, 135.4926, 327.317, -214.3206, -166.8092, 228.5114, 242.5583, 123.31, 308.0735, 0.9007633, 26.34351, 7.473282],
[2256, 3967, 3191, 2640, 2526, 237.7641, 124.4727, 312.3295, 172.2061, 100.8473, -250.1374, 244.6929, 122.9308, 305.8867, -0.480916, -34.41985, -1.381679],
[2123, 3799, 3443, 3055, 3123, 222.7216, 142.5926, 309.4051, 28.25954, -214.7023, 179.6794, 240.289, 132.7476, 301.4716, -5.969466, 26.14504, 20.81679],
[2192, 3501, 3453, 3182, 3222, 121.8786, 107.4577, 26.77816, -2.038168, 181.9542, -250.1374, 242.024, 138.358, 295.0803, -28.41985, -44.35115, -2.480916],
[2175, 3787, 3441, 3057, 3152, 218.4228, 129.8255, 326.3005, 2.625954, -156.8626, 226.8321, 241.8754, 129.8468, 302.4135, -11.12214, 35.70992, 13.15267],
[2263, 4095, 3383, 3085, 3142, 236.639, 124.9661, 313.038, 32.16031, 174.9542, -250.1374, 244.203, 132.7281, 297.4095, -38.0916, -50.82443, -6.519084],
[2173, 4083, 3327, 3024, 3027, 201.3737, 132.689, 339.9597, 2.984733, -129.4657, 235.4275, 241.7878, 133.7822, 299.0252, -7.969466, 35.78626, 15.09924],
[2221, 3911, 3355, 3165, 3171, 197.8598, 125.4341, 346.9256, -10.83969, 139.0229, -242.3969, 246.0189, 131.3198, 296.6241, -29.73283, -36.61069, -8.793893],
[2143, 4095, 3399, 3023, 3005, 187.4887, 131.6468, 353.1788, 11.36641, -148.3206, 225.2901, 241.4529, 130.7384, 302.0551, 16.33588, 37.70229, 14.40458],
[2170, 3927, 3423, 3107, 2987, 191.661, 126.7259, 351.0966, -52.30535, 225.9466, -250.1374, 246.4064, 130.8135, 296.6118, -24.27481, -40.89313, -5.38168],
[2140, 4063, 3503, 2934, 2790, 196.9934, 122.5999, 348.7899, 6.748092, -218.6412, 214.1832, 241.7281, 133.7954, 299.075, -14.8397, 33.8397, 15.91603],
[2189, 4051, 3342, 3050, 2978, 208.7392, 142.1061, 324.6019, -62.8855, 228.1832, -250.1374, 246.2859, 130.1908, 297.2547, -24.32825, -45.19847, -10.8626],
[2181, 4095, 3427, 2999, 2847, 167.4688, 123.6926, 8.310439, 68.8626, -240.6183, 217.1527, 242.9568, 131.3118, 299.9297, 18.39695, 35.20611, 17.18321],
[2165, 3875, 3347, 2990, 2929, 212.8293, 170.3229, 284.5765, -30.54199, 157.9237, -175.9695, 243.2565, 128.3741, 302.2431, -31.23664, -25.9313, -16.54962],
[2191, 3967, 3395, 2935, 2695, 103.2876, 101.5277, 40.753, -11.60305, -88.78627, 211.084, 242.145, 139.2853, 294.2575, 28.05343, 37.14504, -2.152672],
[2204, 3851, 3303, 2991, 2851, 223.2013, 180.4081, 269.4124, -22.32061, 87.67176, -153.9771, 238.4486, 128.9891, 306.9539, 10.40458, -18.81679, -20.01527],
[2219, 3823, 3313, 2923, 2531, 98.08369, 98.60177, 46.69838, 15.92366, -39.8168, 94.68702, 241.5045, 139.3063, 294.8249, -12.59542, 26.58779, -0.3969466],
[2237, 4095, 3171, 2943, 2831, 214.433, 179.5599, 270.4552, -4.503817, 15.1374, -65.49619, 234.2907, 131.8583, 308.5157, 25.60305, -7.183206, -0.09160305],
[2256, 4003, 3153, 2839, 2579, 96.14717, 97.50698, 50.58457, -42.25954, 14.63359, 61.19084, 242.0425, 138.1516, 295.2232, -28.03817, 2.068702, -8.40458],
[2271, 4095, 3211, 2992, 2967, 217.7306, 170.9507, 281.4303, 2.610687, -75.64886, 70.85496, 236.1821, 135.4569, 303.1796, 24.58779, 12.22901, 10.83969],
[2234, 4095, 3198, 2930, 2695, 110.6919, 114.914, 50.77823, -33.0916, 50.96183, -28.51908, 240.8419, 139.6642, 295.1497, -11.80153, -5.320611, -4.938931],
[2288, 4095, 3153, 3027, 3011, 227.3803, 172.5036, 276.743, 1.78626, -57.63359, 58.79389, 234.1453, 134.1998, 306.3967, 20.53435, 15.27481, 13.67176],
[2225, 3871, 3111, 2879, 2717, 112.4147, 112.6218, 45.20387, -6.366412, 34.47328, -76.00764, 244.9901, 137.5425, 292.9179, -33.37405, -17.79389, -3.969466],
[2306, 4095, 3158, 3059, 3143, 228.9154, 164.9673, 283.0049, 48.00764, -80.77863, 86.62596, 240.1599, 130.5395, 303.6258, 15.0916, 15.19084, 10.28244],
[2239, 3767, 3231, 2975, 2754, 124.2224, 117.8139, 37.72053, -36.83206, 41.41222, -87.46566, 243.6826, 136.3998, 295.0179, -2.473282, -4.526718, 4.564886],
[2309, 4095, 3199, 3011, 3151, 229.8902, 164.3154, 283.1358, 19.30534, -68.23664, 88.42749, 240.2951, 129.2276, 304.7193, 11.76336, 16.14504, 13.0916],
[2239, 3823, 3187, 2827, 2615, 115.9469, 114.6903, 43.29118, -50.45802, 53.8855, -57.98473, 245.9923, 135.4803, 293.4511, -34.54199, -10.77099, -5.480916],
[2314, 4095, 3339, 2919, 3158, 230.3007, 154.0288, 291.8255, 35.03053, -79.12977, 44.43511, 240.3958, 128.4055, 305.4006, 21.29008, 10.84733, 7.954198],
[2256, 3728, 3211, 2703, 2382, 119.6736, 116.7482, 41.41325, -36.0687, 30.20611, -41.79389, 242.7427, 135.3151, 296.7937, -14.26718, -13.50382, -2.19084],
[2288, 4095, 3327, 2366, 2154, 219.1583, 150.2723, 304.8096, -3.244275, -74.51908, 55.15267, 241.5746, 128.2537, 304.2408, 8.992367, 7.465649, 9.175572],
[2273, 3837, 3439, 2403, 2086, 111.0174, 104.309, 33.53617, -40.85496, 13.53435, 26.32825, 244.2947, 135.3837, 295.2016, -5.122138, 7.603054, -3.633588],
[2357, 4095, 3344, 2327, 2310, 219.9176, 155.4982, 298.3572, 1.946565, -46.03054, 28.28244, 243.2608, 129.3734, 301.3221, 4.908397, 7.40458, 10.98473],
[2230, 3505, 3377, 2439, 2219, 137.0386, 109.9983, 18.6617, -39.25954, 43.61832, -7.59542, 243.82, 135.0525, 295.9316, -6.030534, 2.099237, -1.259542],
[2429, 4095, 3421, 2608, 2599, 221.916, 157.886, 294.1407, 0.07633588, -46.27481, 25.35115, 241.2601, 129.2014, 303.6884, 14.0458, -0.6564885, 2.305344],
[2242, 3301, 3323, 2602, 2224, 111.7205, 109.6192, 41.74509, -17.61832, 31.59542, -46.60306, 244.5888, 135.5675, 294.7701, -28.96947, -4.038168, -3.21374],
[2382, 4095, 3383, 2625, 2469, 221.869, 154.7438, 297.5438, 33.23664, -79.12977, 28.51145, 240.1438, 130.9007, 303.3067, 21.41222, 16.81679, 14.43511],
[2225, 3421, 3355, 2631, 2214, 132.2451, 111.4797, 23.36586, -24.62595, 103.7405, -96.25191, 243.0061, 134.2288, 297.4122, -22.71756, -13.75573, -0.2442748],
[2414, 4095, 3483, 2659, 2465, 223.2045, 139.3472, 312.2115, -8.931297, -76.80916, 151.7633, 239.4095, 131.454, 303.5713, 6.938931, 14.51908, 7.961832],
[2213, 3421, 3437, 2545, 2267, 155.7204, 118.9683, 13.92631, -15.28244, 76.70229, -111.3206, 244.2291, 131.6568, 298.2722, -27.70992, -14.82443, 2.305344],
[2329, 4095, 3367, 2653, 2519, 219.7006, 128.8477, 326.0154, 0.1755725, -57.90077, 153.7863, 241.3657, 131.4269, 301.5254, 10.15267, 15.40458, 3.847328],
[2133, 3511, 3319, 2475, 2278, 208.289, 130.4193, 335.177, 9.610687, 112.8473, -190.3969, 240.6786, 133.8826, 300.0705, -18.03817, -19.36641, 4.465649],
[2245, 4016, 3237, 2531, 2417, 218.4212, 115.3109, 339.25, -60.89313, -71.23664, 210.2748, 241.9704, 134.0916, 298.5774, 7.374046, 27.70992, 5.671756],
[2118, 3495, 3193, 2480, 2273, 219.7658, 138.8322, 316.1934, 35.61832, 77.13741, -169.6336, 241.7439, 130.2575, 302.1799, -7.19084, -15.67939, 1.167939],
[2164, 3631, 3127, 2413, 2162, 197.7542, 99.21224, 356.9211, -56.32061, -38.77863, 157.0076, 240.459, 134.0509, 300.1474, 8.709924, 16.85496, 0.4503817],
[2128, 3558, 3207, 2517, 2233, 213.9092, 139.9447, 321.1291, 56.96184, 7.122138, -204.3969, 243.6443, 126.8327, 303.2519, 0.1145038, -11.49618, -6.312977],
[2187, 3839, 3131, 2651, 2321, 198.2168, 102.4102, 355.7453, -68.08397, -47.98473, 161.6107, 240.3968, 132.729, 301.3765, 11.70992, 23.34351, 1.10687],
[2207, 4031, 3287, 2480, 2415, 224.208, 149.3745, 301.1078, 21.29008, 50.87786, -132.3053, 242.9213, 127.3777, 303.561, -14.54962, -10.81679, 1.954198],
[2199, 3839, 3007, 2575, 2246, 101.5704, 94.09431, 19.4155, -41.09924, -12.47328, 85.19084, 241.8858, 134.5385, 298.2881, 0.9770992, 19.03053, -6.610687],
[2180, 3922, 3127, 2802, 2805, 213.5007, 147.6057, 313.5492, -0.5725191, -33.20611, -38.1145, 239.353, 129.5603, 305.4222, 4.91603, 1.618321, 3.633588],
[2192, 3799, 2950, 3153, 2643, 88.75916, 89.36919, 25.19359, -47.0229, 36.73283, 34.25191, 242.1916, 133.2449, 299.0679, -4.954198, 9.068703, -3.954198],