[1946, 4095, 2169, 1983, 1911, 269.8771, 269.8028, 247.6531, -4.656488, 3.778626, -0.9160305, 195.3409, 101.9007, 356.5847, -3.80916, -0.1984733, 1.381679],
[1941, 4095, 2191, 1974, 1911, 270.8092, 271.9203, 246.083, -2.229008, 5.435114, 0.5496183, 199.2072, 101.5829, 355.8028, -4.694656, 0.3435115, 1.061069],
[1936, 4095, 2186, 1977, 1900, 270.8747, 272.1058, 246.4472, -1.992366, 2.916031, 1.0, 196.4831, 101.8928, 356.3257, -3.503817, 2.0, 2.19084],
[1956, 4095, 2187, 1968, 1909, 270.7397, 271.8575, 247.1284, -4.030534, 0.9541985, -0.6259542, 195.3176, 101.7241, 356.6406, -2.450382, 1.038168, 2.450382],
[1979, 4095, 2187, 1968, 1903, 269.9679, 270.0222, 247.1621, -4.198473, 4.396946, -1.435114, 198.4675, 102.1425, 355.7775, -2.396947, 1.877863, 2.076336],
[1968, 4095, 2179, 1985, 1915, 270.2883, 270.7734, 246.8635, -5.022901, 2.015267, -0.6259542, 196.0161, 102.1943, 356.3422, -2.984733, 2.343511, 0.961832],
[1951, 4095, 2179, 1983, 1917, 269.1539, 268.0689, 247.3161, -1.580153, 2.48855, 2.229008, 195.109, 102.24, 356.5414, -6.961832, 1.641221, 0.5114504],
[1963, 4095, 2180, 1983, 1915, 269.1954, 268.1126, 247.9463, -4.160306, 1.587786, -0.7099237, 197.6118, 101.2426, 356.2799, -2.801527, 2.022901, 1.793893],
[1942, 4095, 2179, 1963, 1914, 270.5939, 271.4239, 245.9461, -4.045802, -0.1526718, -1.572519, 194.9096, 101.3766, 356.8286, -1.572519, 2.419847, 2.061069],
[1948, 4095, 2155, 1979, 1915, 271.7313, 274.1083, 246.6266, -3.679389, 0.5648855, 3.465649, 200.1784, 101.2584, 355.7016, -2.045802, 0.9389313, -0.2061069],
[1971, 4095, 2174, 1990, 1930, 270.2612, 270.69, 246.3295, -2.068702, 2.763359, 1.824428, 195.5944, 101.6684, 356.5947, -6.129771, 2.40458, 0.1832061],
[1955, 4095, 2178, 1973, 1929, 269.2765, 268.4157, 246.615, -2.320611, 2.175573, -0.9923664, 195.7998, 102.0057, 356.4489, -3.908397, 1.503817, 1.198473],
[1955, 4095, 2174, 1985, 1917, 270.5139, 271.2408, 245.8915, -0.389313, 5.923664, 2.030534, 193.163, 101.3663, 357.2066, -3.587786, 0.1068702, 0.519084],
[1951, 4095, 2191, 1991, 1911, 271.0898, 272.5118, 245.7341, -1.045802, 0.8473283, 3.381679, 195.7904, 101.9024, 356.4816, -3.541985, 0.09923664, 1.40458],
[1969, 4095, 2185, 1994, 1923, 271.0711, 272.4889, 245.8903, -3.007634, 3.870229, -0.4580153, 193.1938, 102.4684, 356.929, -2.175573, 1.458015, 1.137405],
[1957, 4095, 2175, 1983, 1904, 271.358, 273.1797, 246.2115, -2.251908, 1.412214, 0.778626, 194.6581, 102.1404, 356.6739, -4.030534, 0.8244275, 1.320611],
[1941, 4095, 2155, 1989, 1915, 270.304, 270.7464, 245.2681, -0.5267176, 4.038168, 0.06870229, 192.3833, 102.3986, 357.1346, -4.557252, 0.6412213, 1.274809],
[1940, 4095, 2203, 1979, 1909, 270.9003, 272.0717, 245.5436, -4.938931, 0.2824428, 0.1984733, 194.745, 102.2696, 356.6181, -0.8244275, 2.328244, 0.870229],
[1946, 4095, 2178, 1967, 1911, 271.9797, 274.2893, 244.7686, -4.51145, 0.3129771, -3.755725, 190.328, 102.3958, 357.6078, -3.030534, 1.320611, 1.687023],
[1966, 4095, 2212, 1971, 1919, 270.4271, 271.0701, 246.3413, -4.633588, 1.709924, 0.04580153, 196.1534, 102.4351, 356.2368, -0.9083969, 2.320611, 1.778626],
[1962, 4095, 2192, 1985, 1920, 271.7445, 273.8289, 244.9877, -2.908397, 3.572519, 2.030534, 196.8744, 101.6921, 356.2992, -5.259542, 0.6030535, -0.4961832],
[1959, 4095, 2183, 1999, 1921, 269.3473, 268.6047, 246.2263, -3.389313, 4.091603, 2.519084, 193.2489, 101.9907, 357.0343, -2.671756, 1.152672, 0.9541985],
[1947, 4095, 2197, 1988, 1920, 268.6365, 267.0791, 245.5488, -0.5343512, 2.167939, 3.549618, 191.3358, 102.1072, 357.4378, -2.78626, 1.076336, 0.7175572],
[1963, 4095, 2194, 2000, 1929, 269.4752, 268.9168, 245.7915, -1.862595, 1.167939, 1.061069, 192.807, 101.8413, 357.1694, -0.9694656, 1.229008, 2.290076],
[1953, 4095, 2193, 1990, 1925, 269.6498, 269.3039, 245.8759, -2.122137, 0.2290076, -0.4656488, 193.1666, 102.1107, 357.0234, -2.282443, 1.282443, 1.770992],
[1965, 4095, 2198, 1986, 1919, 270.0749, 270.2658, 246.4729, -2.152672, 3.10687, 0.5419847, 195.9801, 101.7796, 356.475, -1.480916, 0.3053435, 1.458015],
[1936, 4095, 2175, 1984, 1915, 269.2838, 268.4568, 246.2717, -2.687023, 2.717557, 0.7175572, 194.6202, 101.2057, 356.9376, -2.610687, 1.854962, 1.183206],
[1908, 4095, 2192, 1975, 1922, 270.6159, 271.4674, 245.8632, -3.19084, 2.335878, -0.1374046, 195.9912, 101.434, 356.5759, -3.641221, 1.10687, 0.9541985],
[1903, 4095, 2183, 1983, 1917, 270.1197, 270.3704, 246.5358, -1.778626, 0.8091603, 0.06870229, 194.0531, 101.87, 356.8842, -3.374046, 1.305344, 2.175573],
[1918, 4095, 2198, 1995, 1879, 270.0141, 270.1197, 245.835, -3.580153, 2.763359, 0.1984733, 196.1792, 101.4358, 356.5341, -2.396947, 1.259542, 1.251908],
[1936, 4095, 2191, 1971, 1902, 270.9689, 272.3171, 246.4007, -3.137405, 1.534351, -0.05343511, 197.7595, 101.7671, 356.0724, -2.465649, 1.580153, 1.450382],
[1936, 4095, 2181, 2000, 1922, 269.4974, 268.9594, 245.9434, -3.305344, -1.465649, 0.9465649, 194.436, 101.7598, 356.8278, -2.80916, 1.40458, 1.458015],
[1933, 4095, 2202, 1975, 1914, 270.1346, 270.4017, 246.3925, -3.740458, -0.480916, -1.465649, 193.6863, 101.169, 357.145, -1.656489, 2.717557, 1.687023],
[1949, 4095, 2199, 1995, 1923, 271.5124, 273.5023, 246.0467, -2.755725, -0.7099237, -0.4198473, 193.3427, 101.4187, 357.1553, -1.732824, 1.709924, 1.625954],
[1947, 4095, 2195, 1957, 1904, 269.9834, 270.0527, 246.1049, -2.816794, 0.9541985, 0.2824428, 195.6385, 102.0123, 356.4842, -2.091603, 1.549618, 1.954198],
[1936, 4095, 2211, 2008, 1933, 271.9188, 274.2634, 245.2991, -3.061069, 0.8854962, 0.8549618, 194.855, 101.3646, 356.8437, -3.007634, 1.900763, 0.6717557],
[1911, 4095, 2191, 2000, 1877, 270.6693, 271.5882, 245.8798, -2.145038, 1.145038, 0.01526718, 196.3911, 101.4379, 356.4866, -3.0, 1.625954, 1.70229],
[1942, 4095, 2189, 1996, 1920, 271.4866, 273.3706, 245.5936, -3.664122, 0.09160305, -0.1221374, 195.8127, 101.2056, 356.6826, -1.954198, 1.618321, 1.526718],
[1935, 4095, 2187, 1991, 1913, 270.6279, 271.4849, 245.736, -3.465649, 1.045802, 1.068702, 196.0226, 102.4191, 356.2729, -2.19084, 1.648855, 1.557252],
[1963, 4095, 2195, 1982, 1934, 270.6183, 271.4572, 245.647, -3.198473, 1.412214, 1.19084, 198.4897, 101.8984, 355.8575, -4.396946, 0.9160305, 2.007634],
[1975, 4095, 2191, 1987, 1936, 270.9062, 272.0901, 245.5978, -4.648855, 0.1755725, -0.4427481, 197.9262, 101.7869, 356.0272, -0.4503817, 1.427481, 1.282443],
[1954, 4095, 2192, 2003, 1961, 270.5397, 271.2645, 245.3479, -3.083969, 2.564885, -0.259542, 195.5898, 101.3852, 356.6782, -2.824427, 1.610687, 2.175573],
[1927, 4095, 2203, 2009, 1923, 270.8371, 271.9513, 245.7472, -3.51145, 0.1755725, 0.7022901, 195.5345, 102.3018, 356.4237, -1.977099, 1.0, 0.5038168],
[1948, 4095, 2204, 2000, 1924, 271.7869, 273.895, 244.8512, -3.900763, 5.007634, 0.351145, 195.6478, 102.0235, 356.4787, -3.0, 1.183206, 0.7175572],
[1939, 4095, 2201, 2010, 1936, 270.4996, 271.2053, 245.8323, -2.412214, 1.320611, 0.519084, 195.2886, 101.7846, 356.6298, -2.755725, 0.870229, 1.129771],
[1938, 4095, 2195, 1987, 1935, 271.1725, 272.5711, 244.7314, -3.061069, 0.778626, 0.1526718, 196.034, 102.1921, 356.3387, -3.641221, -0.03053435, 0.8931297],
[1951, 4095, 2198, 1990, 1926, 270.5675, 271.2965, 244.8956, -2.923664, 0.2671756, 1.374046, 194.196, 102.3187, 356.733, -3.480916, 1.175573, 1.038168],
[1959, 4095, 2222, 1995, 1932, 270.1821, 270.4905, 245.647, -2.931298, 2.954198, 0.3206107, 194.3796, 102.5034, 356.6403, -2.007634, 0.9083969, 1.381679],
[1762, 4095, 2013, 1894, 1698, 274.9452, 285.84, 252.8124, 15.80153, 12.61069, 14.74046, 174.7968, 95.8488, 0.4427655, -12.25191, -4.923664, -5.610687],
[1767, 4095, 2073, 1912, 1718, 275.772, 285.1772, 249.3498, 6.10687, 2.442748, 5.992366, 171.6854, 99.18602, 1.262189, -0.1755725, -2.541985, 3.236641],
[1791, 4095, 2065, 1927, 1779, 273.6022, 281.1543, 252.0014, -13.65649, 13.91603, -7.610687, 177.6431, 99.5753, 0.2967936, -0.6564885, 3.572519, 1.366412],
[1792, 4095, 2089, 1926, 1763, 274.2421, 282.7623, 251.6079, 5.496183, -1.206107, 6.007634, 171.3161, 99.24939, 1.33357, 0.8015267, 0.1755725, 2.305344],
[1795, 4095, 2070, 1945, 1757, 275.2575, 286.9873, 253.0191, 2.328244, -0.519084, 1.396947, 177.6551, 98.72464, 0.2601947, -3.89313, 2.022901, 3.152672],
[1793, 4095, 2096, 1955, 1763, 275.7547, 288.3579, 252.9021, -5.282443, 3.396947, -1.160305, 181.7138, 98.31948, 359.6704, -3.122137, 0.3816794, 1.259542],
[1799, 4095, 2085, 1968, 1795, 275.2774, 286.5949, 252.5606, -0.9007633, 2.29771, 1.885496, 176.0085, 98.72108, 0.5158402, -3.091603, -0.01526718, 1.40458],
[1786, 4095, 2058, 1971, 1783, 276.472, 289.5264, 252.0703, -3.671756, 0.9923664, 0.7862596, 180.9187, 99.51221, 359.7667, -0.9694656, 0.007633588, 1.320611],
[1795, 4095, 2101, 1987, 1785, 275.6409, 288.6265, 253.4616, -4.473282, 1.89313, -0.8473283, 183.2887, 98.9743, 359.3979, -2.526718, 1.70229, 1.778626],
[1798, 4095, 2081, 1991, 1814, 275.6292, 287.3527, 252.2829, -2.839695, 1.083969, 1.534351, 183.3632, 99.6947, 359.3415, -2.480916, 1.832061, 0.961832],
[1813, 4095, 2122, 1998, 1814, 276.0237, 288.6624, 252.4499, -2.099237, 1.625954, -1.564886, 181.4112, 98.96523, 359.698, -4.038168, 3.358779, 2.366412],
[1799, 4095, 2119, 2001, 1823, 274.9676, 285.7368, 252.6288, 0.6030535, 1.854962, 3.450382, 180.8374, 98.74103, 359.7931, -2.916031, 1.603053, 2.007634],
[1840, 4095, 2142, 2000, 1827, 276.186, 289.2386, 252.5507, -1.992366, 2.366412, 2.152672, 185.3196, 99.14691, 359.0555, -3.847328, 1.022901, 1.251908],
[1809, 4095, 2134, 2002, 1825, 276.996, 291.7184, 252.6971, -1.59542, 0.3053435, -0.01526718, 182.6926, 99.53712, 359.4652, -4.091603, 2.145038, 1.442748],
[1817, 4095, 2129, 2001, 1826, 277.0893, 292.4941, 253.1059, -2.854962, 2.70229, 1.022901, 184.9287, 98.9154, 359.1403, -2.923664, 0.9236641, 1.267176],
[1805, 4095, 2182, 2008, 1834, 275.6365, 288.3723, 253.2436, -0.4274809, 3.335878, 0.1908397, 185.347, 98.91396, 359.0737, -4.274809, 0.6259542, 2.122137],
[1811, 4095, 2147, 2011, 1825, 276.112, 289.5042, 252.9829, -3.305344, 5.435114, 2.48855, 186.1317, 99.69287, 358.8611, -2.412214, 0.6564885, 1.076336],
[1808, 4095, 2138, 2007, 1840, 276.5235, 290.6235, 252.9108, -3.534351, 2.572519, -0.6641222, 179.0662, 99.5369, 0.05379853, -2.557252, 0.7557252, 1.541985],
[1805, 4095, 2141, 2023, 1840, 275.9537, 289.3841, 253.2916, -3.48855, 3.374046, 1.816794, 182.3887, 99.69157, 359.51, -2.59542, 1.061069, 0.9923664],
[1791, 4095, 2135, 2021, 1858, 276.0339, 289.8115, 253.4513, -3.679389, 2.862595, 0.04580153, 182.4799, 99.3908, 359.5081, -3.526718, 1.610687, 1.648855],
[1811, 4095, 2162, 2032, 1870, 275.4131, 288.1433, 253.6613, -2.816794, 1.366412, -0.01526718, 179.7945, 99.76588, -0.06912661, -2.282443, 1.549618, 1.221374],
[1818, 4095, 2160, 2027, 1865, 276.2792, 289.8312, 252.8395, 0.4580153, 2.015267, 2.061069, 183.6926, 99.01262, 359.3307, -3.671756, 1.229008, 1.396947],
[1831, 4095, 2171, 2032, 1866, 276.4944, 290.1949, 252.6143, -3.259542, 1.007634, -1.847328, 178.7324, 99.38416, 0.1071462, -1.694656, 0.961832, 0.9923664],
[1821, 4095, 2176, 2043, 1871, 276.9156, 292.254, 253.3101, -2.709924, 1.328244, -0.06870229, 180.6042, 99.3534, 359.8218, -4.022901, 1.274809, 2.648855],
[1819, 4095, 2160, 2042, 1872, 276.8132, 291.6524, 253.0683, -1.900763, -3.320611, 3.396947, 180.476, 98.89587, 359.8477, -2.946565, 1.89313, 2.916031],
[1803, 4095, 2192, 2033, 1893, 277.0498, 292.5628, 253.2476, -3.305344, 2.740458, 1.633588, 186.9572, 99.79002, 358.7047, -2.671756, 1.053435, 0.9465649],
[1803, 4095, 2159, 2038, 1861, 277.0924, 291.0834, 251.9333, -2.984733, 2.320611, 0.9465649, 184.7076, 99.17845, 359.153, -3.259542, 1.435114, 1.862595],
[1831, 4095, 2171, 2041, 1866, 276.1784, 289.4011, 252.7179, -3.687023, 4.709924, -0.6335878, 183.2789, 99.19659, 359.3861, -2.900763, 1.572519, 0.9160305],
[1825, 4095, 2173, 2058, 1873, 277.7534, 292.5522, 251.6769, -2.732824, 2.160305, 1.694656, 180.5909, 99.52663, 359.822, -1.358779, 0.5267176, 1.992366],
[1861, 4095, 2173, 2054, 1895, 276.7338, 290.3945, 252.1953, -2.496183, 0.5648855, 0.7709923, 182.769, 99.52117, 359.453, -3.793893, 0.6564885, 1.259542],
[1876, 4095, 2181, 2059, 1872, 276.8642, 290.8644, 252.2888, -3.19084, 3.51145, 0.2137404, 180.297, 98.89788, 359.8759, -3.473282, 1.793893, 1.381679],
[1875, 4095, 2193, 2077, 1895, 277.8196, 293.3263, 252.1657, -5.992366, 2.931298, 0.4580153, 182.2676, 98.96523, 359.5614, -2.022901, 2.259542, -0.1603053],
[1872, 4095, 2191, 2064, 1877, 276.8156, 289.5948, 251.2538, 0.7099237, 3.274809, 1.709924, 182.6168, 99.63895, 359.4731, -4.015267, -0.5496183, 3.022901],
[1904, 4095, 2197, 2042, 2000, 276.8725, 291.3097, 252.6477, -2.534351, 1.961832, 0.04580153, 187.3095, 99.30399, 358.7072, -2.908397, 0.389313, 1.572519],
[1870, 4095, 2205, 2067, 1875, 276.9332, 290.5451, 251.8405, -3.793893, 5.664122, 1.801527, 182.3164, 100.0584, 359.5067, -2.900763, 1.335878, 0.9160305],
[1875, 4095, 2192, 2061, 1900, 277.6178, 292.3242, 251.7865, -3.961832, 0.4885496, -0.2366412, 180.6033, 99.41286, 359.8213, -2.832061, 2.015267, 0.6564885],
[1881, 4095, 2185, 2055, 1837, 276.8763, 290.8788, 252.272, -2.732824, 0.9389313, 1.709924, 181.2595, 99.36213, 359.7127, -3.496183, 1.580153, 1.083969],
[1853, 4095, 2181, 2067, 1887, 277.4375, 291.8898, 251.8255, -4.603054, 4.29771, -1.206107, 181.3069, 99.07645, 359.7119, -2.70229, 2.045802, 2.007634],
[1875, 4095, 2160, 2079, 1904, 277.0317, 291.4289, 252.3729, -3.564885, 3.282443, -0.4732824, 181.06, 99.0425, 359.7524, -3.480916, 1.770992, 0.9312977],
[1879, 4095, 2209, 2085, 1907, 276.4035, 289.5835, 252.2993, -2.984733, 0.6717557, -0.5038168, 178.5621, 99.33792, 0.1344417, -3.358779, 1.236641, 1.381679],
[1884, 4095, 2201, 2075, 1909, 277.2542, 291.8949, 252.2487, -1.427481, 3.40458, 1.083969, 183.9576, 98.82497, 359.3016, -3.633588, 0.6183206, 2.068702],
[1872, 4095, 2196, 2047, 1919, 277.5235, 292.4511, 252.1022, -1.862595, 1.862595, 1.961832, 182.006, 99.32016, 359.5899, -3.954198, -0.6183206, 0.129771],
[1872, 4095, 2194, 2083, 1905, 277.8888, 293.408, 252.0833, -2.870229, 1.251908, 0.2137404, 185.8032, 99.50978, 358.9378, -0.870229, 0.4122138, 1.358779],
[1872, 4095, 2203, 2086, 1923, 277.6549, 292.4039, 251.7705, -2.961832, 3.839695, 1.526718, 181.4606, 99.65364, 359.6711, -4.045802, 2.015267, 0.9923664],
[1878, 4095, 2203, 2069, 1907, 277.0935, 291.0262, 251.8806, -3.29771, 1.374046, -0.0610687, 184.3122, 99.98113, 359.1545, -2.847328, 1.870229, 1.038168],
[1891, 4095, 2203, 2086, 1899, 277.203, 291.631, 252.1448, -4.38168, 2.816794, 0.3053435, 184.5047, 99.40626, 359.1676, -2.885496, 2.091603, -0.1374046],
[1873, 4095, 2221, 2085, 1907, 277.9057, 292.5427, 251.3335, -1.801527, 1.755725, 0.5114504, 183.6859, 99.77454, 359.2802, -2.725191, -0.2519084, 2.328244],
[1884, 4095, 2192, 2095, 1899, 276.8899, 290.0475, 251.4934, -4.08397, 3.312977, -0.961832, 185.394, 99.4107, 359.0173, -2.656489, 0.5038168, 0.8931297],
[1675, 4095, 2026, 1891, 1745, 278.7124, 295.5524, 252.0702, 4.816794, -5.114504, 6.442748, 195.011, 100.1568, 357.1466, -3.870229, 2.709924, 1.916031],
[1701, 4095, 2029, 1907, 1761, 280.2202, 297.5308, 250.7751, -20.25954, 3.427481, -15.76336, 178.9328, 98.18623, 0.05254169, 6.938931, 3.152672, 1.862595],
[1690, 4095, 2047, 1914, 1758, 277.4307, 292.7786, 252.5723, -3.824427, -0.9236641, -10.9542, 178.4109, 97.91846, 0.1212175, 1.816794, 0.1755725, 3.839695],
[1699, 4095, 2077, 1927, 1759, 279.6643, 302.7926, 255.054, -1.022901, -2.89313, -2.206107, 191.3137, 98.22193, 358.2504, -0.2137404, -0.2366412, 1.351145],
[1712, 4095, 2074, 1959, 1798, 281.1116, 304.0617, 253.6687, -4.770992, -0.6793893, -4.396946, 188.4506, 98.47129, 358.6429, -0.4274809, 3.21374, 0.2748091],
[1718, 4095, 2066, 1919, 1803, 281.2188, 308.96, 256.0929, -5.946565, 2.908397, -3.328244, 191.9608, 98.06674, 358.1857, -1.267176, 0.5801527, 1.343511],
[1731, 4095, 2107, 1918, 1799, 280.692, 305.1107, 254.8359, -2.549618, 4.91603, -0.3053435, 188.8063, 98.88672, 358.5217, -0.4427481, 1.114504, 0.7099237],
[1728, 4095, 2119, 1935, 1818, 282.3701, 310.3961, 255.4273, -6.480916, 2.641221, -5.458015, 189.0705, 98.7559, 358.5005, -1.961832, 1.648855, 0.03816794],
[1755, 4095, 2118, 1965, 1824, 281.9031, 309.7084, 255.6355, -2.442748, -0.5114504, -1.618321, 190.9507, 99.18685, 358.113, -2.374046, 2.160305, 0.870229],
[1751, 4095, 2127, 1967, 1849, 282.1982, 310.4954, 255.6735, -6.38168, 0.8778625, -0.8396947, 189.6551, 98.2233, 358.5005, 0.3664122, 1.519084, 1.221374],
[1757, 4095, 2115, 1966, 1835, 281.9134, 311.0669, 256.2683, -4.732824, 1.198473, -1.10687, 189.5562, 98.65973, 358.4397, -1.21374, 0.2977099, 0.6793893],
[1755, 4095, 2139, 1996, 1853, 281.1256, 308.4552, 255.9654, -2.717557, 2.129771, 0.2213741, 190.5202, 98.54897, 358.308, -3.51145, 1.091603, 0.9465649],
[1744, 4095, 2147, 1984, 1845, 282.5393, 309.3214, 254.6876, -1.946565, -1.633588, -1.114504, 187.5395, 98.73642, 358.7464, -1.580153, 1.633588, 2.580153],
[1749, 4095, 2139, 1987, 1855, 280.6251, 307.7209, 256.2377, -3.992366, 1.022901, 0.8244275, 190.7817, 98.62922, 358.2511, -1.015267, 1.931298, 0.7709923],
[1738, 4095, 2129, 1978, 1845, 281.2615, 307.8502, 255.5009, -6.137404, 1.145038, -2.358779, 190.7536, 97.82214, 358.4132, -1.129771, 0.778626, 0.1526718],
[1744, 4095, 2160, 1962, 1857, 282.1489, 309.9628, 255.4714, -4.267176, 1.59542, -0.4580153, 186.3004, 98.81885, 358.9321, -1.877863, 0.9312977, 1.450382],
[1765, 4095, 2135, 1991, 1862, 282.5574, 310.8734, 255.4471, -3.29771, 0.2290076, -0.1374046, 186.1076, 98.67916, 358.9781, -1.992366, 1.641221, 0.8473283],
[1781, 4095, 2149, 1988, 1859, 281.5613, 308.9688, 255.6831, -2.51145, 0.8167939, 0.778626, 184.7871, 98.83513, 359.1699, -1.59542, 1.396947, 0.9160305],
[1764, 4095, 2180, 1973, 1883, 281.668, 307.1276, 254.6155, -1.541985, 0.4351145, 0.6564885, 180.8985, 99.00946, 359.7789, -1.740458, 0.4656488, 3.091603],
[1754, 4095, 2179, 2006, 1872, 282.0926, 310.1393, 255.6231, -3.946565, 0.5267176, 1.320611, 188.0437, 98.96312, 358.6335, 0.03816794, 0.9694656, 1.51145],
[1761, 4095, 2183, 1994, 1890, 281.6629, 310.3228, 256.2088, -3.534351, 2.305344, -1.122137, 183.1291, 98.49807, 359.4507, -5.167939, 2.145038, 0.1908397],
[1763, 4095, 2191, 1998, 1869, 282.4659, 309.8614, 255.05, -4.725191, 3.259542, -1.816794, 187.6564, 98.57917, 358.7497, -2.564885, 1.312977, 1.954198],
[1762, 4095, 2185, 2001, 1872, 281.6961, 308.2584, 255.1656, -4.374046, 3.274809, -0.5038168, 187.0325, 98.53614, 358.8519, -2.465649, 0.8854962, 1.832061],
[1765, 4095, 2171, 1999, 1895, 282.3566, 310.0843, 255.289, -4.221374, 1.832061, -1.007634, 186.3106, 98.763, 358.9368, -1.755725, 1.572519, 1.541985],
[1765, 4095, 2183, 1993, 1911, 281.3864, 308.839, 255.8318, -3.824427, 2.29771, -0.3587786, 188.0677, 98.89022, 358.6403, -5.396946, 2.145038, 1.725191],
[1776, 4095, 2191, 2015, 1891, 280.7544, 307.9344, 256.1767, -3.48855, 2.183206, -0.7099237, 185.067, 98.66179, 359.1417, -2.916031, 3.21374, 0.7862596],
[1773, 4095, 2199, 2003, 1872, 281.2781, 307.3631, 255.235, -2.641221, 1.251908, -0.9236641, 181.8016, 98.71602, 359.6441, -2.206107, 0.961832, 2.740458],
[1789, 4095, 2212, 2028, 1891, 281.267, 309.0369, 256.0711, -4.801527, 0.7328244, -0.7557252, 186.8308, 98.91129, 358.8364, -1.366412, 1.793893, 1.10687],
[1770, 4095, 2206, 2011, 1902, 282.2718, 310.4721, 255.5776, -2.206107, 0.9389313, 0.1679389, 187.5779, 99.00146, 358.7038, -2.351145, 0.6641222, 1.870229],
[1786, 4095, 2208, 2043, 1904, 282.029, 308.447, 254.8526, -3.755725, 2.48855, 0.9083969, 184.4046, 98.763, 359.2361, -3.099237, 0.961832, 0.4198473],
[1777, 4095, 2207, 2009, 1894, 281.5032, 307.8804, 255.2137, -3.816794, 2.717557, 0.1221374, 187.4192, 98.7371, 358.7653, -1.389313, 1.847328, 1.374046],
[1759, 4095, 2197, 1980, 1907, 282.0522, 308.5485, 254.8765, -3.664122, 0.8396947, -0.8473283, 187.001, 98.82968, 358.8194, -2.114504, 1.343511, 2.274809],
[1771, 4095, 2192, 2015, 1911, 281.9163, 308.9431, 255.2418, -1.335878, -0.5801527, -0.389313, 185.1758, 99.0876, 359.0847, -3.068702, 0.9312977, 1.320611],
[1776, 4095, 2193, 1999, 1907, 281.9815, 308.6496, 255.0144, -3.679389, 1.969466, -0.8167939, 184.4257, 99.23395, 359.1948, -2.572519, 1.755725, 0.9847328],
[1772, 4095, 2227, 2031, 1903, 281.791, 308.1898, 255.0133, -4.40458, 1.572519, -1.152672, 184.3313, 98.57574, 359.2624, -3.045802, 2.167939, 1.557252],
[1777, 4095, 2215, 2053, 1902, 281.3641, 308.2127, 255.553, -3.80916, -0.04580153, 0.09160305, 184.3689, 99.1421, 359.2115, -1.015267, 1.709924, 2.221374],
[1783, 4095, 2221, 2036, 1888, 281.7025, 309.147, 255.6001, -2.725191, 3.78626, -0.2519084, 187.0638, 99.40177, 358.7359, -3.114504, 1.274809, 2.916031],
[1765, 4095, 2167, 2034, 1921, 282.7015, 309.9589, 254.8241, -4.10687, 1.984733, -0.740458, 187.6765, 98.81163, 358.7142, -2.381679, 1.717557, 1.335878],
[1783, 4095, 2203, 2032, 1923, 282.5877, 309.7042, 254.8272, -3.687023, 1.709924, 0.02290076, 185.7496, 99.4042, 358.958, -1.824428, 1.648855, 0.9465649],
[1778, 4095, 2239, 2032, 1905, 282.6244, 310.4212, 255.147, -4.557252, 2.206107, -0.7328244, 187.141, 98.7461, 358.8079, -2.251908, 0.9007633, 1.603053],
[1781, 4095, 2222, 2038, 1926, 282.6375, 309.9139, 254.8759, -2.801527, 0.3206107, 1.175573, 182.6336, 98.59923, 359.5208, -2.732824, 1.564886, 0.9923664],
[1771, 4095, 2205, 2034, 1919, 281.9902, 308.5342, 254.9448, -4.816794, 0.9465649, -0.480916, 188.1859, 99.04441, 358.5983, -2.89313, 1.160305, 0.9312977],
[1787, 4095, 2223, 2035, 1923, 282.2285, 309.1739, 254.983, -3.21374, 1.282443, 0.832061, 181.3807, 99.10636, 359.6992, -1.694656, 1.251908, 2.007634],
[1761, 4095, 2231, 2042, 1919, 281.8621, 308.0058, 254.8305, -2.671756, 0.259542, 1.10687, 184.7667, 99.48973, 359.1162, -1.244275, 1.374046, 1.59542],
[1807, 4095, 2245, 2039, 1926, 282.9611, 310.3932, 254.7454, -1.755725, 1.0, -0.4198473, 182.7141, 99.13929, 359.4815, -2.419847, 1.389313, 2.51145],
[1806, 4095, 2227, 2029, 1927, 282.5312, 308.6273, 254.3338, -4.51145, -0.3206107, 0.7328244, 183.0619, 99.11242, 359.4264, -0.7022901, 2.083969, 0.09923664],
[1786, 4095, 2241, 2065, 1943, 282.769, 309.2398, 254.3713, -2.129771, 0.1526718, 0.1908397, 182.2323, 99.36217, 359.5506, -2.29771, 1.343511, 1.610687],
[1783, 4095, 2245, 2061, 1934, 282.4345, 309.1327, 254.7153, -2.442748, 1.10687, -0.09160305, 186.8801, 99.79462, 358.7177, -2.59542, 1.251908, 1.343511],
[1674, 4095, 2081, 1991, 1771, 280.2225, 298.3709, 251.3902, -1.78626, 1.534351, -4.076336, 179.1986, 100.1884, 0.0398366, -2.954198, -0.1908397, 3.435115],
[1680, 4095, 2114, 1986, 1763, 279.9419, 298.0434, 251.6396, -5.29771, 2.78626, -2.129771, 177.3625, 100.9179, 0.4066585, -2.396947, 2.145038, 0.6183206],
[1683, 4095, 2098, 1961, 1769, 280.2228, 299.0148, 251.8451, -0.09160305, 0.2748091, 2.885496, 179.1182, 100.1487, 0.05383952, -1.89313, 0.0610687, 0.7099237],
[1680, 4095, 2084, 1982, 1789, 279.3367, 297.4832, 252.3095, -3.793893, 2.709924, -0.1832061, 179.8744, 100.1196, -0.08270602, -2.992366, 2.648855, 1.442748],
[1674, 4095, 2102, 1991, 1762, 280.4503, 299.5779, 251.8559, -6.38168, 2.938931, -1.740458, 178.6096, 100.3389, 0.1501796, -3.083969, 1.801527, 1.839695],
[1686, 4095, 2111, 2009, 1795, 280.0229, 298.8701, 252.0818, -2.496183, 1.564886, -0.1374046, 179.951, 99.84189, 359.9301, -4.541985, 1.183206, 0.9923664],
[1692, 4095, 2093, 2011, 1801, 280.5265, 299.8763, 251.9351, -3.412214, 1.099237, -0.2290076, 181.1133, 99.92213, 359.725, -2.10687, 1.824428, 1.229008],
[1710, 4095, 2131, 2005, 1829, 279.8482, 298.7583, 252.3012, -5.114504, 4.19084, -1.21374, 182.182, 99.98842, 359.5336, -2.671756, 2.099237, 2.007634],
[1710, 4095, 2160, 2026, 1831, 280.3193, 299.1842, 251.8013, -2.618321, 0.9083969, -0.3053435, 182.8764, 100.4447, 359.3857, -3.351145, 0.8931297, 1.122137],
[1678, 4095, 2112, 2032, 1826, 280.5769, 300.9438, 252.5613, -0.9694656, 1.022901, -0.3053435, 177.8291, 100.4456, 0.2979002, -2.10687, 0.5725191, 2.549618],
[1657, 4095, 2125, 2023, 1838, 280.6641, 301.3374, 252.6777, -2.755725, 3.167939, 0.007633588, 180.5473, 100.24, 359.8213, -4.801527, 0.961832, 2.229008],
[1663, 4095, 2135, 2021, 1857, 280.5606, 300.3839, 252.2208, -3.412214, 1.129771, 1.885496, 181.9576, 100.6925, 359.5476, -2.557252, 1.40458, 0.8854962],
[1648, 4095, 2163, 2043, 1833, 281.4605, 301.5489, 251.5924, -3.557252, 0.9007633, 0.2290076, 180.549, 100.2714, 359.8207, -1.725191, 1.80916, 1.435114],
[1636, 4095, 2133, 2029, 1839, 281.2444, 301.9243, 252.1673, -4.08397, 1.900763, 0.519084, 181.761, 100.5523, 359.5898, -2.977099, 1.694656, 1.045802],
[1643, 4095, 2134, 2036, 1836, 280.253, 299.609, 252.2016, -5.549618, 2.648855, -2.030534, 180.9432, 100.1204, 359.7514, -3.10687, 1.610687, 1.083969],
[1648, 4095, 2138, 2043, 1850, 280.5553, 300.8595, 252.5409, -3.061069, 3.793893, 1.885496, 184.7348, 100.5507, 359.0295, -5.114504, 1.022901, 1.122137],
[1648, 4095, 2145, 2075, 1851, 280.7732, 300.184, 251.7462, -1.328244, 1.358779, 0.9770992, 182.4466, 100.6926, 359.4544, -1.099237, 1.099237, 1.526718],
[1644, 4095, 2158, 2074, 1854, 281.1021, 303.0207, 253.0654, 1.862595, -0.3664122, 4.839694, 183.1513, 99.82863, 359.3703, -1.183206, 0.6259542, 1.977099],
[1635, 4095, 2155, 2074, 1855, 281.0958, 301.017, 251.7985, -4.38168, 4.396946, -0.9923664, 177.5971, 100.1233, 0.3275727, -0.9312977, 1.580153, 0.610687],
[1664, 4095, 2160, 2071, 1862, 281.3106, 302.7835, 252.6141, -4.793893, 2.503817, -2.160305, 185.3173, 100.3431, 358.9395, -3.923664, 1.763359, 0.740458],
[1667, 4095, 2160, 2077, 1854, 281.0479, 301.8298, 252.404, -2.748092, 1.778626, 1.549618, 182.4837, 100.2844, 359.4662, -5.145038, 1.984733, 0.9083969],
[1658, 4095, 2165, 2067, 1851, 281.1776, 301.5362, 252.016, -3.19084, 1.587786, -0.3206107, 180.6456, 99.97602, 359.8069, -3.022901, 1.015267, 1.839695],
[1669, 4095, 2160, 2055, 1861, 281.1025, 300.2285, 251.2498, -3.083969, 1.480916, 2.244275, 179.8011, 100.3497, -0.06900365, -0.6183206, 1.641221, 1.099237],
[1687, 4095, 2159, 2086, 1858, 281.5199, 302.3132, 252.0059, -2.687023, -0.3435115, -1.19084, 182.4859, 99.98755, 359.4795, -2.198473, 1.473282, 1.740458],
[1709, 4095, 2131, 2070, 1861, 282.0507, 303.5145, 252.0031, -2.916031, 2.854962, 0.9847328, 181.6356, 100.4462, 359.6166, -2.21374, 1.358779, 2.198473],
[1681, 4095, 2170, 2098, 1883, 282.0218, 302.3712, 251.3, -5.114504, 1.687023, 1.412214, 181.5056, 100.8553, 359.6291, -2.732824, 1.908397, 0.1374046],
[1690, 4095, 2146, 2098, 1878, 280.8001, 301.1652, 252.356, -3.770992, -0.1145038, -0.7862596, 182.419, 100.2689, 359.4788, -4.61832, 1.725191, 1.381679],
[1645, 4095, 2171, 2130, 1890, 281.9902, 302.0631, 251.1397, -3.122137, 0.9160305, 0.03053435, 180.4777, 100.1549, 359.8348, -3.183206, 1.78626, 1.564886],
[1654, 4095, 2167, 2112, 1894, 281.6584, 301.4375, 251.2154, -2.480916, 4.748092, -0.4656488, 177.5371, 100.2474, 0.3437341, -2.832061, 1.442748, 1.671756],
[1654, 4095, 2175, 2096, 1885, 281.3394, 300.9602, 251.3813, -3.549618, -0.129771, -0.4122138, 179.8003, 100.2762, -0.06903098, -3.236641, 1.541985, 1.633588],
[1680, 4095, 2150, 2098, 1889, 280.8012, 300.1048, 251.647, -2.801527, 4.38168, 2.061069, 182.3467, 99.62105, 359.5203, -2.664122, 1.687023, 0.4198473],
[1658, 4095, 2170, 2096, 1885, 280.9489, 300.2844, 251.5337, -2.389313, 5.954198, 1.0, 183.6641, 99.76921, 359.2844, -3.931298, 0.648855, 2.099237],
[1666, 4095, 2167, 2103, 1889, 282.1689, 302.5548, 251.2063, -2.59542, 2.473282, -0.05343511, 180.7963, 100.0087, 359.7796, -3.312977, 1.114504, 1.832061],
[1676, 4095, 2164, 2101, 1885, 281.7167, 302.1804, 251.6261, -0.6335878, -0.4351145, 2.610687, 177.3312, 100.5499, 0.3954834, -2.938931, 1.656489, 0.9694656],
[1666, 4095, 2178, 2128, 1882, 281.6098, 301.2923, 251.1905, -1.603053, 0.3206107, 0.5419847, 177.0047, 99.87626, 0.4214674, -4.603054, 0.3969466, 1.80916],
[1676, 4095, 2176, 2109, 1904, 280.8314, 299.9525, 251.4934, -1.969466, -1.305344, 0.6717557, 179.2983, 100.6359, 0.02680364, -4.366412, 0.1984733, 1.0],
[1680, 4095, 2179, 2119, 1895, 281.681, 300.8373, 250.7648, -5.938931, 1.045802, -1.618321, 180.8928, 100.6162, 359.7518, -3.442748, 1.717557, 0.9541985],
[1687, 4095, 2177, 2123, 1903, 282.1902, 302.7279, 251.2906, -2.938931, 1.496183, 1.51145, 179.6579, 100.5071, -0.04187214, -2.694656, 1.458015, 0.5114504],
[1701, 4095, 2186, 2115, 1900, 281.4602, 300.467, 250.8497, -4.099236, 0.4045802, -1.59542, 176.2771, 100.2666, 0.5753219, -3.122137, 1.419847, 1.320611],
[1691, 4095, 2178, 2117, 1905, 282.6854, 302.8372, 250.6446, -5.221374, 1.534351, -0.4045802, 176.9069, 99.84488, 0.436973, -1.816794, 1.824428, 0.6183206],
[1686, 4095, 2183, 2129, 1904, 281.643, 301.0381, 250.9641, -0.870229, 1.282443, 2.603053, 177.245, 100.6093, 0.4145821, -3.229008, -0.09923664, 2.969466],
[1668, 4095, 2187, 2119, 1997, 282.5319, 301.6087, 250.0114, -3.244275, 1.633588, 1.076336, 176.3776, 100.9479, 0.6005817, -2.244275, 0.7175572, 1.778626],
[1687, 4095, 2173, 2115, 1907, 282.1845, 302.1555, 250.9133, -2.954198, 2.557252, 0.7099237, 180.2997, 100.8808, 359.862, -3.923664, 1.038168, 1.183206],
[1695, 4095, 2186, 2127, 1883, 282.217, 302.1193, 250.8402, -1.51145, 1.847328, 1.549618, 178.1856, 100.506, 0.2334731, -3.885496, 0.7480916, 0.8778625],
[1680, 4095, 2202, 2134, 1894, 282.144, 302.0543, 250.9043, -3.80916, 1.717557, 0.2061069, 179.1379, 100.4071, 0.05394881, -1.870229, 2.312977, 1.305344],
[1706, 4095, 2179, 2131, 1922, 281.6283, 300.1869, 250.3834, -1.877863, 0.2748091, -0.04580153, 179.8739, 99.99225, -0.08273334, -1.961832, 1.374046, 1.137405],
[1685, 4095, 2199, 2143, 1889, 282.7061, 303.0127, 250.7343, -4.61832, 0.5114504, 0.1832061, 180.0982, 100.386, 359.9027, -2.343511, 2.091603, 1.259542],
[1696, 4095, 2198, 2134, 1911, 281.51, 300.2162, 250.5924, -2.053435, 1.992366, -1.480916, 178.9306, 100.5129, 0.09423623, -3.587786, 1.061069, 1.236641],
[1627, 4095, 2039, 2000, 1765, 288.7847, 311.9583, 249.1748, -2.122137, 10.61069, 1.152672, 158.3298, 99.27488, 3.640663, -7.274809, 0.2900764, 2.206107],
[1637, 4095, 2062, 2023, 1792, 289.0831, 308.342, 246.2713, -0.8167939, 3.625954, 0.8015267, 164.8653, 101.4709, 3.056735, -2.061069, 2.099237, 4.679389],
[1633, 4095, 2062, 2055, 1829, 290.017, 310.1479, 246.5392, -4.534351, 2.328244, -2.59542, 164.53, 100.9282, 2.975231, -4.007634, 0.9541985, 2.618321],
[1639, 4095, 2112, 2064, 1815, 289.2143, 310.7647, 247.8851, -1.29771, 1.045802, 0.610687, 168.9954, 100.8613, 2.046776, -1.381679, 1.068702, 3.091603],
[1620, 4095, 2097, 2084, 1829, 289.2401, 311.9518, 248.6772, -3.10687, 0.1832061, 0.1526718, 163.8338, 101.1794, 3.196067, -3.572519, 1.51145, 1.977099],
[1647, 4095, 2115, 2068, 1837, 289.9915, 314.5483, 249.6173, -2.70229, 1.618321, -3.59542, 169.6979, 100.6437, 1.865735, -4.78626, 1.48855, 3.183206],
[1634, 4095, 2113, 2065, 1835, 288.9855, 314.6018, 250.667, -3.740458, 0.5648855, -0.5343512, 170.1305, 100.0514, 1.675774, -2.480916, 2.091603, 1.541985],
[1664, 4095, 2110, 2083, 1847, 288.8834, 315.1193, 251.0886, -2.503817, -1.229008, 0.2213741, 174.2477, 100.6327, 0.9859831, -2.534351, 1.068702, 1.374046],
[1664, 4095, 2128, 2087, 1855, 289.2994, 314.8479, 250.5052, -4.122138, 2.625954, -1.022901, 172.3839, 100.9157, 1.382122, -3.366412, 1.450382, 1.251908],
[1648, 4095, 2129, 2125, 1819, 289.9586, 316.5607, 250.9247, -1.015267, 1.290076, 1.687023, 176.8169, 100.252, 0.4755664, -3.21374, -0.1221374, 1.290076],
[1680, 4095, 2128, 2115, 1860, 289.3621, 315.0717, 250.5826, -4.335878, -0.2900764, -1.48855, 172.7557, 100.7315, 1.284676, -1.687023, 2.022901, 1.175573],
[1678, 4095, 2119, 2127, 1883, 289.3604, 315.4822, 250.8395, -0.5343512, -0.2977099, 2.061069, 173.229, 100.5614, 1.172311, -1.755725, 1.312977, 0.9847328],
[1682, 4095, 2138, 2127, 1891, 288.9143, 314.5987, 250.7369, -4.267176, 3.923664, -1.167939, 174.165, 101.495, 1.09205, -4.030534, 1.40458, 1.778626],
[1680, 4095, 2144, 2138, 1901, 290.3515, 316.078, 250.2441, -2.648855, 0.7251908, -1.10687, 171.6927, 100.9004, 1.516646, -2.022901, 1.122137, 1.580153],
[1673, 4095, 2149, 2128, 1877, 290.1602, 316.7506, 250.8496, -3.862595, 1.633588, 0.5648855, 171.5388, 101.0274, 1.566551, -3.068702, 1.137405, 0.7328244],
[1670, 4095, 2175, 2133, 1904, 288.2203, 313.0669, 250.4953, -2.343511, 1.656489, -0.6335878, 168.6146, 100.9354, 2.138526, -1.793893, 0.1450382, 1.29771],
[1678, 4095, 2134, 2146, 1915, 289.9111, 316.1645, 250.725, -2.748092, 1.946565, -0.4122138, 169.5049, 101.0311, 1.977267, -2.80916, 1.267176, 1.610687],
[1680, 4095, 2171, 2139, 1927, 289.8118, 315.477, 250.3917, -2.725191, 4.351145, -0.1526718, 170.1198, 101.1819, 1.879793, -2.793893, 1.045802, 0.8473283],
[1678, 4095, 2170, 2166, 1920, 289.0381, 314.328, 250.4424, -2.954198, 2.641221, -0.1221374, 173.9081, 100.2424, 1.008388, -1.885496, 1.129771, 1.641221],
[1689, 4095, 2182, 2160, 1924, 289.4876, 314.5839, 250.149, -2.122137, 0.5801527, 1.70229, 174.9718, 100.6309, 0.8476616, -2.076336, 0.9923664, 2.251908],
[1679, 4095, 2187, 2159, 1907, 289.944, 315.8598, 250.5027, -5.351145, 3.183206, -0.7251908, 173.9655, 100.4963, 1.025219, -2.610687, 1.603053, 1.419847],
[1685, 4095, 2182, 2160, 1936, 291.1196, 316.894, 250.0278, -3.244275, 3.48855, -0.1450382, 174.6317, 101.232, 0.9702588, -3.923664, 0.8473283, 1.80916],
[1681, 4095, 2177, 2163, 1931, 290.2431, 315.429, 249.9357, -3.610687, 2.29771, -0.9465649, 173.4213, 100.7234, 1.154824, -2.229008, 1.984733, 0.8931297],
[1691, 4095, 2166, 2148, 1926, 290.5207, 316.5226, 250.3625, -2.877863, 0.1068702, -0.2366412, 174.4256, 100.7469, 0.9633872, -3.175573, 0.8473283, 1.740458],
[1666, 4095, 2183, 2161, 1927, 290.7945, 316.3915, 250.0163, -4.396946, 2.732824, -0.7099237, 170.5247, 100.6705, 1.709189, -1.564886, 1.496183, 1.564886],
[1680, 4095, 2177, 2176, 1920, 290.3285, 316.2023, 250.3452, -3.358779, 4.267176, 0.2213741, 176.0189, 100.3703, 0.6299811, -4.70229, 1.526718, 2.091603],
[1697, 4095, 2187, 2171, 1936, 290.8036, 316.437, 250.0366, -2.580153, 2.503817, -0.9389313, 173.1084, 100.772, 1.221341, -3.977099, -0.480916, 2.053435],
[1696, 4095, 2203, 2191, 1936, 290.6116, 315.794, 249.809, -3.59542, 1.587786, 0.5496183, 176.0452, 100.6452, 0.6443801, -2.580153, 1.267176, 1.801527],
[1690, 4095, 2206, 2167, 1931, 290.4548, 316.0341, 250.1159, -2.587786, 1.534351, 0.5496183, 172.7909, 100.7825, 1.284471, -3.717557, 1.427481, 1.656489],
[1699, 4095, 2180, 2169, 1926, 290.7827, 316.6068, 250.1652, -2.534351, 0.1526718, 0.007633588, 175.8289, 100.4154, 0.6685472, -2.175573, 1.351145, 1.70229],
[1699, 4095, 2203, 2175, 1938, 291.4328, 317.0313, 249.8193, -3.175573, 0.9236641, 1.007634, 175.6216, 100.3137, 0.6992579, -2.885496, 1.51145, 0.9160305],
[1697, 4095, 2190, 2176, 1939, 290.4329, 316.2165, 250.2532, -3.198473, 4.374046, 0.7709923, 172.138, 100.6348, 1.390961, -2.854962, 1.396947, 1.801527],
[1692, 4095, 2189, 2162, 1933, 291.0674, 317.4186, 250.4111, -4.442748, 3.175573, -0.05343511, 171.8321, 100.4964, 1.429582, -3.045802, 1.419847, 1.236641],
[1674, 4095, 2190, 2167, 1943, 290.8536, 317.0118, 250.355, -2.709924, 1.694656, 0.9389313, 173.9899, 100.3186, 1.001516, -2.671756, 0.9007633, 1.656489],
[1701, 4095, 2192, 2149, 1968, 291.5598, 317.4242, 249.9534, -2.778626, -0.1145038, -0.4885496, 175.2787, 101.0081, 0.8209536, -1.068702, 1.274809, 1.458015],
[1715, 4095, 2213, 2187, 1947, 290.4687, 317.3482, 250.9278, -2.473282, 3.916031, 1.732824, 176.8704, 100.9457, 0.5040777, -2.725191, 0.9083969, 1.610687],
[1702, 4095, 2197, 2188, 1951, 291.1275, 317.149, 250.1834, -2.633588, 1.282443, -0.7022901, 173.7198, 100.8924, 1.11619, -1.78626, 1.450382, 1.038168],
[1721, 4095, 2311, 2179, 1963, 291.0781, 317.365, 250.3672, -2.610687, 2.610687, 1.412214, 174.8491, 100.4808, 0.8572656, -4.251908, 1.59542, 1.061069],
[1698, 4095, 2205, 2179, 1949, 290.7736, 316.9585, 250.397, -2.687023, 1.625954, -0.2061069, 176.6878, 100.2196, 0.4973017, -1.396947, 1.908397, 1.755725],
[1709, 4095, 2227, 2171, 1941, 291.233, 318.3795, 250.8605, -3.541985, 1.625954, 1.038168, 175.8342, 101.0548, 0.7149003, -1.916031, 1.816794, 1.755725],
[1720, 4095, 2209, 2181, 1947, 290.8617, 317.4205, 250.6048, -1.748092, 2.320611, 0.2900764, 175.133, 100.4922, 0.8049014, -2.816794, 1.10687, 2.137405],
[1694, 4095, 2303, 2160, 1951, 291.0775, 318.1907, 250.8854, -4.923664, 2.374046, -0.3129771, 176.9034, 100.8294, 0.4912634, -2.412214, 1.480916, 1.229008],
[1712, 4095, 2192, 2185, 1943, 291.9779, 318.9945, 250.5717, -2.061069, 1.679389, 1.206107, 176.2244, 100.9392, 0.6299811, -1.580153, 1.473282, 2.534351],
[1712, 4095, 2203, 2177, 1968, 290.8782, 318.1246, 251.0273, -3.442748, 2.274809, -1.167939, 177.2586, 100.5499, 0.4091448, -3.70229, 1.778626, 2.061069],
[1709, 4095, 2224, 2192, 1958, 292.1475, 319.8991, 250.9886, -3.007634, -0.5725191, -0.2061069, 175.9246, 100.8456, 0.6818397, -2.832061, 1.19084, 1.076336],
[1726, 4095, 2217, 2185, 1962, 291.874, 318.7335, 250.5002, -3.206107, 2.160305, 1.10687, 176.8212, 100.833, 0.5073565, -1.40458, 2.625954, 1.137405],
[1727, 4095, 2208, 2202, 1982, 290.929, 318.6998, 251.3338, -4.541985, -0.5267176, -1.038168, 179.4292, 100.2771, -0.001174879, -6.007634, 1.78626, 0.6183206],
[1738, 4095, 2219, 2192, 1925, 290.5388, 317.3306, 250.8512, -3.137405, 0.1832061, -0.8091603, 174.3438, 100.3612, 0.9402038, -3.259542, 2.007634, 1.503817],
[1634, 4095, 2116, 2065, 1797, 289.0607, 327.585, 257.537, -6.305344, 4.671756, -4.167939, 167.9513, 100.7718, 2.237024, -5.374046, 2.160305, 1.198473],
[1635, 4095, 2128, 2082, 1809, 287.2168, 325.3019, 257.7971, -7.900764, 1.885496, -1.877863, 164.4375, 101.3084, 3.103675, -1.572519, 0.6793893, -0.4045802],
[1648, 4095, 2134, 2079, 1817, 289.3703, 334.0728, 260.2196, -13.10687, -12.8626, -10.12214, 159.2108, 98.13186, 3.033442, -14.1145, 14.93893, 9.251908],
[1650, 4095, 2147, 2099, 1837, 285.777, 332.3783, 261.5029, 3.816794, 7.267176, 1.557252, 176.9765, 97.44138, 0.2981734, -2.610687, -11.52672, 2.053435],
[1648, 4095, 2151, 2099, 1851, 285.0096, 342.1293, 264.9826, -4.396946, 5.099236, -2.633588, 170.2377, 96.88544, 1.103826, -3.244275, 0.06870229, 2.290076],
[1651, 4095, 2157, 2111, 1840, 287.1971, 335.4822, 261.8833, -3.335878, 2.427481, -1.603053, 169.0958, 97.42667, 1.353024, -2.969466, 1.89313, 2.29771],
[1657, 4095, 2157, 2111, 1843, 285.8329, 339.4346, 263.8479, -2.900763, 2.580153, -0.1755725, 167.3234, 96.88811, 1.474378, -0.2900764, 1.358779, 1.70229],
[1650, 4095, 2154, 2099, 1862, 285.3179, 340.4528, 264.3675, -2.465649, 1.221374, -0.8396947, 174.3465, 97.3495, 0.6384511, -2.717557, 0.2824428, 2.366412],
[1645, 4095, 2167, 2087, 1854, 287.6744, 338.6488, 262.822, 0.6259542, 2.969466, -1.129771, 177.5223, 98.54959, 0.2733097, -1.503817, -3.183206, 2.954198],
[1647, 4095, 2173, 2102, 1849, 286.6887, 337.9163, 262.9853, -4.198473, 2.885496, -2.763359, 173.7984, 98.46254, 0.8324291, -2.732824, 2.816794, 2.992366],
[1661, 4095, 2199, 2118, 1866, 286.4844, 340.5763, 263.9664, -2.832061, 1.503817, -0.9770992, 176.879, 98.71395, 0.3801417, -2.755725, 2.053435, 1.969466],
[1666, 4095, 2190, 2129, 1861, 287.0827, 341.7831, 264.1504, -2.946565, 3.847328, -0.1679389, 181.3627, 98.17361, 359.7261, -4.21374, 0.9465649, 2.251908],
[1676, 4095, 2193, 2131, 1890, 287.2688, 340.3066, 263.575, -2.580153, -0.3358779, 0.08396947, 180.9195, 98.74675, 359.7803, -2.236641, 1.229008, 1.59542],
[1652, 4095, 2192, 2131, 1877, 287.372, 340.8756, 263.7335, -4.10687, 1.961832, 0.1755725, 181.4101, 98.43452, 359.7123, -1.435114, 1.519084, 1.763359],
[1687, 4095, 2192, 2134, 1875, 286.3255, 342.5521, 264.6659, -3.824427, 3.167939, 0.7557252, 174.6684, 98.94485, 0.7458159, -4.40458, 2.206107, 0.8473283],
[1664, 4095, 2143, 2133, 1872, 287.3463, 338.6419, 262.9581, -4.366412, 4.114504, 0.7633588, 176.0777, 98.42602, 0.4848016, -3.236641, 2.137405, 1.068702],
[1663, 4095, 2189, 2127, 1862, 287.3916, 342.1988, 264.1834, -3.061069, -1.10687, -0.9160305, 180.0445, 98.65664, 359.9164, -2.862595, 1.007634, 2.29771],
[1658, 4095, 2203, 2130, 1885, 287.7309, 339.9812, 263.2795, -4.320611, 0.6412213, -0.7938931, 180.5098, 98.31267, 359.8485, -0.9160305, 1.641221, 1.870229],
[1658, 4095, 2189, 2117, 1872, 287.5917, 341.1166, 263.7357, -2.870229, 1.877863, 2.381679, 175.5794, 98.58996, 0.5724667, -2.816794, 0.3282443, 1.122137],
[1675, 4095, 2192, 2128, 1887, 288.6397, 338.3938, 262.314, -0.5496183, 0.4274809, 4.068702, 178.3422, 99.01578, 0.1618328, -1.343511, 0.832061, 0.9083969],
[1666, 4095, 2199, 2157, 1878, 288.2328, 339.1451, 262.7707, -4.030534, 1.198473, -0.5038168, 176.7758, 98.97043, 0.4105793, -4.59542, 2.725191, 1.618321],
[1680, 4095, 2206, 2126, 1904, 288.1351, 336.8618, 261.9534, -2.290076, 1.80916, 2.519084, 175.1192, 98.41309, 0.6279182, -3.320611, 1.763359, 1.183206],
[1708, 4095, 2210, 2128, 1883, 286.763, 339.3932, 263.4606, -3.89313, 0.2213741, 0.2977099, 178.7106, 98.69687, 0.0958756, -1.167939, 1.374046, 1.129771],
[1664, 4095, 2224, 2144, 1885, 287.9798, 337.0031, 262.0786, -1.717557, 0.6717557, 1.625954, 176.0394, 98.21774, 0.4761129, -4.305344, 0.5419847, 1.458015],
[1699, 4095, 2215, 2157, 1906, 287.7834, 338.7252, 262.8038, -3.725191, 3.916031, 0.1068702, 179.1946, 99.16146, 0.02714517, -2.80916, 0.3206107, 0.610687],
[1664, 4095, 2199, 2148, 1882, 287.0038, 337.2743, 262.6213, -0.9541985, 1.755725, -0.03816794, 179.3657, 99.1689, -0.0006420851, -2.770992, 1.328244, 3.076336],
[1674, 4095, 2225, 2142, 1857, 287.9335, 338.08, 262.5021, -3.801527, 3.183206, 1.045802, 181.0396, 98.47575, 359.767, -3.725191, 1.198473, 0.740458],
[1678, 4095, 2219, 2149, 1887, 287.3287, 337.9032, 262.7016, -3.519084, 2.916031, 0.832061, 178.7627, 99.07256, 0.09561604, -3.0, 1.381679, 1.083969],
[1692, 4095, 2193, 2112, 1893, 287.3444, 336.9551, 262.3521, -4.229008, 1.137405, -1.839695, 176.1017, 98.60201, 0.4932169, -5.137404, 0.7328244, 1.0],
[1673, 4095, 2215, 2159, 1906, 287.5051, 336.4137, 262.0791, -1.717557, -0.7938931, 0.8778625, 174.5551, 98.63212, 0.7338896, -2.885496, 0.9312977, 2.114504],
[1680, 4095, 2239, 2157, 1899, 287.472, 337.8963, 262.6364, -3.59542, 2.618321, -0.6183206, 175.6177, 98.81822, 0.5841744, -1.557252, 1.10687, 2.259542],
[1673, 4095, 2224, 2170, 1910, 287.3204, 337.272, 262.4779, -4.664122, 2.641221, -0.9694656, 177.9416, 98.84361, 0.2199483, -4.206107, 1.664122, 1.328244],
[1689, 4095, 2224, 2148, 1911, 287.0533, 337.2433, 262.588, -3.839695, 1.80916, -0.2977099, 177.4165, 98.39227, 0.2823535, -1.145038, 1.618321, 2.076336],
[1766, 4095, 2226, 2189, 1885, 286.5993, 337.235, 262.7891, -2.183206, 1.038168, 0.1832061, 181.21, 98.56242, 359.7393, -2.374046, 1.580153, 1.992366],
[1683, 4095, 2202, 2154, 1913, 287.1016, 337.3904, 262.6187, -3.572519, 4.076336, 1.671756, 182.6678, 98.48851, 359.521, -3.19084, 0.1603053, 1.450382],
[1632, 4095, 2207, 2158, 1905, 287.4559, 334.5391, 261.4021, -3.748092, 3.740458, 0.8244275, 178.0419, 98.43581, 0.1904807, -3.656489, 1.549618, 0.8625955],
[1679, 4095, 2230, 2151, 1907, 288.0488, 336.6648, 261.9186, -2.923664, 1.465649, 0.9847328, 177.851, 98.73229, 0.2300714, -2.618321, 0.480916, 1.458015],
[1683, 4095, 2231, 2159, 1911, 287.1041, 334.803, 261.6791, -3.496183, 3.59542, 0.5648855, 179.3071, 98.29668, -0.0006830692, -2.19084, 2.282443, 1.129771],
[1666, 4095, 2227, 2151, 1914, 287.6063, 336.4462, 262.0435, -3.068702, 2.671756, 1.503817, 181.371, 98.66691, 359.7121, -3.412214, 1.007634, 1.229008],
[1682, 4095, 2239, 2167, 1943, 287.2056, 333.5587, 261.1614, -2.969466, 3.549618, -0.1603053, 180.6644, 98.72993, 359.8201, -3.763359, 0.5267176, 1.839695],
[1695, 4095, 2224, 2175, 1927, 286.7959, 334.0274, 261.5512, -1.40458, 2.458015, 1.015267, 177.9345, 97.95455, 0.189538, -2.503817, 0.5648855, 1.381679],
[1674, 4095, 2239, 2161, 1950, 287.7614, 334.9438, 261.4013, -1.603053, 2.450382, 1.564886, 179.177, 98.90496, 0.02658505, -3.145038, 0.6335878, 1.969466],
[1685, 4095, 2219, 2158, 1911, 288.3042, 335.4216, 261.3157, -3.969466, 2.091603, -0.7938931, 175.4381, 98.80701, 0.6115655, -4.625954, 1.198473, 1.259542],
[1703, 4095, 2215, 2159, 1926, 287.8599, 335.5069, 261.5677, -3.503817, 3.114504, 1.862595, 177.736, 98.97546, 0.2574488, -3.465649, 1.496183, 1.167939],
[1691, 4095, 2225, 2170, 1954, 286.9733, 334.3307, 261.5712, -2.099237, 2.335878, 0.5648855, 177.4323, 98.47904, 0.2838562, -2.862595, 1.015267, 1.152672],
[1682, 4095, 2229, 2171, 1913, 288.05, 333.9773, 260.8771, -1.625954, 0.1984733, -0.05343511, 178.5264, 98.03272, 0.107802, -2.755725, 1.442748, 1.610687],
[1699, 4095, 2223, 2172, 1925, 287.3023, 335.8592, 261.971, -2.832061, 6.503817, 3.274809, 176.3198, 98.64437, 0.4624788, -2.030534, 1.725191, 1.870229],
[1693, 4095, 2214, 2211, 1917, 287.4282, 333.3077, 260.9467, -1.931298, 1.648855, 0.6335878, 177.9938, 98.62686, 0.2042787, -4.40458, 0.7251908, 1.832061],



