[1441, 4095, 3215, 2047, 2315, 264.407, 92.99756, 330.8146, -98.45038, -102.4198, 250.1298, 205.2067, 113.8231, 348.1093, -3.847328, 20.35878, 12.8397],
[1463, 4095, 3243, 2079, 2311, 231.2859, 112.2223, 332.768, 108.8473, 36.16794, -250.1374, 213.9255, 113.1223, 343.8053, 5.671756, -6.801527, -1.389313],
[1395, 3915, 3263, 2079, 2311, 63.16162, 77.65322, 23.23303, -69.0458, -37.96947, 161.4886, 213.8736, 114.4993, 342.8168, 0.6412213, 11.24428, 7.587786],
[1479, 4095, 3375, 2097, 2341, 239.0574, 152.5704, 287.1103, -19.03053, 21.83969, 65.67939, 212.5606, 114.1796, 343.8331, 3.992366, -3.870229, 2.129771],
[1434, 4079, 3359, 2064, 2333, 81.2034, 86.62024, 20.50269, -81.16794, 25.21374, -39.23664, 221.6533, 115.2048, 337.0859, -37.29008, -3.381679, -8.007633],
[1471, 4095, 3365, 2101, 2333, 239.8274, 122.8334, 311.7753, -102.229, -18.19847, 230.5115, 213.4553, 115.9457, 342.0019, 7.328244, 10.42748, 7.305344],
[1499, 4095, 3395, 2123, 2359, 240.598, 114.8603, 320.3132, 197.5878, 22.33588, -250.1374, 214.6071, 115.0732, 341.9312, 0.5572519, -0.6946565, 0.7175572],
[1462, 4095, 3383, 2119, 2352, 341.6378, 85.03518, 358.3182, -44.46565, -55.59542, 234.2672, 213.1163, 116.7593, 341.6167, -5.763359, 13.32061, 9.251908],
[1509, 4095, 3413, 2130, 2326, 232.3571, 137.4955, 305.0377, 49.9313, 4.541985, -98.96183, 218.4618, 115.0067, 339.482, 0.03816794, -0.9236641, -2.030534],
[1456, 4095, 3399, 2119, 2359, 88.18799, 88.66673, 35.76857, -34.58779, 12.35878, 13.03053, 204.4353, 113.8639, 348.4866, -0.6183206, -8.198473, 1.458015],
[1547, 4095, 3421, 2128, 2330, 240.5697, 137.6517, 297.0079, -101.4198, 1.801527, 181.8321, 213.5565, 114.462, 343.0363, 5.053435, 7.694656, 0.6412213],
[1503, 4095, 3441, 2150, 2368, 91.19124, 90.43834, 22.19608, -79.32061, 23.66412, -72.63359, 221.0768, 115.2222, 337.4829, -13.27481, -15.08397, -5.045802],
[1543, 4095, 3409, 2139, 2359, 242.3217, 113.5044, 320.0699, -75.51145, -19.16794, 241.0382, 208.8786, 113.604, 346.2914, 1.48855, 7.80916, 2.229008],
[1546, 4095, 3339, 2173, 2351, 248.0339, 126.9454, 297.9774, 189.1756, -0.9236641, -250.1374, 211.1779, 114.0483, 344.7244, 0.5038168, -1.89313, -4.656488],
[1530, 4095, 3295, 2182, 2375, 26.27754, 81.16549, 4.271478, 11.14504, -50.17557, 175.5343, 213.4783, 114.5039, 343.0526, -13.89313, 18.69466, 7.694656],
[1552, 4095, 3227, 2165, 2363, 244.2052, 151.44, 284.5757, -53.87023, 29.81679, 123.2595, 213.56, 112.1533, 344.7181, -3.015267, 4.954198, -4.328244],
[1469, 4095, 3280, 2190, 2398, 70.76215, 87.29087, 7.427545, -103.5725, 29.58015, -20.89313, 217.2732, 113.2801, 341.689, -9.229008, -15.94656, -5.870229],
[1533, 4095, 3295, 2193, 2391, 243.8756, 119.8957, 310.2108, -122.3893, -8.78626, 250.1298, 213.4148, 112.7402, 344.3745, -2.900763, 8.374045, 0.5496183],
[1553, 4095, 3307, 2192, 2363, 241.8901, 123.7999, 308.3465, 152.0076, -17.56489, -250.1374, 214.2089, 113.4013, 343.4341, 2.885496, -2.51145, -0.7328244],
[1521, 4095, 3303, 2175, 2384, 122.2705, 95.54033, 8.746319, -68.70229, -24.54199, 242.7481, 212.9917, 114.8257, 343.1119, -9.183207, 12.0687, 8.80916],
[1561, 4095, 3312, 2207, 2399, 236.3685, 159.8796, 283.532, -62.64885, 15.19847, 95.83206, 214.1157, 113.7254, 343.2475, 1.763359, 1.48855, 0.06870229],
[1552, 4095, 3327, 2215, 2407, 141.5546, 105.1356, 12.06281, -59.13741, 16.25191, -49.08397, 220.1656, 113.1491, 339.9689, -16.16794, -16.03053, -3.374046],
[1549, 4095, 3312, 2193, 2405, 241.9362, 127.3633, 304.6931, -144.8473, 19.40458, 250.1298, 211.8553, 112.788, 345.2057, -3.480916, 6.832061, 2.320611],
[1562, 4095, 3355, 2234, 2416, 235.2631, 153.8041, 288.6561, 250.1298, -95.22138, -250.1374, 214.1412, 112.1399, 344.4072, 0.1450382, -1.152672, -1.816794],
[1552, 4095, 3371, 2241, 2417, 219.6269, 100.8119, 350.8542, -111.771, 22.51145, 210.5649, 216.6719, 113.0914, 342.2089, -15.23664, 3.954198, 4.816794],
[1582, 4095, 3349, 2243, 2422, 237.802, 153.5788, 287.1995, -19.48855, 20.89313, 49.47328, 213.8152, 112.3068, 344.4657, -0.9389313, 1.145038, -1.633588],
[1565, 4095, 3351, 2261, 2407, 135.7552, 106.9943, 16.52357, -42.38168, 35.9313, -66.66412, 215.3882, 113.5707, 342.6058, -4.648855, -16.91603, -2.557252],
[1583, 4095, 3371, 2228, 2437, 236.759, 122.6021, 315.4611, -143.0916, 27.91603, 250.1298, 210.3974, 112.4563, 346.2111, 3.610687, 24.53435, 4.007634],
[1574, 4095, 3347, 2281, 2443, 244.2008, 160.6221, 279.506, 250.1298, -118.5954, -250.1374, 212.9795, 112.2293, 344.9814, 1.198473, 4.351145, -0.648855],
[1545, 4095, 3409, 2267, 2433, 138.2551, 98.55478, 7.608503, -37.99237, -1.763359, 171.0611, 213.1639, 114.3498, 343.3538, -14.70992, 10.37405, 6.030534],
[1568, 4095, 3409, 2249, 2447, 247.7773, 162.6296, 277.1511, -19.51908, 16.03053, 27.14504, 213.2557, 112.2821, 344.7926, 1.717557, 3.40458, -1.51145],
[1570, 4095, 3423, 2241, 2454, 168.2842, 101.4431, 2.313924, -49.30534, 11.69466, -49.45038, 221.188, 111.4117, 340.873, -13.67176, -13.45038, -4.610687],
[1552, 4095, 3391, 2247, 2469, 243.3852, 115.8079, 315.7531, -117.0763, 30.70229, 250.1298, 207.8303, 111.1001, 348.3358, -2.824427, -8.030535, 3.152672],
[1553, 4095, 3391, 2227, 2450, 245.702, 124.8995, 302.6729, 244.6107, -110.0382, -250.1374, 216.0625, 111.4361, 343.8716, 3.229008, 4.167939, -0.2061069],
[1547, 4095, 3421, 2256, 2463, 159.6558, 104.1384, 5.255029, -33.65649, 18.9313, 124.8473, 213.9545, 112.1576, 344.4976, -15.33588, 13.12977, 3.381679],
[1571, 4095, 3414, 2224, 2459, 244.1151, 145.9221, 287.9966, -52.19848, 25.99237, 54.58779, 215.9831, 111.952, 343.5143, 0.6870229, 5.267176, -1.625954],
[1551, 4095, 3443, 2239, 2475, 184.7228, 108.3583, 358.331, 39.73283, -0.03816794, -117.3435, 216.0074, 112.4952, 343.0759, -6.564886, -12.55725, 0.09160305],
[1552, 4095, 3435, 2224, 2455, 238.3473, 114.3215, 323.5013, -160.4351, 56.57252, 250.1298, 213.424, 112.1629, 344.7859, -0.6335878, 7.473282, 6.21374],
[1581, 4095, 3450, 2218, 2457, 249.4145, 136.2554, 289.5803, 180.1069, -73.03817, -246.2748, 215.7897, 112.3748, 343.2963, -3.51145, 1.473282, -1.19084],
[1557, 4095, 3455, 2256, 2463, 92.37706, 90.65681, 16.6632, -27.80916, -7.167939, 61.87786, 215.7838, 111.2476, 344.1723, 3.152672, -0.5419847, 10.51908],
[1561, 4095, 3447, 2205, 2467, 238.3416, 150.7467, 288.8744, -138.9084, 45.17557, 191.2366, 215.1294, 112.3727, 343.6769, 6.954198, 2.80916, 0.610687],
[1549, 4095, 3455, 2215, 2481, 146.9187, 117.7758, 18.85495, 78.19847, -6.603054, -250.1374, 214.3426, 113.4841, 343.2938, 9.992367, -7.954198, 5.396946],
[1562, 4095, 3461, 2234, 2476, 241.6013, 109.5154, 326.4852, -165.855, 15.76336, 250.1298, 214.8194, 112.7944, 343.5349, 9.900764, 11.45802, 9.610687],
[1565, 4095, 3459, 2187, 2443, 248.336, 163.6533, 276.5165, 180.4351, -63.09924, -250.1374, 219.0885, 112.2237, 341.4557, 0.259542, 1.984733, -4.572519],
[1535, 4095, 3467, 2221, 2480, 123.0296, 98.11096, 12.36165, -29.76336, 18.62595, 58.9084, 217.2229, 111.7457, 342.966, -10.64885, 2.10687, 3.946565],
[1560, 4095, 3471, 2193, 2480, 233.9077, 161.3667, 283.643, -134.2137, 45.80153, 153.4962, 213.4062, 112.58, 344.4951, 4.992366, -3.694656, 1.099237],
[1584, 4095, 3503, 2225, 2466, 165.9642, 121.2914, 8.526671, 120.313, -40.54962, -250.1374, 215.5789, 112.5631, 343.2722, 2.251908, -7.51145, 5.534351],
[1590, 4095, 3471, 2214, 2474, 241.1738, 118.7866, 314.7941, -242.771, 60.9084, 250.1298, 212.9392, 112.6113, 344.7322, 1.916031, 16.28244, 7.419847],
[1343, 4047, 3229, 1872, 2283, 80.06547, 81.72184, 39.58018, -124.603, 27.21374, -109.2443, 229.5094, 113.5607, 332.7249, -13.91603, -20.01527, -2.778626],
[1444, 4095, 3355, 1835, 2283, 258.9571, 112.478, 294.9437, 32.64885, -10.77863, 195.6717, 223.897, 114.0161, 336.592, 0.6870229, 18.16794, 3.564885],
[1381, 3950, 3309, 1907, 2314, 44.68985, 76.82303, 12.90337, -51.89313, 44.31298, -250.1374, 228.7221, 116.2419, 330.4624, 3.435115, -27.0229, 0.1526718],
[1489, 4095, 3363, 1866, 2341, 262.9139, 94.99185, 324.1048, -6.045802, -127.3588, 250.1298, 221.2097, 115.5733, 337.0662, -2.274809, 17.59542, 3.183206],
[1511, 4095, 3415, 1862, 2354, 259.9508, 97.29391, 323.5767, 73.45802, 34.99237, -250.1374, 229.2537, 115.1294, 331.2136, 1.442748, -20.62595, -0.03816794],
[1467, 4095, 3397, 1901, 2369, 49.09627, 69.80936, 22.87854, -56.41222, -93.57252, 250.1298, 226.4341, 117.8247, 330.759, 8.931297, 28.08397, 9.679389],
[1507, 4095, 3415, 1877, 2352, 254.7681, 141.4633, 282.0727, 60.25191, -6.938931, -210.3664, 222.0132, 115.3672, 336.674, 2.045802, -7.671756, -8.984733],
[1424, 4095, 3439, 1963, 2422, 73.42712, 76.1226, 39.58348, 23.98474, -54.0229, 136.7328, 223.4051, 115.4048, 335.6075, 6.763359, 10.8855, 10.16031],
[1514, 4095, 3399, 1877, 2335, 250.5544, 160.38, 277.0426, -17.83969, -17.73282, 51.92367, 223.7769, 114.2738, 336.4285, 0.3129771, 4.229008, 1.519084],
[1420, 4095, 3343, 1929, 2383, 69.47008, 85.86686, 10.65957, -129.5343, 27.30534, -86.38167, 226.9921, 116.4252, 331.7376, -17.45038, -12.43512, -6.335878],
[1470, 4095, 3408, 1956, 2416, 244.8074, 112.6698, 318.119, -58.45038, -35.17557, 250.1298, 226.9126, 114.9131, 333.3803, -10.33588, 13.49618, 11.9313],
[1506, 4095, 3423, 1911, 2413, 249.148, 139.0054, 288.1331, 193.4809, -21.46565, -250.1374, 227.8744, 116.2056, 331.2265, 5.900764, -7.740458, -5.587786],
[1447, 4095, 3445, 2026, 2446, 95.47583, 93.8804, 35.36118, -35.21374, -48.07634, 250.1298, 222.9104, 117.9584, 333.5324, 9.022901, 20.71756, 11.14504],
[1487, 4095, 3483, 1939, 2386, 235.647, 160.7498, 283.2613, 13.34351, -5.320611, -146.9007, 226.7473, 114.2167, 334.2377, 0.5267176, 0.7480916, -5.80916],
[1450, 4095, 3465, 2083, 2494, 95.22887, 93.22575, 31.78931, -50.96183, -3.656489, 57.8168, 222.1994, 115.165, 336.7277, 3.045802, -0.9236641, 10.69466],
[1546, 4095, 3638, 2000, 2467, 243.8191, 198.2354, 260.7156, 104.0382, -51.19084, -30.96183, 222.9089, 115.7923, 335.6083, 14.92366, -1.503817, -3.381679],
[1456, 4095, 3551, 2067, 2551, 85.4877, 89.48329, 5.471876, -65.0687, 37.29008, -42.26717, 238.4325, 113.0947, 324.9856, -48.52672, -7.137404, -2.022901],
[1493, 4095, 3603, 2017, 2503, 235.8828, 130.2407, 308.4519, -73.84733, -1.656489, 250.1298, 226.7279, 113.4855, 335.0147, 4.099236, 0.4274809, 0.3129771],
[1525, 4095, 3805, 1989, 2416, 237.8803, 123.4762, 313.2718, 191.4351, 17.9313, -250.1374, 228.5907, 114.6591, 332.2825, -1.480916, -5.51145, 1.572519],
[1460, 4095, 3733, 2031, 2479, 75.83716, 84.24128, 21.52348, -25.9084, -80.9313, 212.3282, 224.7526, 117.084, 332.9066, -8.572519, 23.58015, 11.41221],
[1526, 4095, 3687, 1920, 2351, 247.2934, 150.7372, 283.0378, 50.31298, -50.48855, -93.05344, 227.2289, 114.233, 333.8412, 1.183206, -2.496183, -6.740458],
[1413, 4095, 3446, 1991, 2479, 84.03131, 87.23502, 24.34073, -49.27481, 46.28244, -36.73283, 223.5423, 112.7149, 338.1074, -26.24428, -6.496183, 2.312977],
[1472, 4095, 3663, 1801, 2263, 249.8745, 188.0489, 266.9449, -154.2519, 133.5725, 232.8473, 216.004, 115.523, 340.6843, 14.98473, 8.923664, 8.526717],
[1413, 4095, 3675, 1937, 2439, 124.8366, 104.9209, 20.91449, -238.687, 136.8626, -139.2748, 224.031, 113.9468, 336.5622, 10.44275, -24.32825, -5.229008],
[1428, 4095, 3717, 1918, 2471, 246.9428, 113.0714, 314.6959, -98.34352, -13.52672, 250.1298, 226.8404, 114.022, 334.368, -14.96183, 14.60305, 3.801527],
[1456, 4095, 3729, 1954, 2469, 249.9762, 109.1327, 316.0956, 213.5114, -175.4122, -250.1374, 228.8417, 115.5948, 331.0587, -4.183206, -6.519084, 0.09923664],
[1424, 4095, 3619, 1997, 2510, 76.99139, 84.93367, 20.71005, 49.67176, -40.74046, 101.542, 221.6453, 116.7441, 335.6627, -6.854962, 12.74809, -0.4122138],
[1475, 4095, 3731, 1893, 2510, 247.7919, 192.539, 264.7262, -110.0992, 66.47328, 108.4504, 223.2618, 115.2396, 335.8742, 1.572519, 1.396947, -1.419847],
[1420, 4095, 3715, 1946, 2534, 54.20117, 80.33036, 13.12814, -30.0458, 41.70992, -111.7176, 236.5973, 112.7899, 327.2521, -23.71756, -14.0916, -14.36641],
[1475, 4095, 3760, 1990, 2527, 248.5392, 104.8819, 325.619, -31.49618, 36.51145, 250.1298, 232.1373, 114.4092, 329.4969, -4.89313, 5.923664, 6.312977],
[1499, 4095, 3951, 1904, 2443, 270.311, 88.8289, 289.319, 166.2519, -179.1298, -250.1374, 227.1327, 114.7937, 333.3287, -0.7709923, -2.961832, -6.114504],
[1475, 4095, 3718, 1954, 2539, 74.22064, 85.68358, 14.66275, 0.3206107, 9.610687, 82.8168, 224.2707, 116.3182, 334.0503, -13.70229, 5.572519, 4.030534],
[1472, 4095, 3419, 1891, 2512, 253.2566, 191.3514, 266.4641, -4.175572, -25.43511, 35.21374, 223.2354, 115.1977, 335.9341, 6.030534, 0.007633588, 3.167939],
[1472, 4095, 3170, 1922, 2534, 239.4553, 100.1934, 342.8058, -123.7786, 108.4351, -183.4809, 224.2156, 116.4051, 334.0079, -11.82443, -13.50382, -5.38168],
[1489, 4095, 3311, 2031, 2559, 342.6736, 80.42599, 356.9623, -46.00763, -146.5267, 250.1298, 225.1588, 116.277, 333.3873, -9.885496, 33.77863, 7.572519],
[1530, 4095, 3312, 1921, 2519, 254.4622, 177.6489, 270.5578, 92.06107, 56.9313, -93.44275, 230.4384, 113.4697, 332.0529, 5.274809, -11.71756, -3.160305],
[1469, 4095, 3375, 1957, 2559, 91.9996, 91.35295, 34.50068, -15.25191, -11.45802, 74.79389, 227.0844, 114.8447, 333.314, -3.763359, 11.67939, 5.419847],
[1471, 4095, 3369, 1921, 2542, 240.6666, 169.0401, 276.0759, -139.3359, 60.12977, 220.0916, 222.8859, 116.6214, 334.8328, 15.17557, 5.519084, 3.51145],
[1488, 4095, 3411, 1974, 2587, 181.0941, 119.185, 359.2783, 63.70229, -54.69466, -250.1374, 225.3761, 117.21, 332.2715, 10.87023, -8.015267, 6.206107],
[1508, 4095, 3463, 2022, 2589, 238.5172, 113.8238, 323.9549, -18.63359, -36.46565, 250.1298, 217.8421, 116.4955, 338.6425, -0.8091603, 18.98473, 6.832061],
[1504, 4095, 3475, 1956, 2597, 248.6155, 187.0344, 267.1418, 118.4198, -35.75573, -250.1374, 226.2764, 113.7472, 335.0885, -3.526718, -3.015267, -0.7709923],
[1469, 4095, 3505, 2019, 2591, 118.5923, 101.8013, 20.95768, -6.587786, 3.343511, 26.39695, 224.9815, 114.3009, 335.5074, -6.770992, -2.129771, 4.740458],
[1529, 4095, 3519, 1997, 2611, 241.2334, 154.9755, 284.2126, -145.8855, 101.7863, 223.0687, 224.9602, 113.9516, 335.873, 4.687023, 3.435115, 3.152672],
[1493, 4095, 3525, 2015, 2630, 244.2664, 157.0987, 281.3584, 250.1298, -189.7481, -250.1374, 226.9692, 113.976, 334.3155, -7.946565, 3.083969, 0.03053435],
[1488, 4095, 3521, 2055, 2607, 144.2872, 103.5604, 9.77953, -41.05344, 24.22901, 250.1298, 227.5857, 115.4021, 332.319, -9.473283, 5.877862, 3.351145],
[1516, 4095, 3583, 1904, 2574, 257.3614, 169.3019, 272.322, -22.77099, 6.320611, 14.8626, 223.9062, 114.7329, 335.8853, 4.885496, -4.61832, -3.259542],
[1442, 4095, 3323, 1970, 2559, 153.965, 103.3359, 6.533817, -45.85496, 37.37405, -91.80153, 225.2095, 114.9386, 334.6935, -4.19084, -15.43511, -6.748092],
[1425, 4095, 3092, 1947, 2491, 266.9533, 94.13534, 305.092, 104.5038, 26.38931, 209.7633, 223.565, 113.7746, 337.0666, -12.78626, 9.564885, 4.091603],
[1408, 4095, 3667, 1822, 2419, 262.3654, 104.1224, 297.6055, 4.770992, 18.53435, -175.8015, 232.1861, 115.9176, 327.7154, 5.709924, -12.96183, -4.91603],
[1349, 4095, 3647, 1941, 2518, 65.66419, 69.63455, 39.27315, -8.961832, -32.13741, 75.51145, 229.1334, 116.507, 329.8176, 0.6183206, 12.45802, 3.435115],
[1413, 4095, 3637, 1806, 2469, 258.1451, 117.2418, 291.9154, 22.32825, -16.91603, 15.77863, 229.0085, 117.6968, 328.6432, 6.885496, 4.89313, -2.534351],
[1338, 4095, 3499, 1936, 2555, 358.5905, 80.38951, 359.7095, -31.56489, 18.83206, -250.1374, 233.179, 119.7365, 322.4219, -13.8626, -19.34351, -0.4122138],
[1376, 4095, 3567, 1926, 2573, 240.4929, 105.7267, 333.2836, 59.61069, -17.61069, 250.1298, 229.4625, 116.08, 329.9939, -12.84733, 26.62596, 2.870229],
[1413, 4095, 2943, 1824, 2229, 268.8599, 91.15256, 310.7512, -75.94656, 77.09924, -244.2672, 229.6538, 118.2578, 327.4513, 1.618321, -15.69466, 1.114504],
[1413, 4047, 2815, 1914, 2339, 57.74569, 57.9781, 44.6537, -0.5877862, -34.48855, 65.78626, 234.2991, 117.8091, 323.4842, 0.4274809, 15.45038, -0.2900764],
[1424, 3391, 2751, 1893, 2358, 263.7112, 99.88845, 301.7109, 30.01527, -39.31298, 27.86259, 227.1702, 117.3398, 330.6327, 1.80916, 6.274809, 1.633588],
[1341, 3423, 2851, 1899, 2374, 276.3794, 87.21079, 337.2584, -23.99237, 101.9618, -135.4275, 226.8991, 119.995, 328.1136, -14.08397, -26.47328, 4.526718],
[1354, 3747, 2970, 1888, 2402, 299.5498, 76.85155, 337.7321, -22.9313, -164.0, 250.1298, 230.9884, 119.9334, 324.367, 11.32061, 48.24428, 8.40458],
[1334, 3866, 3091, 1755, 2352, 256.1407, 113.9155, 298.7933, 86.82443, 57.20611, -250.1374, 232.4641, 116.1743, 327.1607, 14.55725, -23.16031, -5.977099],
[1320, 3711, 3135, 1905, 2405, 48.11607, 59.71484, 32.97487, 9.251908, -42.55725, 47.32824, 228.5443, 119.3937, 327.2508, 2.48855, 15.9771, 2.862595],
[1368, 4081, 3199, 1779, 2388, 255.0005, 144.8981, 280.511, 11.57252, -118.0382, -40.30534, 227.2708, 119.3851, 328.4127, 2.0, 12.64122, 1.671756],
[1313, 4005, 3303, 1897, 2437, 81.6509, 83.51497, 37.58984, -99.09924, 79.41985, -86.99237, 237.4314, 116.6723, 321.5703, -14.39695, -28.07634, -3.320611],
[1369, 3997, 3363, 1865, 2469, 249.0364, 116.7968, 306.9108, 87.98473, 134.1908, 250.1298, 227.4854, 115.6943, 332.0934, -3.580153, 21.71756, 12.35114],
[1373, 4015, 3479, 1824, 2467, 251.1667, 104.8889, 321.717, 101.1527, -14.56489, -250.1374, 230.9757, 118.2085, 326.2747, -2.618321, -15.9313, -2.496183],
[1332, 4031, 3583, 1987, 2534, 81.13098, 86.14816, 22.98937, -42.50382, -62.73283, 250.1298, 229.3491, 119.3459, 326.559, -1.564886, 17.82443, 4.473282],
[1375, 4095, 3479, 1869, 2515, 267.9588, 94.56466, 292.8547, 7.19084, -26.9084, -59.1603, 232.9004, 115.2588, 327.8086, -2.923664, -7.580153, -6.358778],
[1330, 3611, 3303, 2003, 2574, 80.06935, 83.73103, 31.88917, -72.58016, 49.51909, -121.3817, 234.6526, 117.4536, 323.5393, -32.25954, -20.9771, -0.2671756],
[1367, 3999, 3335, 1847, 2511, 255.5276, 104.0484, 315.4929, 74.84733, -16.17557, 117.9542, 226.1299, 118.1704, 330.6638, -6.10687, 25.61832, 1.763359],
[1389, 4095, 3295, 1919, 2544, 268.3828, 90.65908, 334.2445, -121.9466, 24.36641, -250.1374, 228.0567, 119.2258, 327.8725, 7.816794, -22.12977, 4.450382],
[1376, 3895, 3377, 2017, 2575, 25.62694, 74.99449, 7.221886, -65.46566, -129.1908, 250.1298, 227.5047, 119.1558, 328.4426, -16.82443, 28.25191, 0.6717557],
[1424, 4095, 3255, 1932, 2525, 264.1481, 100.5971, 298.1529, 51.85496, -39.42748, -250.1374, 228.4341, 115.1269, 331.9082, 19.80916, -20.53435, -5.122138],
[1445, 4095, 3267, 2089, 2557, 75.78862, 85.65354, 16.40364, 16.09924, 6.091603, 35.36641, 227.2731, 118.7915, 329.0288, 0.389313, 7.900764, 7.450382],
[1437, 4095, 3248, 1953, 2551, 247.2482, 154.8127, 281.0085, -95.49619, 71.70229, 169.1908, 227.9697, 117.7639, 329.4935, -4.870229, 12.30534, 2.251908],
[1437, 4095, 3271, 2006, 2557, 167.0713, 113.4735, 5.588599, -4.183206, 19.79389, -250.1374, 225.2746, 118.448, 331.1085, 12.31298, -25.09924, 2.656489],
[1456, 4095, 3267, 2105, 2557, 224.0825, 98.96315, 351.1456, 18.47328, -62.57252, 250.1298, 226.0184, 118.2071, 330.7215, -5.80916, 25.08397, 9.587787],
[1458, 4095, 3302, 2029, 2559, 250.3857, 173.6171, 272.1743, 105.1603, -59.82443, -199.8244, 228.0476, 114.8023, 332.5766, 11.80916, -12.33588, -8.374045],
[1482, 4095, 3121, 2108, 2594, 102.6452, 93.78085, 16.56171, -20.21374, 29.61069, 27.0687, 229.7974, 117.7725, 327.8472, 4.70229, 3.152672, 4.374046],
[1442, 4095, 3331, 2022, 2615, 245.6769, 170.8962, 274.0215, -161.7023, 72.57252, 172.8779, 227.5484, 118.0638, 329.5474, 5.503817, 10.70992, 6.961832],
[1461, 4095, 3347, 2075, 2601, 188.4507, 115.5093, 355.827, 28.75573, -61.79389, -243.4351, 224.8966, 119.0023, 330.8727, 11.03817, -19.31298, 3.145038],
[1438, 4095, 3375, 2089, 2627, 244.2825, 112.2335, 319.4012, -209.9847, 168.0229, 250.1298, 226.9748, 118.0212, 330.0913, -15.53435, 17.22901, 6.541985],
[1471, 4095, 3413, 1989, 2604, 251.7562, 153.961, 279.0081, 224.7633, -151.1298, -250.1374, 226.2921, 116.9331, 331.7955, 2.763359, -2.40458, -2.51145],
[1463, 4095, 3331, 2041, 2606, 140.3959, 104.1323, 11.71475, -20.83206, 34.92367, -23.9084, 226.9642, 117.2026, 330.9514, -8.129771, -6.694656, 1.687023],
[1455, 4095, 3419, 1970, 2595, 255.336, 131.2799, 286.4016, -122.1221, 128.1756, 159.0305, 226.582, 118.1669, 330.2797, -0.7022901, 5.755725, 1.045802],
[1451, 4095, 3479, 2009, 2581, 215.9017, 109.3479, 345.5703, 66.78627, -80.05343, -242.4122, 229.7259, 118.3662, 327.2674, 2.992366, -7.412214, 1.312977],
[1498, 4095, 3473, 2063, 2617, 225.8564, 101.2634, 348.2225, -126.4122, 44.22901, 250.1298, 225.0291, 119.2225, 330.5394, -5.442748, 15.67176, 4.763359],
[1488, 4095, 3477, 2023, 2614, 242.8118, 142.4564, 291.3544, 9.129771, -16.44275, -16.0229, 228.2772, 116.7098, 330.3454, 3.748092, -2.51145, -1.51145],
[1441, 4095, 3447, 2066, 2623, 172.4353, 94.84301, 0.5578353, -10.34351, 6.305344, -92.42748, 230.7649, 117.0863, 327.7145, -20.81679, -7.832061, -3.847328],
[1506, 4095, 3471, 2079, 2625, 249.23, 104.6015, 325.1857, 0.6564885, 14.31298, 205.0153, 228.0335, 116.9017, 330.3515, -15.16031, 8.717557, 2.526718],
[1485, 4095, 3504, 1965, 2615, 252.3902, 124.5858, 294.4873, 87.99236, -53.08397, -157.2824, 226.796, 116.6653, 331.6516, 2.770992, -4.755725, -3.961832],
[1458, 4095, 3499, 2022, 2619, 95.77021, 91.1283, 11.57597, -12.75573, 26.67939, -26.94657, 228.7287, 117.3684, 329.2454, -3.267176, -3.038168, 2.862595],
[1488, 4095, 3507, 2031, 2639, 254.1122, 106.2881, 313.8878, 93.31298, -26.45038, 93.85497, 221.1688, 116.4188, 336.3196, 7.122138, 18.73282, 4.419847],
[1443, 4095, 3483, 1944, 2527, 249.6053, 104.0435, 325.7326, 2.183206, -5.099236, -246.5191, 223.617, 116.9977, 333.8995, 7.694656, -9.450381, 1.122137],
[1471, 4095, 3517, 2067, 2515, 25.91782, 76.60261, 6.494158, 50.35878, -43.91603, 125.5267, 226.8908, 115.5162, 332.7688, 7.10687, 11.49618, 2.603053],
[1474, 4095, 3567, 1919, 2443, 257.6735, 104.88, 309.0311, -5.053435, 4.236641, 15.19084, 224.8259, 114.6741, 335.2521, -0.3053435, -1.977099, -8.244275],
[1473, 4095, 3469, 2055, 2559, 51.84355, 78.6183, 14.21728, -20.16031, 59.48092, -66.56489, 231.5388, 114.9783, 329.3818, -28.46565, -10.80153, -3.19084],
[1503, 4095, 3539, 1990, 2579, 249.3298, 110.7227, 314.6167, -79.71756, -3.480916, 250.1298, 220.717, 115.3122, 337.6567, -4.030534, 22.89313, 8.580153],
[1404, 4095, 3463, 1836, 2495, 250.0476, 120.2539, 301.6424, 34.1145, 95.06106, -231.9389, 217.2834, 111.7149, 342.9559, 7.175572, -5.91603, -3.053435],
[1358, 4095, 3419, 1931, 2537, 54.27958, 66.84369, 30.62926, -4.145038, -52.71756, 123.7481, 224.4824, 113.1925, 336.9779, 3.992366, 10.44275, 11.0916],
[1434, 4095, 3551, 1893, 2480, 262.9244, 105.0961, 294.2914, 36.22901, 0.0610687, -197.7939, 216.7526, 113.5612, 341.782, -20.72519, -2.21374, -12.57252],
[1453, 4095, 3479, 2021, 2557, 61.19807, 74.59346, 26.47948, -45.82443, -22.34351, 62.31298, 225.4097, 113.3992, 336.0953, -4.229008, -3.10687, 4.251908],
[1444, 4095, 3515, 1935, 2545, 247.2838, 149.9108, 283.4754, -140.1908, 85.80916, 161.9008, 218.8435, 115.2431, 339.0209, 4.847328, 2.694656, 2.984733],
[1413, 4095, 3519, 2014, 2551, 108.0251, 101.4088, 31.78215, -61.77863, 62.39695, -133.3435, 214.817, 114.4194, 342.3004, 7.862596, -18.68702, 1.671756],
[1488, 4095, 3470, 1919, 2559, 249.7246, 109.3414, 316.1515, -16.76336, 99.31298, 222.8168, 214.0225, 111.1711, 345.1814, 8.824428, 24.07634, 9.427481],
[1435, 4095, 3567, 1936, 2512, 272.9963, 88.06718, 328.881, 17.57252, -39.47328, -250.1374, 221.0881, 114.4891, 338.1438, 8.549619, -3.396947, 1.244275],
[1447, 4095, 3573, 1937, 2512, 56.11397, 78.48863, 16.70981, -2.877863, -67.00764, 250.1298, 216.4837, 113.8338, 341.7293, -8.854961, 12.32061, 0.9694656],
[1485, 4095, 3603, 1911, 2513, 276.0641, 79.90697, 301.277, 97.44275, -29.35878, -236.4809, 219.7474, 111.0765, 342.0466, 15.77863, -0.7022901, -6.10687],
[1344, 4095, 3553, 1949, 2559, 46.11829, 70.24221, 20.35934, 8.0, -52.44275, 191.8244, 221.2504, 113.1263, 339.2754, -8.977099, 13.35878, 0.9083969],
[1378, 4095, 3611, 1879, 2471, 277.8478, 78.03121, 303.3958, 30.0458, -7.740458, -178.1603, 218.9413, 109.6606, 343.7189, 8.748092, -9.587787, -10.91603],
[1389, 4095, 3631, 2025, 2559, 28.74608, 62.8089, 15.64707, -2.793893, -66.03817, 165.3817, 222.912, 113.0207, 338.2489, -15.15267, 10.74046, 0.5267176],
[1370, 4095, 3637, 1785, 2441, 266.209, 97.26055, 296.6937, -13.1145, 22.85496, -111.5725, 218.3548, 111.3672, 342.619, 8.297709, -7.312977, -6.557252],
[1360, 4095, 3479, 2038, 2533, 30.25872, 63.692, 15.99535, 8.603053, -13.0916, 18.41985, 222.4, 112.1349, 339.4304, -15.16031, 4.427481, 2.633588],
[1394, 4095, 3669, 1885, 2544, 270.5272, 88.62328, 294.7848, 36.49618, 7.625954, 31.76336, 221.7935, 114.3055, 337.8198, 0.9770992, 7.801527, 4.694656],
[1391, 4095, 3557, 2027, 2619, 43.81692, 70.13875, 18.99809, -14.40458, -6.259542, -112.5038, 220.0338, 113.0348, 340.1554, 1.328244, -11.36641, 3.053435],
[1409, 4095, 3687, 1919, 2614, 261.728, 99.18792, 311.3664, -99.30534, 75.83206, 250.1298, 213.7025, 111.725, 344.9504, 1.099237, 16.51145, 8.755725],
[1409, 4095, 3679, 2015, 2662, 318.3454, 73.92793, 345.6697, 23.23664, 35.21374, -188.9313, 221.0057, 112.7619, 339.7676, -3.183206, -16.00763, -3.656489],
[1408, 4095, 3573, 2027, 2718, 296.7386, 75.5913, 333.1267, -115.1374, -62.41221, 250.1298, 223.3144, 112.8735, 338.1121, -17.73282, 17.9084, 4.091603],
[1415, 4095, 3601, 1958, 2661, 277.7736, 78.9079, 305.2427, 167.8931, -70.41985, -250.1374, 225.2007, 111.2526, 338.4107, 16.44275, -6.923664, -2.076336],
[1424, 4095, 3632, 2042, 2711, 34.94443, 74.87516, 10.57697, -98.67175, -39.76336, 221.2977, 220.2667, 113.8912, 339.2431, -22.33588, 21.46565, 3.435115],
[1424, 4095, 3566, 2029, 2737, 261.3817, 145.1744, 275.8796, 124.9695, -70.82443, -125.2366, 218.5953, 111.8655, 342.059, 0.5572519, -3.656489, -2.183206],
[1399, 4095, 3631, 2090, 2770, 104.8154, 96.22043, 22.46128, -45.12214, 11.16031, -11.63359, 221.2296, 112.8631, 339.5288, 2.870229, -12.89313, 9.625955],
[1413, 4095, 3519, 2032, 2751, 256.3032, 129.6494, 286.1876, -132.3511, 87.49619, 242.3053, 221.3764, 112.7425, 339.5421, -4.633588, 17.41985, 4.21374],
[1456, 4095, 3399, 2037, 2735, 218.231, 108.422, 345.1248, 55.28244, -56.29771, -250.1374, 223.2329, 112.7601, 338.2771, 5.496183, -11.62596, 2.984733],
[1440, 4095, 3425, 2078, 2759, 238.8207, 106.2596, 334.0137, -145.7633, 70.43511, 250.1298, 219.6956, 111.9923, 341.282, -16.63359, 12.0687, 4.687023],
[1445, 4095, 3651, 2055, 2761, 251.9403, 155.2174, 278.4236, 250.1298, -135.9847, -250.1374, 222.8803, 111.873, 339.3607, 1.832061, 0.7557252, -3.221374],
[1355, 3797, 3347, 2067, 2768, 75.76164, 87.00726, 11.29899, -10.8855, 33.20611, 58.42748, 221.3764, 113.3785, 338.9606, -2.519084, -1.587786, 1.740458],
[1392, 4095, 3347, 1991, 2642, 264.5814, 113.4142, 282.0785, -48.65649, 39.68702, 89.79389, 217.0141, 112.7265, 342.2963, -0.259542, 2.870229, 0.2977099],
[1406, 4095, 2990, 2066, 2727, 118.9877, 98.1284, 14.46339, -45.54199, 96.89313, -92.8168, 220.6527, 113.2138, 339.5921, -6.137404, -28.67939, -0.5801527],
[1424, 4095, 3181, 2032, 2735, 236.3871, 106.2324, 336.1073, -125.7939, -85.84733, 250.1298, 223.9038, 112.9486, 337.6286, -26.17557, 20.09924, 3.076336],
[1393, 4095, 3269, 2043, 2687, 249.5866, 97.51345, 340.1449, -33.57252, -12.62596, -250.1374, 225.1784, 114.1778, 335.4826, 7.038168, -8.083969, 2.045802],
[1417, 4095, 3291, 2149, 2738, 321.5993, 78.55767, 350.9107, -69.61069, -105.313, 250.1298, 216.739, 115.2033, 340.461, -7.076336, 17.74809, 5.236641],
[1424, 4095, 3371, 2071, 2711, 249.5634, 139.8994, 287.2406, 150.7099, -52.38168, -211.7557, 220.0438, 112.8962, 340.2711, 0.3053435, -4.671756, -9.503817],
[1424, 4095, 3344, 2174, 2823, 65.2898, 81.60011, 17.59541, -2.152672, 8.503817, 29.25191, 217.9972, 113.9242, 340.7013, 0.9312977, -2.854962, 5.282443],
[1422, 4095, 3365, 2130, 2827, 252.7244, 132.9196, 288.2962, -132.5572, 77.57252, 165.2824, 220.1915, 115.2235, 338.1068, 9.755725, 2.717557, 2.824427],
[1402, 4095, 3391, 2150, 2863, 141.5284, 112.6614, 18.28451, -35.87023, 4.603054, -245.6336, 218.7287, 112.9714, 341.0412, 4.305344, -19.33588, 8.427481],
[1426, 4095, 3327, 2165, 2795, 195.3114, 100.4475, 357.006, -48.09924, 21.80153, 250.1298, 221.9627, 113.4281, 338.5171, -13.81679, 3.343511, 0.1755725],
[1451, 4095, 3359, 2079, 2815, 275.901, 75.33292, 291.8371, 40.44275, -87.58779, -161.771, 223.5389, 113.0626, 337.7738, 2.687023, -3.70229, -2.122137],
[1452, 4095, 3351, 2179, 2831, 47.80602, 74.13843, 17.2691, -10.70229, 34.41985, 57.74809, 220.6491, 112.8491, 339.9215, -7.076336, 7.671756, 0.6183206],
[1447, 4095, 3451, 2007, 2753, 259.3978, 125.25, 284.6229, -18.9313, 30.41221, 93.7023, 214.082, 113.4459, 343.4751, 12.01527, 4.51145, 1.450382],
[1485, 4095, 3491, 2150, 2829, 136.2836, 95.0814, 4.835543, -30.38931, 43.23664, -117.7634, 223.6216, 114.206, 336.6077, -7.923664, -10.58779, 6.038168],
[1451, 4095, 3539, 2162, 2847, 263.2816, 95.69704, 318.9459, -181.4656, -23.91603, 250.1298, 223.4791, 114.7276, 336.2071, -9.343512, 15.60305, 3.152672],
[1457, 4095, 3287, 2093, 2618, 256.2865, 139.3246, 281.6775, 250.1298, -48.8626, -250.1374, 219.9144, 112.6822, 340.542, 5.687023, -2.618321, -2.450382],
[1443, 4095, 3363, 2171, 2736, 75.40704, 87.4366, 9.406424, -57.25954, -5.48855, 49.9084, 224.1968, 115.0106, 335.3951, -16.87023, 2.633588, 2.351145],
[1478, 4095, 3339, 2065, 2627, 259.426, 115.6937, 290.9302, 1.328244, -41.55725, -13.18321, 224.0559, 114.6751, 335.8304, 6.946565, 2.572519, 0.03053435],
[1424, 4095, 3301, 2123, 2711, 128.8966, 100.1747, 12.51752, -79.86259, 37.50382, -99.80153, 219.0063, 114.7727, 339.3166, 3.152672, -9.824428, 3.038168],
[1422, 4095, 3186, 1822, 2381, 255.2248, 165.1902, 273.8754, -25.48092, -22.12977, 122.0382, 222.8044, 120.5007, 331.1754, 37.85496, 42.91603, 2.862595],
[1321, 3795, 2897, 1969, 2425, 66.39973, 53.48421, 59.39193, -75.42748, 98.12977, -96.09923, 243.7977, 113.9149, 317.7063, -61.12214, -53.30534, -6.954198],
[1344, 4095, 3403, 1778, 2387, 261.068, 107.0361, 296.7738, 16.64122, 52.70229, 139.0992, 217.77, 123.0182, 333.0714, 31.9542, 25.61832, 3.175573],
[1312, 4095, 3455, 1933, 2480, 57.22576, 60.01482, 41.77454, 9.969465, 65.68702, -80.08397, 241.4809, 118.7209, 314.5065, -63.31298, -34.12214, -7.725191],
[1382, 4095, 3491, 1763, 2367, 241.0163, 119.4367, 314.2172, 45.32061, -13.92366, 144.0916, 223.7248, 122.1174, 328.8061, 41.0916, 40.0687, 8.106871],
[1358, 4095, 3455, 1973, 2527, 72.60241, 76.40919, 37.52784, 5.038168, 111.229, -145.3511, 230.9659, 120.2805, 324.0102, -12.94657, -30.61069, -0.9160305],
[1392, 4095, 3437, 1856, 2490, 246.325, 108.1579, 322.9048, 41.38931, -8.488549, 250.1298, 230.431, 117.6351, 327.4158, -13.80153, 41.38931, 16.41985],
[1441, 4095, 3501, 1923, 2545, 259.2774, 96.80213, 327.2243, -35.26717, 100.2366, -250.1374, 231.6463, 120.4229, 323.1888, 5.175572, -35.29008, -8.221375],
[1413, 4095, 3519, 1943, 2597, 351.0519, 62.1573, 355.2331, -0.2748091, -210.1298, 250.1298, 230.53, 124.8104, 319.5951, 11.00763, 45.67939, 8.114504],
[1487, 4095, 3615, 1885, 2575, 250.1829, 113.5549, 309.2855, -17.77863, 31.66412, -193.4733, 228.4138, 118.1871, 328.651, -3.465649, -20.91603, -7.152672],
[1438, 4095, 3473, 2017, 2639, 63.17989, 71.69198, 33.08014, 4.679389, 20.83206, 125.8321, 228.4981, 119.2181, 327.4794, -6.633588, 18.64122, -0.6793893],
[1488, 4095, 3601, 1870, 2517, 249.7506, 113.2241, 310.3942, 12.45802, -19.87023, -16.61832, 227.6478, 120.9507, 326.4395, 5.076336, 2.656489, -2.083969],
[1477, 4095, 3602, 2023, 2655, 49.10443, 62.50412, 30.89935, -29.29771, -4.038168, -38.36641, 230.3265, 119.8518, 325.0921, -13.07634, -13.77863, -7.351145],
[1495, 4095, 3697, 1914, 2625, 253.4387, 114.0692, 303.3601, -104.084, 52.05344, 245.5878, 229.206, 118.2026, 327.9201, -0.2137404, 21.56489, 5.48855],
[1370, 4095, 3470, 1982, 2622, 327.5742, 64.71293, 343.3315, 6.38168, 27.16031, -146.5343, 227.7106, 122.701, 324.5614, 12.48855, -13.64886, 1.679389],
[1418, 4095, 3635, 1802, 2594, 239.2217, 113.0577, 324.192, -106.9542, -35.25191, 250.1298, 231.806, 117.2241, 326.5888, -27.38931, 29.68702, 8.221375],
[1395, 4095, 3651, 1869, 2576, 180.4492, 111.1523, 359.7304, -123.771, 207.2061, -250.1374, 229.9182, 119.025, 326.3744, 2.755725, -14.99237, -2.977099],
[1450, 4095, 3703, 1965, 2672, 338.9991, 82.48132, 357.0776, -106.542, -146.6794, 250.1298, 228.1806, 118.4247, 328.6074, -24.0229, 23.31298, 8.969465],
[1341, 4095, 3632, 1878, 2542, 254.1912, 101.5284, 323.8297, 58.36641, 5.160306, -250.1374, 231.8493, 114.743, 329.3716, 8.145039, -7.541985, -8.0],
[1315, 4095, 3515, 1949, 2649, 56.21376, 80.53777, 13.81745, -83.30535, -68.99236, 250.1298, 228.2948, 119.385, 327.4882, -0.9312977, 26.37405, 8.80916],
[1410, 4095, 3634, 1863, 2615, 251.4818, 126.8554, 293.8539, 116.0992, -7.114504, -161.1832, 228.344, 115.8454, 331.2124, -2.29771, -10.22138, 1.740458],
[1369, 4095, 3601, 1989, 2704, 47.28763, 79.2292, 11.4958, -21.83206, -2.068702, 102.0153, 233.7428, 118.6906, 323.0343, -15.05344, 5.122138, 2.679389],
[1424, 4095, 3670, 1835, 2614, 265.7339, 98.35837, 296.2252, 14.32825, -14.76336, -31.03817, 228.4266, 116.1301, 330.8368, -8.519084, -5.900764, -4.938931],
[1269, 4095, 2859, 1990, 2718, 61.54648, 68.6904, 35.63595, -27.38931, 59.21374, -5.816794, 233.4371, 115.9269, 326.5206, -4.305344, -10.35878, 3.458015],
[1344, 4095, 3367, 1949, 2715, 257.578, 124.1775, 287.7498, 22.87786, -6.427481, 91.45038, 222.1147, 117.5715, 334.5279, 19.8855, 20.68702, 5.10687],
[1312, 4095, 3439, 1935, 2703, 283.7685, 85.28156, 341.7229, -41.70992, 57.45039, -250.1374, 231.9666, 116.8597, 326.8486, 2.877863, -27.86259, 11.93893],
[1354, 4095, 3583, 1915, 2715, 297.0293, 77.54712, 336.7379, -109.7939, -129.1756, 250.1298, 230.4137, 118.4486, 326.5387, -12.24428, 32.44275, 0.3435115],
[1303, 4095, 3775, 1806, 2579, 242.4235, 118.0005, 314.2288, 107.7863, 59.55725, -250.1374, 232.4848, 115.4666, 327.9558, 8.694656, -20.66412, -0.2824428],
[1353, 4095, 3783, 1955, 2691, 53.42555, 71.90457, 23.6387, -45.05344, -92.21374, 150.3359, 227.3436, 118.927, 328.8251, -0.961832, 26.25954, 3.89313],
[1399, 4095, 3762, 1925, 2629, 259.6945, 108.6001, 298.0268, 61.08397, 30.92366, -181.2901, 230.8362, 113.6346, 331.5286, -1.603053, -14.00763, -9.236641],
[1328, 4095, 3743, 1987, 2715, 34.28875, 66.58311, 16.3496, 1.793893, -50.76336, 113.8397, 231.2777, 119.33, 324.7491, -7.709924, 13.54962, 3.778626],
[1371, 4095, 2935, 1954, 2683, 256.4668, 109.1973, 304.3127, -1.335878, -3.80916, -25.16031, 224.1669, 117.3455, 333.1206, 5.740458, -3.923664, -5.564886],
[1390, 4095, 3167, 2031, 2711, 19.72408, 67.98438, 8.162677, -19.9542, 23.81679, -62.69466, 229.7871, 119.5874, 325.8894, -18.99237, -14.35114, 5.053435],
[1381, 3743, 3007, 1970, 2669, 262.1919, 105.9603, 295.2161, -57.99237, -10.68702, 221.4198, 223.4727, 115.3679, 335.5924, -13.38168, 37.37405, 13.22137],
[1342, 3835, 3143, 1991, 2674, 249.902, 94.01965, 348.7973, -11.25191, 66.9542, -250.1374, 233.4154, 116.4288, 325.9578, -10.00763, -21.28244, 0.03053435],
[1362, 3886, 3239, 1991, 2695, 250.759, 97.50753, 338.9563, -5.526718, -36.19084, 250.1298, 233.1728, 115.7804, 326.9442, -29.74809, 24.32061, 1.244275],
[1398, 4095, 3383, 2033, 2718, 269.2873, 90.5444, 315.4831, 28.80153, -43.01527, -250.1374, 234.5853, 115.5523, 325.8454, 1.610687, -9.572519, 0.9160305],
[1385, 4059, 3366, 2183, 2783, 74.7119, 84.94186, 17.66621, -24.20611, -55.49618, 250.1298, 229.582, 118.9117, 326.8101, 0.1755725, 14.51145, 3.938931],
[1424, 4095, 3423, 2047, 2768, 260.5806, 106.8084, 298.3909, 54.03817, -49.81679, -128.8092, 229.2572, 115.3005, 331.0235, 7.40458, -4.748092, -5.40458],
[1360, 4095, 3327, 2215, 2743, 92.99394, 91.40667, 25.74039, -24.00763, 2.580153, -27.86259, 232.4759, 117.3236, 325.8374, -20.81679, -9.068703, 0.4503817],
[1349, 4095, 3146, 2099, 2733, 251.675, 130.4811, 291.0011, -100.3282, 79.29771, 140.145, 225.8084, 117.5371, 331.5816, 8.267176, 5.854962, -0.01526718],
[1415, 4095, 3287, 2213, 2803, 184.3542, 100.2511, 359.1254, -0.8167939, 30.24427, -142.374, 231.2446, 116.2789, 328.1759, -13.0687, -19.16031, 2.603053],
[1392, 4095, 3303, 2111, 2795, 250.6154, 116.2063, 305.2822, -156.4886, 76.03817, 220.7099, 224.9998, 116.2288, 333.5626, 3.587786, 10.83206, -0.5725191],
[1390, 4095, 3311, 2195, 2825, 198.9596, 107.6621, 353.6339, 1.610687, -25.09924, -228.5267, 228.8032, 117.8584, 328.6536, 0.1984733, -11.05344, 4.068702],
[1386, 4095, 3295, 2281, 2861, 235.3745, 96.08497, 351.0138, -11.49618, -19.91603, 250.1298, 228.1685, 117.7276, 329.3571, -9.870229, 17.71756, 1.549618],
[1413, 4014, 3323, 2167, 2893, 254.8869, 110.6425, 305.312, 51.35115, -30.35115, -161.8092, 231.1127, 115.6277, 329.0292, -1.496183, -6.519084, -0.6564885],
[1410, 4095, 3327, 2256, 2914, 74.02699, 83.25118, 22.2278, -12.90076, 4.625954, 34.29771, 232.7238, 118.2693, 324.5251, -6.877862, 10.51145, 2.40458],
[1413, 3915, 2991, 2112, 2893, 247.8275, 131.3829, 294.6104, 8.832061, 26.32061, 28.58779, 227.6658, 115.7922, 331.8399, 5.061069, 3.78626, -1.59542],
[1378, 2641, 2165, 1968, 2578, 276.7797, 88.06725, 344.9014, -11.0229, 7.465649, 10.65649, 227.0974, 115.2971, 332.8296, -1.656489, 2.175573, 0.9923664],
[1402, 2687, 2192, 1958, 2607, 275.0708, 88.37141, 343.26, -9.702291, 4.236641, 6.076336, 226.7976, 115.9459, 332.3976, -2.221374, 0.2213741, 1.259542],
[1408, 2726, 2233, 1973, 2613, 272.7104, 89.20268, 345.5744, -6.015267, -0.129771, -4.053435, 227.6894, 115.6434, 331.9777, -4.412214, 1.709924, 1.259542],
[1394, 2762, 2263, 1967, 2610, 277.0586, 88.1488, 346.0835, -2.366412, 1.923664, 4.099236, 228.9384, 115.8247, 330.7268, -1.946565, 1.580153, 0.5267176],
[1397, 2763, 2305, 1963, 2609, 270.1726, 89.84869, 344.647, 3.870229, 3.160305, -3.419847, 229.1517, 115.2313, 331.1893, -4.946565, 2.725191, 1.648855],
[1392, 2809, 2302, 1941, 2576, 276.1734, 87.9536, 342.5526, -1.21374, 2.236641, -0.2748091, 228.7751, 115.1499, 331.5971, -0.2061069, 1.21374, 1.572519],
[1300, 2895, 2340, 1979, 2475, 93.64496, 91.25943, 19.70581, -15.85496, -2.007634, -76.34351, 228.1449, 115.7198, 331.5152, -12.73282, -18.99237, -7.038168],
[1346, 3123, 2450, 1935, 2475, 257.5275, 161.5673, 274.1008, 73.10688, 0.7557252, 81.80916, 222.6936, 115.5193, 336.0296, 10.56489, 14.78626, 8.320611],
[1335, 3199, 2487, 1987, 2559, 128.2183, 107.5045, 21.77942, -154.3435, 110.3817, -246.7405, 226.4781, 117.1749, 331.391, -2.748092, -43.90077, -3.824427],
[1376, 3701, 2448, 1877, 2474, 259.2599, 121.053, 287.2491, 62.07633, 35.22137, 247.8931, 219.8993, 115.0422, 338.4713, -0.9541985, 39.72519, 8.526717],
[1330, 2963, 2363, 1986, 2495, 24.22252, 44.5224, 24.51624, -16.03817, 196.7863, -179.9313, 235.9416, 114.6587, 325.576, -17.84733, -39.9313, -1.740458],
[1372, 3382, 2487, 1893, 2461, 249.138, 118.4639, 304.8413, 96.37404, -14.01527, 229.6107, 226.538, 112.088, 336.6122, -13.61832, 29.56489, 11.99237],
[1331, 3031, 2391, 1971, 2512, 82.93179, 87.7199, 17.28862, -107.0458, 102.6412, -202.5573, 229.9927, 116.3302, 329.2508, -15.08397, -34.07634, -3.916031],
[1358, 3421, 2503, 1929, 2501, 252.2373, 106.968, 316.0525, -18.51908, -19.72519, 250.1298, 221.9376, 114.0414, 337.9642, -3.435115, 29.0229, 11.46565],
[1381, 3523, 2461, 1958, 2509, 257.3385, 100.3345, 320.4679, -64.0229, 126.1908, -222.9618, 229.015, 113.806, 332.861, -0.9770992, -21.74046, 1.450382],
[1369, 3327, 2503, 2007, 2545, 45.75949, 76.12133, 14.10045, -68.771, -117.7863, 250.1298, 225.195, 116.0375, 333.5992, -1.534351, 34.9084, 9.076336],
[1379, 3583, 2634, 1968, 2544, 261.988, 116.2874, 285.643, 39.99237, -0.259542, -176.2824, 226.1874, 113.0187, 335.9068, 16.70229, -10.27481, -0.2900764],
[1360, 3385, 2576, 2003, 2576, 70.1526, 78.46583, 29.32151, -29.14504, -35.9084, 161.5649, 230.8771, 112.4403, 332.8566, -25.48092, 23.50382, 4.091603],
[1392, 3558, 2719, 1971, 2540, 260.1576, 119.776, 286.6271, 83.49619, -60.62595, -205.3053, 224.7405, 112.2583, 337.7219, 5.633588, -3.938931, -7.78626],
[1345, 3315, 2589, 2020, 2559, 47.9341, 62.67947, 29.68247, 5.984733, -55.14504, 156.5878, 231.9236, 113.1616, 331.1347, 3.908397, 11.67176, 5.465649],
[1344, 3387, 2595, 1841, 2453, 256.5866, 130.316, 285.5012, 74.21374, -38.20611, -115.6489, 222.0349, 112.1262, 339.6779, -5.633588, 0.3435115, -7.068702],
[1319, 3327, 2554, 2023, 2544, 39.10658, 57.10546, 27.63996, -17.12214, 29.24428, -64.40458, 229.6494, 114.2143, 331.8849, -21.01527, -15.93893, 2.89313],
[1347, 3439, 2613, 1859, 2450, 258.7701, 121.3931, 287.7874, 17.22137, -24.07634, 69.69466, 219.8602, 115.1119, 338.4366, 25.06107, 10.32061, 2.816794],
[1339, 3269, 2559, 1963, 2533, 172.3855, 101.7533, 1.497042, -113.3359, 80.17558, -250.1374, 224.0932, 115.5684, 334.9258, 4.458015, -31.31298, -0.3053435],
[1362, 3455, 2626, 1937, 2524, 262.9488, 97.7728, 311.5089, 58.68702, -11.0458, 220.0763, 222.1255, 112.7466, 339.041, -18.9084, 36.83206, 10.59542],
[1350, 3483, 2655, 2034, 2583, 252.5178, 94.36049, 346.0112, -66.26718, 141.9542, -250.1374, 231.541, 114.6523, 329.7522, -2.167939, -31.96183, -0.4274809],
[1365, 3527, 2755, 2000, 2512, 241.2685, 104.1353, 335.0595, -47.01527, -40.63359, 250.1298, 228.1601, 114.1091, 333.2277, -29.70992, 40.73283, 7.465649],
[1365, 3575, 2893, 2046, 2553, 266.1309, 93.93649, 313.2901, -10.68702, -22.78626, -250.1374, 231.5598, 113.7386, 330.784, 2.89313, -24.15267, -3.259542],
[1383, 3391, 2631, 2015, 2515, 320.4267, 79.30924, 351.1585, -39.45802, -86.32061, 250.1298, 231.8012, 116.899, 326.96, 8.152672, 40.51908, 17.74809],
[1392, 3423, 2530, 1993, 2475, 248.8673, 122.6592, 300.8458, 62.03053, -16.70229, -250.1374, 231.7872, 111.3523, 333.3675, 10.45038, -15.67176, -7.320611],
[1395, 3627, 2769, 2101, 2559, 73.37112, 75.06322, 41.66768, 11.83206, -55.41985, 86.55725, 220.4761, 114.5964, 338.4705, 1.251908, 25.40458, 10.25191],
[1401, 3606, 2827, 2001, 2538, 252.9998, 171.0969, 272.634, 111.0305, -122.8244, -98.78627, 227.6616, 115.1023, 332.5739, -3.564885, 4.29771, -10.75572],
[1377, 3450, 2815, 2111, 2603, 73.55082, 75.23926, 41.64145, -37.16031, 52.77863, 4.29771, 233.7475, 112.5362, 330.2615, -42.16794, -20.27481, -0.2213741],
[1400, 3909, 2825, 1998, 2603, 262.5791, 154.3445, 273.461, 57.17557, -112.2443, -54.22901, 225.825, 115.2494, 333.8983, 16.90076, 5.80916, -3.152672],
[1385, 3471, 2703, 2094, 2579, 63.79002, 73.70826, 30.56426, -24.38168, 23.33588, -92.85497, 228.5996, 114.5899, 332.35, -19.0687, -22.78626, 3.40458],
[1393, 3743, 2615, 1983, 2507, 258.2406, 131.8587, 282.8942, 102.626, -82.61832, -1.351145, 224.4714, 117.4594, 332.7618, 31.62596, 40.14504, 1.59542],
[1360, 3469, 2727, 2062, 2589, 78.60826, 84.00794, 27.27176, -40.18321, 113.1908, -184.5954, 226.967, 113.3593, 334.9634, 1.770992, -33.48092, -0.6870229],
[1413, 3452, 2555, 2069, 2605, 243.1998, 119.3099, 311.7255, -174.5038, 38.87786, 250.1298, 229.262, 112.8836, 333.6748, -25.03817, 41.87786, 12.53435],
[1403, 3723, 2608, 2039, 2642, 270.2532, 89.37772, 301.0543, 27.67175, 160.5267, -232.5954, 231.0082, 112.2279, 332.9919, 3.030534, -35.29008, -3.068702],
[1377, 3415, 2640, 2020, 2610, 305.1944, 72.97868, 336.6346, -96.28244, -230.4886, 250.1298, 229.2789, 115.6194, 330.6567, -7.244275, 32.74046, 13.34351],
[1424, 3694, 2746, 2015, 2591, 250.2945, 114.1747, 308.2974, 95.59543, 96.38931, -250.1374, 230.9799, 112.7932, 332.3668, 9.396947, -16.06107, -7.366412],
[1377, 3611, 2695, 2023, 2630, 76.547, 85.17997, 19.12703, -27.49618, -63.22137, 250.1298, 227.6052, 114.817, 332.9223, -8.396947, 27.68702, 8.664123],
[1408, 3927, 2823, 1895, 2543, 251.7547, 137.2644, 286.7562, 61.16031, -46.1832, -138.3359, 227.4385, 112.1508, 335.8818, 6.534351, -4.541985, -4.671756],
[1346, 3247, 2483, 1998, 2623, 68.44869, 69.32367, 43.60609, -13.17557, 16.26718, 38.17557, 228.4761, 111.302, 336.0207, -17.26718, -1.633588, 4.770992],
[1422, 3569, 2690, 1961, 2607, 257.1076, 128.6354, 285.7774, 23.93893, -16.48092, 9.061069, 226.4603, 113.8953, 334.7943, 9.580153, 4.091603, 0.832061],
[1421, 3397, 2736, 2078, 2647, 78.95803, 88.54589, 6.948399, -94.53435, 93.9084, -137.626, 230.251, 114.9924, 330.5057, -7.496183, -26.46565, -1.519084],
[1408, 3494, 2723, 1985, 2603, 248.2446, 117.7505, 306.9129, -116.374, 49.84733, 250.1298, 222.7772, 112.7925, 338.5579, -0.351145, 12.74809, 7.030534],
[1380, 3607, 2711, 2069, 2595, 143.0178, 110.9608, 16.02334, 56.12214, 49.22138, -250.1374, 227.3309, 114.0337, 333.9705, 13.32824, -14.93893, 8.465649],

