[2289, 4095, 4095, 4095, 4095, 71.35354, 77.13252, 33.95616, 3.015267, -10.49618, 29.87023, 239.1171, 119.096, 316.8144, -3.129771, -3.335878, 4.244275],
[2293, 4095, 4095, 4095, 4095, 243.0339, 102.1513, 336.7836, -13.18321, -64.64122, 143.1756, 238.438, 122.7639, 313.4258, -7.931298, -2.908397, 18.0],
[2288, 4095, 4095, 4095, 4095, 243.6278, 127.0179, 303.0941, 14.03817, -34.39695, 73.52672, 238.0858, 122.6657, 313.9274, -4.748092, 2.465649, -1.290076],
[2290, 4095, 4095, 4095, 4095, 245.1662, 131.5421, 297.3629, -22.08397, 28.09924, -73.35114, 239.0617, 120.8756, 314.8261, -4.045802, -3.091603, 0.7099237],
[2295, 4095, 4095, 4095, 4095, 228.3698, 104.1018, 344.019, -14.75572, 64.03053, -138.8321, 239.4479, 120.2968, 315.0455, 3.580153, 3.396947, -3.419847],
[2293, 4095, 4095, 4095, 4095, 69.08622, 78.6477, 27.55111, 0.480916, 29.34351, -46.54962, 239.9967, 117.8854, 317.2462, -1.21374, 3.816794, 1.099237],
[2302, 4095, 4095, 4095, 4095, 80.90785, 87.92209, 12.29268, 15.19084, -39.56488, 109.7557, 239.737, 119.7705, 315.3202, -6.778626, -3.236641, 6.396946],
[2314, 4095, 4095, 4095, 4095, 248.8846, 110.5231, 315.5884, 2.954198, -59.56489, 147.2443, 239.5303, 122.9267, 312.0132, -6.458015, 4.564886, 6.969466],
[2332, 4095, 4095, 4095, 4095, 245.2016, 129.5304, 299.0217, -1.503817, -3.641221, 10.34351, 238.3402, 120.913, 315.5974, 1.114504, 7.305344, -2.114504],
[2320, 4095, 4095, 4095, 4095, 245.7598, 125.6539, 301.8804, 2.167939, -0.4045802, 4.473282, 238.8368, 120.2943, 315.7433, -0.8931297, -0.0610687, 0.3816794],
[2207, 4095, 4095, 4095, 4095, 237.748, 160.2132, 282.6305, -55.1145, 72.47328, -157.5344, 240.5126, 119.2256, 315.0558, -10.87023, -0.778626, -16.38931],
[2295, 4095, 4095, 4095, 4095, 61.40306, 41.15194, 64.44985, -1.694656, 24.61832, -5.854962, 240.8062, 113.2935, 322.1226, 4.938931, -1.030534, -0.6564885],
[2287, 4095, 4095, 4095, 4095, 249.4802, 132.9955, 291.6691, 32.79389, -88.9542, 198.8397, 242.0935, 116.0566, 317.0251, -17.83969, 0.007633588, 48.13741],
[2256, 4095, 4095, 4095, 4095, 247.9158, 144.5686, 285.9308, -46.54199, 71.8626, -143.6336, 243.1352, 118.3223, 312.9679, 15.60305, 9.076336, -16.90076],
[2251, 4095, 4095, 4095, 4095, 67.07262, 68.72772, 42.53229, 14.58779, 76.59542, -148.1832, 238.149, 113.9303, 324.2104, 8.503817, -4.458015, -9.427481],
[2286, 4095, 4095, 4095, 4095, 122.5741, 95.28598, 8.253485, 15.85496, -95.02291, 169.7405, 239.7985, 115.8177, 320.0117, -6.137404, -8.129771, 9.900764],
[2273, 4095, 4095, 4095, 4095, 250.012, 140.816, 286.3375, 31.81679, -61.73283, 124.2595, 240.5717, 121.8781, 311.9653, -11.09924, 2.969466, 25.29771],
[2251, 4095, 4095, 4095, 4095, 244.786, 136.5405, 293.8457, -17.0687, 123.1145, -186.5649, 239.9318, 119.6997, 315.1779, -4.931298, 11.23664, -23.22901],
[2235, 4095, 4095, 4095, 4095, 58.84138, 50.58609, 53.57823, -29.29771, 58.82443, -35.63359, 238.3375, 114.9399, 322.7308, 5.244275, -4.290076, -0.389313],
[2288, 4095, 4095, 4095, 4095, 238.6482, 98.12716, 346.572, -3.603053, -96.74046, 176.1985, 240.7333, 117.1224, 317.3172, -6.40458, -2.389313, 13.69466],
[2278, 4095, 4095, 4095, 4095, 248.9311, 136.0977, 290.1491, -6.160306, -28.07634, 66.8168, 237.3556, 121.1424, 316.4315, -9.694656, 1.015267, 4.29771],
[2235, 4095, 4095, 4095, 4095, 247.8278, 124.7888, 300.1593, -27.25191, 104.5802, -215.5954, 241.136, 118.6975, 314.9443, 10.22901, 15.9542, 1.519084],
[2223, 4095, 4095, 4095, 4095, 56.23473, 41.50093, 59.31298, 7.732824, 8.885496, 20.72519, 240.501, 114.6993, 320.6316, -0.2061069, -5.78626, -8.603053],
[2288, 4095, 4095, 4095, 4095, 241.4223, 108.8006, 327.7265, -9.21374, -69.15267, 193.2214, 239.9458, 119.5345, 315.3534, -5.122138, -12.1374, 20.14504],
[2279, 4095, 4095, 4095, 4095, 246.5363, 138.6202, 290.736, 3.572519, -36.76336, 42.61832, 236.2803, 121.0086, 317.754, -12.06107, 8.740458, 1.343511],
[2247, 4095, 4095, 4095, 4095, 242.0822, 120.2726, 311.9811, -19.15267, 115.6489, -193.4657, 239.2584, 120.1625, 315.416, -3.694656, -5.78626, -0.8854962],
[2259, 4095, 4095, 4095, 4095, 59.77216, 60.67668, 43.86109, 3.419847, 1.969466, 17.61832, 240.3186, 120.7845, 313.4853, 2.48855, -6.755725, 3.656489],
[2315, 4095, 4095, 4095, 4095, 259.5333, 94.02853, 338.5286, 10.48092, -97.95421, 157.0305, 239.0881, 120.3763, 315.3647, -2.427481, 0.1450382, -4.068702],
[2269, 4095, 4095, 4095, 4095, 232.3991, 155.121, 289.4691, -22.13741, -42.93893, 35.42748, 237.8341, 121.1606, 315.8821, 3.068702, 4.389313, -11.50382],
[2261, 4095, 4095, 4095, 4095, 225.1948, 147.2624, 302.3438, -26.0916, 115.6947, -137.6947, 237.9581, 120.8932, 316.0465, -7.236641, -2.160305, -0.3435115],
[2286, 4095, 4095, 4095, 4095, 44.71614, 49.25487, 40.37566, -11.32824, 101.0687, -86.43512, 240.6276, 116.2239, 318.552, -0.2366412, 0.3587786, 7.717557],
[2273, 4095, 4095, 4095, 4095, 50.41875, 82.91894, 8.378185, 30.55725, -80.09161, 134.7405, 240.8561, 118.3425, 315.6972, -16.56489, -1.305344, -5.519084],
[2311, 4095, 4095, 4095, 4095, 238.664, 157.1429, 284.2311, 3.427481, -81.09923, 111.916, 239.3476, 121.1675, 314.1707, 3.290076, 1.343511, 9.137404],
[2285, 4095, 4095, 4095, 4095, 233.1718, 144.5916, 297.8248, -77.92367, 98.06107, -88.51146, 244.0224, 118.6934, 311.4182, 15.05344, 0.3969466, 6.427481],
[2249, 4095, 4095, 4095, 4095, 39.08723, 75.46323, 11.76927, -31.38931, 116.7481, -109.8473, 245.481, 114.5513, 314.6828, 3.007634, -6.160306, 3.167939],
[2285, 4095, 4095, 4095, 4095, 57.01131, 75.07487, 22.18049, -3.839695, -60.87786, 71.69466, 241.1802, 118.1921, 315.4942, -2.862595, -2.061069, -2.015267],
[2288, 4095, 4095, 4095, 4095, 238.2727, 105.9607, 334.9255, 2.885496, -55.66412, 96.08397, 240.1052, 119.0041, 315.7897, -10.96947, 4.38168, -3.59542],
[2288, 4095, 4095, 4095, 4095, 236.7868, 138.052, 300.263, -7.351145, -51.1145, 34.10687, 238.6522, 120.4657, 315.7556, -9.488549, 3.954198, 3.137405],
[2243, 4095, 4095, 4095, 4095, 228.7205, 132.6273, 313.4201, 7.89313, 99.03817, -92.01527, 238.5203, 119.2449, 317.313, -5.030534, 9.503817, -9.954199],
[2255, 4095, 4095, 4095, 4095, 44.15392, 75.37544, 14.0844, -1.778626, 93.771, -87.91603, 240.5269, 114.7781, 320.5005, 10.40458, -1.824428, 6.91603],
[2222, 4095, 4095, 4095, 4095, 24.37569, 81.44392, 3.785583, 20.73282, -60.12214, 74.53435, 239.352, 116.5652, 319.5884, -8.885496, -3.312977, -5.21374],
[2223, 4095, 4095, 4095, 4095, 250.7103, 100.2775, 332.2545, 24.24428, -57.9313, 101.0382, 238.2128, 117.3972, 319.8449, -22.22137, 5.40458, 7.89313],
[2253, 4095, 4095, 4095, 4095, 241.3539, 147.6064, 288.9365, -6.908397, -39.09924, 54.96947, 236.5699, 119.2402, 319.4591, -9.328244, 15.91603, 10.80153],
[2262, 4095, 4095, 4095, 4095, 235.2192, 138.3713, 301.4724, -32.22137, 99.26718, -114.8244, 238.858, 119.1661, 317.0254, 12.19847, -3.648855, 0.7709923],
[2259, 4095, 4095, 4095, 4095, 41.15207, 57.88877, 28.64787, 45.25954, 114.1374, -138.7786, 238.7107, 116.9091, 319.885, -5.129771, -3.900763, 4.167939],
[2271, 4095, 4095, 4095, 4095, 27.37218, 79.95924, 5.121325, 4.167939, -71.74046, 95.99236, 240.5672, 118.7443, 315.5586, -4.549618, -4.061069, -12.85496],
[2256, 4095, 4095, 4095, 4095, 244.5485, 103.897, 332.2408, 7.770992, -59.39695, 100.9695, 237.616, 117.5552, 320.3086, -12.59542, 5.725191, -1.870229],
[2285, 4095, 4095, 4095, 4095, 241.9192, 150.3629, 286.7141, 1.099237, -19.99237, 10.9084, 234.1994, 120.8364, 320.1486, -17.77863, 4.450382, -0.5954198],
[2196, 4095, 4095, 4095, 4095, 102.4249, 99.78843, 38.02357, -8.870229, 92.48855, -160.9084, 248.9088, 107.983, 319.6021, 3.007634, -4.541985, 10.45802],
[2213, 4095, 4095, 4095, 4095, 239.2268, 97.4536, 347.3707, 5.19084, -65.61832, 145.5725, 246.1591, 111.5745, 317.8912, -8.541985, 5.458015, -6.0],
[2210, 4095, 4095, 4095, 4095, 239.0373, 154.0903, 286.0796, 18.74046, -54.67176, 117.3435, 242.594, 111.7489, 322.1531, -17.06107, 10.77099, 10.33588],
[2177, 4095, 4095, 4095, 4095, 234.4381, 156.4424, 287.1367, -48.47328, 105.0076, -134.7176, 247.3334, 112.6061, 314.7975, 1.572519, 4.526718, 15.43511],
[2186, 4095, 4095, 4095, 4095, 46.60419, 57.49557, 33.87962, -0.2213741, 101.7405, -133.374, 242.333, 114.1448, 319.2038, 10.26718, 3.587786, 4.541985],
[2214, 4095, 4095, 4095, 4095, 195.1529, 102.7465, 356.3869, 148.8702, -92.16031, 108.6794, 245.0531, 113.2796, 316.957, -19.0687, 7.259542, 0.1984733],
[2208, 4095, 4095, 4095, 4095, 245.7943, 145.8294, 286.7976, -17.46565, -46.80916, 125.7176, 243.6796, 114.8997, 316.5535, 5.152672, 1.038168, 14.30534],
[2154, 4095, 4095, 4095, 4095, 241.8265, 137.07, 296.2793, -53.8168, 108.6717, -207.6488, 241.885, 119.4171, 313.2044, 7.541985, -5.793893, -3.564885],
[2209, 4095, 4095, 4095, 4095, 55.9795, 51.16773, 49.9336, -27.32061, -5.19084, 38.51908, 240.5813, 116.3842, 318.406, -0.1526718, 2.419847, 1.099237],
[2231, 4095, 4095, 4095, 4095, 245.9458, 105.5151, 327.8203, 95.60306, -44.73283, 151.7786, 244.7234, 115.6577, 314.2402, -6.40458, -2.167939, 5.244275],
[2239, 4095, 4095, 4095, 4095, 251.2367, 129.2392, 292.3714, -82.12977, 20.99237, -37.46565, 241.4384, 116.7722, 316.9165, 2.847328, 12.77099, -4.007634],
[2211, 4095, 4095, 4095, 4095, 245.7725, 100.1334, 338.0382, -38.35115, 97.62595, -207.0076, 242.2683, 111.7917, 322.4778, -8.587787, -18.15267, -4.832061],
[2235, 4095, 4095, 4095, 4095, 74.2998, 78.44466, 35.89168, 12.29008, -53.57252, 125.1221, 241.0896, 115.5172, 318.9029, -6.374046, 3.526718, -4.183206],
[2274, 4095, 4095, 4095, 4095, 252.9191, 108.6526, 311.9774, 17.9542, -68.43511, 166.2137, 241.0329, 117.3078, 316.7384, -4.656488, 5.59542, 7.122138],
[2227, 4095, 4095, 4095, 4095, 243.7147, 150.689, 285.3324, -34.96947, 13.52672, -41.75573, 242.6985, 114.8222, 317.8716, 5.358778, 16.84733, 2.618321],
[2195, 4095, 4095, 4095, 4095, 245.1809, 100.2533, 338.3432, -26.80916, 105.542, -201.7099, 242.7965, 115.8049, 316.4869, -9.458015, 1.458015, 8.129771],
[2198, 4095, 4095, 4095, 4095, 61.51011, 68.38937, 36.01601, 5.015267, -31.76336, 45.61069, 244.5075, 112.2821, 319.047, 1.40458, 4.977099, -6.473282],
[2195, 4095, 4095, 4095, 4095, 239.4932, 109.4843, 328.7575, 1.977099, -84.56489, 177.8397, 239.7846, 118.945, 316.2293, 13.53435, 15.22901, -12.23664],
[2203, 4095, 4095, 4095, 4095, 239.8786, 169.708, 275.879, -85.96947, -41.32824, 3.312977, 238.3922, 112.7685, 325.4524, -0.1526718, 19.40458, -3.29771],
[2233, 4095, 4095, 4095, 4095, 247.0536, 118.857, 307.2738, -20.09924, 115.9084, -200.2137, 246.9413, 111.2962, 317.2279, -0.1832061, -2.320611, -4.793893],
[2177, 4095, 4095, 4095, 4095, 63.39508, 51.33041, 57.88853, 18.65649, -34.24428, 33.10687, 243.611, 111.2406, 321.6487, -7.984733, 3.732824, -4.572519],
[2224, 4095, 4095, 4095, 4095, 246.7498, 107.3597, 323.6574, -16.54199, -53.31298, 178.084, 242.9925, 114.1187, 318.436, -5.78626, -4.458015, 10.20611],
[2243, 4095, 4095, 4095, 4095, 248.9451, 168.867, 274.2136, -8.358779, -33.06107, 78.37405, 238.8329, 117.639, 318.8651, -7.053435, 14.96947, 3.259542],
[2179, 4095, 4095, 4095, 4095, 242.3841, 139.8572, 293.6106, -42.9084, 105.8855, -179.2824, 247.6033, 111.9063, 315.4105, -6.496183, -0.9083969, 8.854961],
[2197, 4095, 4095, 4095, 4095, 58.326, 43.90986, 59.21335, -44.26717, 79.44275, -90.25191, 243.518, 112.7626, 319.6218, 4.61832, -5.198473, 6.480916],
[2234, 4095, 4095, 4095, 4095, 219.4206, 100.6544, 351.0507, 27.82443, -87.63359, 140.6718, 242.5543, 114.5396, 318.4164, -2.59542, 3.564885, 1.083969],
[2229, 4095, 4095, 4095, 4095, 245.3001, 133.5979, 295.573, 60.09161, -73.34352, 99.94657, 243.2058, 114.8538, 317.2054, 1.099237, 3.015267, 10.50382],
[2235, 4095, 4095, 4095, 4095, 242.8567, 156.2591, 282.5515, -72.80916, 79.51908, -146.8015, 241.3698, 119.2869, 313.973, -19.14504, -3.320611, -6.870229],
[2277, 4095, 4095, 4095, 4095, 54.91512, 48.63917, 51.33266, -42.83969, 177.4275, -175.6565, 242.4394, 113.6545, 319.7274, -3.335878, -0.832061, 21.54962],
[2245, 4095, 4095, 4095, 4095, 79.61286, 88.15447, 9.50887, 129.6565, -76.98473, 90.36641, 242.9886, 116.1304, 315.8377, 0.5954198, 3.984733, -7.725191],
[2282, 4095, 4095, 4095, 4095, 247.7788, 106.5624, 323.6339, 35.12977, -53.35115, 149.1527, 246.2634, 112.6941, 316.155, -30.08397, 7.244275, 13.03817],
[2145, 4095, 4095, 4095, 4095, 249.8828, 136.7925, 288.7969, -33.51145, -18.15267, 11.32824, 240.6401, 115.5655, 319.3652, 14.06107, 11.20611, 12.40458],
[2226, 4095, 4095, 4095, 4095, 239.9816, 128.1065, 306.1488, -60.35878, 87.771, -200.6412, 244.0959, 116.662, 313.7812, -2.954198, 5.366412, 10.38931],
[2231, 4095, 4095, 4095, 4095, 70.26863, 59.64218, 58.46306, -20.28244, 1.732824, 14.91603, 242.9247, 114.7848, 317.6428, 8.580153, 2.099237, -10.44275],
[2255, 4095, 4095, 4095, 4095, 225.7837, 103.6979, 345.7502, 55.90076, -52.8626, 150.9466, 243.6381, 114.8994, 316.6061, -2.160305, -1.320611, 1.099237],
[2300, 4095, 4095, 4095, 4095, 250.5899, 128.9651, 293.3253, 47.32824, -41.43512, 128.8702, 242.47, 118.8837, 313.1207, -1.679389, 3.320611, 12.22137],
[2247, 4095, 4095, 4095, 4095, 241.9054, 140.3877, 293.6409, -33.8397, 70.33588, -132.4275, 245.6566, 114.6149, 314.3652, 8.503817, 6.549618, 15.51908],
[2217, 4095, 4095, 4095, 4095, 104.3361, 94.6129, 17.6317, 17.01527, 78.31298, -198.5343, 245.2863, 115.2946, 313.9703, 4.519084, -12.05344, -7.129771],
[2256, 4095, 4095, 4095, 4095, 92.0436, 91.17297, 30.48306, 34.82443, -28.73282, 121.4504, 243.3832, 114.8829, 316.9467, -2.442748, -7.198473, -10.76336],
[2239, 4095, 4095, 4095, 4095, 242.2901, 113.5123, 320.0972, -3.206107, -49.90077, 163.5191, 242.679, 115.6199, 316.8669, -20.63359, 5.694656, -2.152672],
[2250, 4095, 4095, 4095, 4095, 251.2424, 132.2093, 290.3243, -0.2366412, -9.709924, 29.19084, 239.3552, 118.728, 316.9768, -4.938931, 4.954198, -0.3053435],
[2226, 4095, 4095, 4095, 4095, 246.024, 135.4056, 293.4745, -75.67175, 86.9542, -178.2977, 245.3827, 115.4506, 313.6422, 15.33588, 1.442748, 7.679389],
[2252, 4095, 4095, 4095, 4095, 74.72932, 77.13017, 39.80797, -18.61832, 52.94656, -129.2595, 245.1303, 114.1374, 315.6953, -0.8931297, -5.641222, -10.03054],
[2271, 4095, 4095, 4095, 4095, 94.80989, 90.79869, 10.11611, 24.49618, -45.22138, 142.8855, 242.5755, 116.1224, 316.3563, -5.687023, -0.1374046, -6.412214],
[2267, 4095, 4095, 4095, 4095, 247.0728, 127.8553, 298.3301, -11.51908, -72.99236, 138.6183, 239.4033, 119.523, 315.99, -0.2977099, 17.00763, 12.61832],
[2231, 4095, 4095, 4095, 4095, 239.7013, 137.215, 298.1967, -40.45038, 44.80153, -97.09924, 243.9203, 116.3229, 314.4281, -2.122137, -3.152672, 9.412213],
[2240, 4095, 4095, 4095, 4095, 86.98558, 88.75213, 21.551, -0.2137404, 89.32825, -187.5649, 243.5031, 116.0453, 315.3042, -5.725191, -9.40458, 2.587786],
[2265, 4095, 4095, 4095, 4095, 82.04631, 86.7682, 21.60419, 25.77863, -46.1374, 120.1908, 241.5721, 117.0918, 316.3629, 0.007633588, -6.358778, -9.78626],
[2278, 4095, 4095, 4095, 4095, 249.8821, 97.54783, 339.768, 60.50382, -55.75572, 135.5496, 243.6825, 118.8385, 311.6753, -10.87786, 1.854962, 5.687023],
[2287, 4095, 4095, 4095, 4095, 249.1404, 133.3677, 291.7675, 14.45038, -52.48855, 85.61832, 237.3204, 124.3258, 312.9754, -13.79389, 22.08397, 39.19084],
[2258, 4095, 4095, 4095, 4095, 245.3002, 134.4571, 294.9085, -55.92367, 85.18321, -159.313, 244.3752, 120.1622, 309.2818, -4.801527, -4.877862, -13.66412],
[2253, 4095, 4095, 4095, 4095, 66.65382, 58.83099, 54.42184, -48.0229, 104.8779, -162.4962, 242.2206, 118.4752, 313.9077, 8.694656, -2.847328, 10.8626],
[2222, 4095, 4095, 4095, 4095, 96.44892, 91.45474, 13.11504, 43.85496, -53.25954, 119.1679, 242.5304, 119.8479, 311.9249, -6.709924, 1.358779, -1.305344],
[2255, 4095, 4095, 4095, 4095, 254.5339, 103.2583, 319.191, 28.78626, -53.55725, 125.0305, 243.5062, 120.2874, 310.2256, -19.35114, 4.068702, 12.94657],
[2239, 4095, 4095, 4095, 4095, 237.8727, 142.2004, 295.7708, -41.75573, 2.183206, -20.29008, 242.2604, 120.7178, 311.2616, -0.7709923, 2.641221, -1.946565],
[2176, 4095, 4095, 4095, 4095, 251.0781, 119.9685, 300.475, -133.229, 139.2366, -250.1374, 245.0989, 118.1995, 310.6235, -16.68702, -0.07633588, -19.66412],
[2223, 4095, 4095, 4095, 4095, 89.30964, 89.57304, 29.38379, 9.564885, -55.16794, 113.9771, 244.981, 117.9916, 311.0235, -1.312977, 0.4503817, -11.58015],
[2267, 4095, 4095, 4095, 4095, 234.9802, 106.1943, 337.2555, -7.610687, -44.03053, 145.0076, 242.8777, 120.5744, 310.6742, -12.47328, 2.198473, 0.4045802],
[2262, 4095, 4095, 4095, 4095, 247.2941, 121.0684, 304.5281, 14.65649, -43.89313, 69.54962, 241.3229, 119.992, 313.2108, -4.122138, 4.175572, 0.9312977],
[2271, 4095, 4095, 4095, 4095, 241.5174, 135.5792, 297.7904, -32.78626, 75.57252, -130.6794, 243.1569, 119.0199, 312.1168, -2.480916, -6.465649, -3.587786],
[2209, 4095, 4095, 4095, 4095, 62.88332, 74.33284, 28.57071, -41.00763, 127.7176, -192.7023, 243.2755, 119.4001, 311.5272, -9.068703, 0.5267176, 14.61832],
[2249, 4095, 4095, 4095, 4095, 96.57275, 92.13485, 18.27882, 61.48855, -51.96184, 118.2519, 243.4242, 119.4494, 311.2857, -1.610687, -5.137404, -1.778626],
[2239, 4095, 4095, 4095, 4095, 250.1621, 109.6368, 315.0028, 26.70992, -56.90076, 124.5114, 240.2987, 122.6308, 311.4543, -3.465649, 6.007634, 1.832061],
[2223, 4095, 4095, 4095, 4095, 246.229, 130.2969, 297.23, -32.28245, 15.66412, -24.36641, 239.7735, 121.0504, 313.8148, -6.320611, 1.832061, -1.091603],
[2177, 4095, 4095, 4095, 4095, 240.5052, 111.4657, 324.9323, -57.40458, 102.8092, -191.1756, 242.0151, 121.0152, 311.2222, 7.740458, 0.7328244, 6.580153],
[2270, 4095, 4095, 4095, 4095, 66.07534, 54.98353, 57.59189, 23.0916, -46.0, 73.96183, 241.4525, 121.1411, 311.7516, -1.167939, -5.312977, -12.15267],
[2256, 4095, 4095, 4095, 4095, 236.6892, 95.41908, 351.5705, 41.41222, -57.19848, 141.145, 242.5284, 119.8097, 311.9714, -12.43512, 3.389313, 3.366412],
[2278, 4095, 4095, 4095, 4095, 246.1315, 128.657, 298.7257, 20.91603, -49.76336, 73.70229, 240.7664, 120.5801, 313.1946, -6.396946, 11.25191, -3.625954],
[2250, 4095, 4095, 4095, 4095, 245.3263, 133.5399, 295.5914, -58.38168, 44.07634, -108.542, 242.0198, 120.4694, 311.8324, 0.08396947, -3.282443, 0.2137404],
[2210, 4095, 4095, 4095, 4095, 335.2837, 77.79806, 354.3085, -48.9313, 109.5038, -221.1298, 241.9477, 120.1742, 312.2554, -3.412214, -5.839694, 14.38931],
[2223, 4095, 4095, 4095, 4095, 85.55933, 87.38605, 30.0205, 15.74809, -59.9542, 127.8321, 244.9339, 119.2631, 309.5949, -10.63359, -2.832061, -16.29008],
[2251, 4095, 4095, 4095, 4095, 251.5248, 101.4273, 328.4614, 18.42748, -60.93893, 160.542, 241.4066, 122.3547, 310.4638, -18.81679, 4.038168, 6.320611],
[2304, 4095, 4095, 4095, 4095, 242.5513, 134.3685, 297.7578, 53.03817, -29.0229, 33.8397, 239.1002, 122.5849, 312.8757, 1.755725, 7.274809, -1.29771],
[2263, 4095, 4095, 4095, 4095, 239.0645, 133.5172, 302.0415, -64.92367, 98.09924, -156.6031, 241.8, 119.8371, 312.8197, 2.274809, -1.572519, -4.763359],
[2192, 4095, 4095, 4095, 4095, 66.95728, 66.52744, 45.50615, -19.85496, 44.91603, -103.2824, 242.1785, 119.9864, 312.1925, 9.160305, -4.175572, 5.221374],
[2291, 4095, 4095, 4095, 4095, 72.96379, 83.81029, 19.24657, 25.96946, -46.28244, 110.9924, 241.6648, 120.9994, 311.6583, -8.267176, -0.9312977, -1.801527],
[2303, 4095, 4095, 4095, 4095, 239.9935, 113.5059, 322.7572, 28.0, -61.32824, 129.5649, 240.5451, 121.9415, 311.926, -7.725191, 7.038168, 0.7328244],
[2288, 4095, 4095, 4095, 4095, 244.6807, 128.1268, 300.8543, -12.19847, 5.396946, -9.106871, 239.1542, 121.5183, 313.997, -8.839695, -3.198473, 5.534351],
[2231, 4095, 4095, 4095, 4095, 231.9159, 116.425, 327.3892, -43.30534, 90.45802, -172.1985, 239.9004, 121.4232, 313.2495, 3.839695, -5.10687, 12.1603],
[2236, 4095, 4095, 4095, 4095, 57.57824, 50.74934, 52.05883, -33.61069, 67.09161, -100.6183, 241.8906, 120.0362, 312.482, 2.862595, 4.59542, 5.969466],
[2271, 4095, 4095, 4095, 4095, 94.16883, 91.06626, 15.02569, 17.12214, -54.38931, 130.9237, 240.5646, 122.7848, 310.9789, -13.41221, 5.442748, -4.160306],
[2256, 4095, 4095, 4095, 4095, 247.0407, 119.4164, 306.6598, 34.54199, -83.41985, 137.3435, 238.2047, 126.6874, 309.5291, -1.801527, 8.564885, 3.29771],
[2245, 4095, 4095, 4095, 4095, 242.7959, 133.0332, 298.6219, -31.09924, 25.9542, -62.9313, 238.9662, 122.7945, 312.7978, -4.526718, -2.244275, -0.389313],
[2239, 4095, 4095, 4095, 4095, 223.2394, 110.3234, 340.6053, -60.47328, 100.5649, -168.855, 240.9869, 122.5078, 310.789, 7.389313, -3.633588, 7.419847],
[2233, 4095, 4095, 4095, 4095, 66.59358, 54.14298, 59.01773, 4.465649, -23.05343, 23.57252, 241.6909, 122.1103, 310.3952, -0.9312977, 3.030534, -5.847328],
[2262, 4095, 4095, 4095, 4095, 120.8028, 92.17918, 3.690008, 56.23664, -85.47328, 118.2443, 239.7068, 121.9951, 312.8347, -12.92366, 2.816794, 4.450382],
[2255, 4095, 4095, 4095, 4095, 247.9964, 133.4267, 292.9146, 33.87023, -72.33588, 112.0305, 239.7206, 124.8388, 309.7544, -8.526717, 10.1145, 4.641222],
[2226, 4095, 4095, 4095, 4095, 242.2095, 132.3411, 299.8264, -58.08397, 39.68702, -88.80916, 240.8532, 122.8651, 310.5567, 4.19084, 0.9694656, 3.450382],
[2223, 4095, 4095, 4095, 4095, 142.5828, 98.8474, 6.745213, -112.7328, 126.5649, -165.771, 239.2835, 121.852, 313.4773, 6.40458, -2.351145, 4.847328],
[2243, 4095, 4095, 4095, 4095, 69.12989, 70.513, 42.76975, 28.23664, -71.9771, 72.9313, 242.3464, 122.5854, 309.0995, 0.1908397, -0.9770992, -4.160306],
[2309, 4095, 4095, 4095, 4095, 173.0493, 96.18945, 0.6678915, 27.0, -60.84733, 148.0, 240.9158, 121.8316, 311.6149, -7.732824, 3.312977, 3.076336],
[2311, 4095, 4095, 4095, 4095, 242.8237, 135.5041, 296.5615, 9.473283, -43.8626, 88.10687, 238.1962, 123.5039, 312.8904, -3.282443, 11.36641, 2.458015],
[2240, 4095, 4095, 4095, 4095, 237.7009, 141.4597, 296.5266, -31.87023, 57.0458, -102.0305, 241.6441, 121.2274, 311.4276, -9.687023, -6.51145, -2.717557],
[2199, 4095, 4095, 4095, 4095, 74.50241, 83.85199, 20.98197, -39.62595, 93.31298, -171.2672, 240.9444, 120.3861, 313.2065, 10.9084, -4.114504, 1.519084],
[2256, 4095, 4095, 4047, 4095, 80.20949, 81.63433, 40.30798, 0.3053435, -33.45802, 91.19084, 245.0346, 117.4569, 311.5967, -9.557252, -12.26718, -7.48855],
[2223, 4095, 3903, 3771, 3915, 215.8362, 102.3295, 350.878, 20.23664, -50.96947, 126.6565, 240.0803, 120.4478, 314.145, -1.290076, 5.603054, -11.26718],
[2236, 4095, 4095, 4095, 4095, 242.7751, 135.1972, 296.8565, 18.70992, 72.46565, -171.1069, 247.2923, 118.1198, 307.7989, -1.618321, 5.549618, -24.16031],
[2227, 4095, 4095, 4095, 4095, 69.44084, 49.74375, 66.05437, -39.23664, 38.41221, -103.397, 245.524, 109.1801, 322.3248, 0.7862596, -1.366412, 20.05343],
[2277, 4095, 4095, 4095, 4095, 210.1923, 101.6597, 353.0174, 52.23664, -60.48855, 180.626, 243.7052, 116.3997, 314.6039, -19.61069, -11.81679, 23.96183],
[2256, 4095, 4095, 4095, 4095, 250.0526, 137.9985, 287.9123, -30.32061, -45.58015, 67.46565, 237.4749, 125.4568, 311.6068, -11.81679, -2.473282, 11.64122],
[2210, 4095, 4095, 4095, 4095, 251.7114, 106.4742, 317.8367, -57.93893, 58.70992, -202.0534, 245.5081, 119.8303, 308.2102, -8.603053, -4.465649, -13.31298],
[2224, 4095, 4095, 4095, 4095, 65.34037, 31.39395, 74.27051, 40.9542, 6.427481, -36.32824, 244.2432, 117.6845, 312.3404, 14.74046, -6.709924, 1.709924],
[2252, 4095, 4095, 4095, 4095, 234.4733, 99.12947, 347.1012, 35.9542, -52.14504, 191.1679, 243.1692, 119.7948, 311.2033, -11.60305, -0.8625955, 3.083969],
[2267, 4095, 4095, 4095, 4095, 248.3687, 136.2999, 290.5607, -19.63359, -22.66412, 17.28244, 237.7021, 123.2306, 313.736, -4.145038, 4.435114, -6.984733],
[2192, 4095, 4095, 4095, 4095, 231.2644, 118.5253, 325.6502, -75.03817, 79.53435, -190.3282, 243.4546, 121.3672, 309.0849, -3.290076, -2.763359, 2.534351],
[2253, 4095, 4095, 4095, 4095, 69.02162, 40.64878, 71.71577, 58.55725, -4.496183, -8.305344, 244.5566, 116.8643, 312.9403, 14.87786, -4.305344, -1.366412],
[2249, 4095, 4095, 4095, 4095, 214.3162, 101.5717, 351.8977, 31.9542, -45.52672, 168.9008, 241.3408, 121.4286, 311.5625, -10.22138, -2.862595, 4.015267],
[2295, 4095, 4095, 4095, 4095, 246.1909, 132.0901, 295.8236, 3.076336, -49.89313, 74.01527, 239.425, 124.5594, 310.3824, -2.854962, 1.48855, 6.343512],
[2245, 4095, 4095, 4095, 4095, 236.3797, 130.267, 307.9035, -94.46566, 104.2443, -176.5878, 242.3986, 121.81, 309.8802, 2.396947, 5.519084, -0.2213741],
[2236, 4095, 4095, 4095, 4095, 63.35978, 48.68073, 60.22026, -7.312977, 46.68703, -57.91603, 246.2701, 117.5131, 309.8981, 13.19084, -10.18321, 8.763359],
[2253, 4095, 4095, 4095, 4095, 174.6214, 99.96155, 0.8503119, 52.1145, -59.67939, 131.8244, 242.025, 121.8838, 310.2464, -22.59542, 3.954198, -2.824427],
[2234, 4095, 4095, 4095, 4095, 250.3212, 116.0426, 305.9216, 37.87023, -83.72519, 110.5343, 241.6497, 125.53, 306.8389, 0.8091603, 6.198473, 15.21374],
[2243, 4095, 4095, 4095, 4095, 238.8622, 130.9101, 304.6596, -39.20611, 78.0, -130.4351, 241.4232, 124.0443, 308.6352, 3.458015, -0.2290076, -7.351145],
[2222, 4095, 4095, 4095, 4095, 68.2481, 56.39795, 58.9558, 12.60305, 111.458, -169.2901, 242.8848, 118.504, 313.0612, 5.824428, -0.03053435, 12.51908],
[2215, 4095, 4095, 4095, 4095, 86.30533, 89.07031, 13.06869, 39.07634, -65.26718, 119.5572, 244.4166, 120.0113, 309.3998, -11.16794, 2.152672, -5.351145],
[2205, 4095, 4095, 4095, 4095, 241.0756, 119.0573, 314.5912, 25.19084, -50.68702, 73.46565, 242.1835, 119.6438, 312.5812, -25.39695, 8.320611, 2.068702],
[2240, 4095, 4095, 4095, 4095, 240.0027, 132.6117, 301.8908, -39.66412, 20.76336, -71.91603, 241.0488, 124.3485, 308.7502, 8.916031, 11.25191, -7.229008],
[2211, 4095, 4095, 4095, 4095, 87.56272, 88.61339, 28.86192, -67.64886, 99.29008, -185.2061, 241.1093, 120.4319, 312.9598, 2.076336, -0.1603053, 4.312977],
[2270, 4095, 4095, 4095, 4095, 86.98806, 88.17547, 30.62279, 7.931298, -43.0916, 111.6183, 242.8635, 120.5498, 310.7194, -3.122137, -7.343512, -3.603053],
[2289, 4095, 4095, 4095, 4095, 243.8123, 103.7834, 333.2038, 2.480916, -73.00764, 142.7328, 241.5999, 123.7301, 308.76, -13.87023, 3.908397, 10.34351],
[2261, 4095, 4095, 4095, 4095, 241.0016, 138.4825, 295.9339, -25.20611, -12.17557, 22.30534, 238.6642, 124.0524, 311.7769, -3.335878, 3.328244, -11.24428],
[2227, 4095, 4095, 4095, 4095, 236.0955, 114.574, 325.5251, -58.80916, 106.1908, -172.0687, 241.4501, 122.1955, 310.5865, -3.328244, 2.801527, 5.198473],
[2198, 4095, 4095, 4095, 4095, 64.67297, 40.1804, 68.14406, 45.43512, 16.48092, -44.49618, 240.9951, 120.5966, 312.907, 6.969466, -3.167939, -0.8167939],
[2227, 4095, 4095, 4095, 4095, 112.4157, 94.0071, 9.707875, 38.28244, -52.56488, 145.0916, 241.372, 121.3514, 311.6118, -10.07634, -3.618321, 2.618321],
[2277, 4095, 4095, 4095, 4095, 241.1267, 132.0833, 301.1903, 31.30534, -69.53435, 106.4351, 239.7129, 124.4405, 310.1821, -6.908397, 9.992367, 8.503817],
[2243, 4095, 4095, 4095, 4095, 235.2529, 135.024, 304.5058, -26.28244, 97.48092, -145.8321, 240.8053, 123.4386, 309.9952, 5.854962, -6.099236, 2.610687],
[2229, 4095, 4095, 4095, 4095, 68.69922, 58.8933, 57.07012, -44.05344, 97.49619, -175.5572, 239.7894, 121.518, 313.2711, 2.198473, 4.557252, 6.305344],
[2247, 4095, 4095, 4095, 4095, 102.1483, 93.09847, 14.29631, 48.34351, -44.52672, 144.0534, 242.8108, 121.4636, 309.764, -9.610687, -0.7022901, -4.114504],
[2241, 4095, 4095, 4095, 4095, 240.7234, 130.6191, 302.9478, -10.74809, -59.67939, 123.3282, 240.4355, 124.4548, 309.3438, -33.09924, 14.90076, 4.068702],
[2243, 4095, 4095, 4095, 4095, 242.781, 134.0251, 297.8085, -63.25191, 36.17557, -100.2519, 241.0505, 122.1391, 311.1181, 2.877863, -1.580153, -3.335878],
[2274, 4095, 4095, 4095, 4095, 82.05241, 85.12523, 31.15995, -64.21374, 101.1527, -162.8473, 239.0572, 121.5061, 314.1206, 17.0687, -9.534351, -1.59542],
[2256, 4095, 4095, 4095, 4095, 81.70616, 85.38431, 28.69141, 12.25954, -61.0458, 114.1527, 240.8678, 120.7126, 312.9251, -5.274809, -0.648855, -1.763359],
[2241, 4095, 4095, 4095, 4095, 247.0093, 120.0289, 306.0233, 22.03053, -97.51145, 182.8931, 242.3774, 124.7206, 306.8194, -19.39695, 4.473282, 12.94657],
[2271, 4095, 4095, 4095, 4095, 235.9547, 136.1341, 302.7849, -1.022901, 31.52672, -46.41222, 240.8321, 120.3003, 313.4366, -1.572519, -6.198473, -1.946565],
[2234, 4095, 4095, 4095, 4095, 227.7671, 111.5713, 336.2561, -63.07634, 94.17558, -150.0687, 239.7147, 123.2992, 311.399, 4.366412, -2.496183, 6.412214],
[2256, 4095, 4095, 4095, 4095, 65.07816, 68.46017, 40.24627, 4.534351, 12.0229, 1.129771, 240.4463, 121.9863, 311.9913, 4.984733, -4.496183, -2.908397],
[2262, 4095, 4095, 4095, 4095, 200.5864, 99.71335, 356.2089, 28.76336, -66.92367, 144.0992, 239.5119, 125.0595, 309.759, -4.419847, 1.022901, 8.893129],
[2299, 4095, 4095, 4095, 4095, 242.5307, 145.0237, 289.8043, -12.35114, -54.71756, 78.98473, 235.8225, 129.4102, 309.3406, -11.80153, 12.48855, 6.274809],
[2257, 4095, 4095, 4095, 4095, 231.7948, 132.8369, 310.1022, -65.18321, 74.52672, -129.4733, 238.9921, 124.5299, 310.9008, 13.32061, 3.396947, -0.9312977],
[2225, 4095, 4095, 4095, 4095, 80.5624, 82.07701, 39.80141, -74.87786, 67.62596, -112.9084, 240.8517, 120.9967, 312.6228, 6.931298, -0.9694656, -2.221374],
[2279, 4095, 4095, 4095, 4095, 131.7726, 99.2229, 10.2766, 70.16031, -60.71756, 123.3435, 240.9171, 122.9952, 310.3417, -8.343512, 7.38168, -6.022901],
[2266, 4095, 4095, 4095, 4095, 241.2092, 127.1628, 305.709, 29.30534, -91.67939, 145.8473, 240.6879, 123.9542, 309.5818, 0.7557252, 7.183206, 0.4045802],
[2239, 4095, 4095, 4095, 4095, 235.9667, 138.8032, 300.3795, -31.82443, 39.0458, -78.18321, 239.8716, 123.863, 310.6147, -3.633588, -8.816793, 8.473283],
[2239, 4095, 4095, 4095, 4095, 194.7239, 113.1513, 353.4631, -28.73282, 92.03817, -163.8626, 241.4977, 122.2746, 310.4439, 2.351145, -6.0, 4.183206],
[2201, 4095, 4095, 4095, 4095, 229.6701, 106.9595, 340.0315, -37.45802, 101.4885, -250.1374, 240.825, 126.8054, 306.4955, 15.8855, -5.748092, 16.8626],
[2223, 4095, 4095, 4095, 4095, 78.15545, 65.9877, 64.77857, 9.59542, -48.75573, 129.5649, 245.0241, 124.4865, 303.9011, 0.5954198, -1.770992, -9.106871],
[2256, 4095, 4095, 4095, 4095, 235.5357, 111.3953, 330.0401, 73.15267, -75.9771, 185.7481, 244.384, 126.1854, 303.0091, -15.84733, 7.458015, 13.16794],
[2275, 4095, 4095, 4095, 4095, 244.3702, 144.8902, 288.4608, -14.16031, 7.160306, -11.94656, 240.24, 126.6721, 307.2863, 6.801527, 9.0, -15.33588],
[2203, 4095, 4095, 4095, 4095, 242.0381, 119.1493, 313.3328, -87.25191, 97.45802, -250.1374, 245.5057, 125.3896, 302.438, -0.7862596, 2.78626, -2.908397],
[2224, 4095, 4095, 4095, 4095, 78.28879, 61.31642, 69.23732, 29.91603, -45.19847, 97.61832, 241.3394, 126.0287, 306.6905, 12.09924, 7.21374, -19.44275],
[2281, 4095, 4095, 4095, 4095, 211.667, 104.8832, 350.544, 37.09924, -54.47328, 208.542, 246.5443, 125.4948, 301.082, -10.29008, 3.885496, 5.885496],
[2263, 4095, 4095, 4095, 4095, 246.423, 143.4284, 287.7628, 50.26718, -58.33588, 106.626, 243.5175, 130.6296, 299.9212, -8.435115, 2.916031, 13.32824],
[2193, 4095, 4095, 4095, 4095, 239.3399, 134.672, 300.7339, -90.48092, 95.24428, -191.2748, 245.2934, 124.6254, 303.437, -4.114504, 5.450382, -8.335877],
[2235, 4095, 4095, 4095, 4095, 66.10541, 26.23527, 77.59987, -55.47328, 75.14503, -116.3664, 244.3461, 120.1293, 309.3554, 7.641222, -2.977099, 6.59542],
[2237, 4095, 4095, 4095, 4095, 140.34, 99.30634, 7.693846, 59.59542, -57.14504, 153.8779, 244.0044, 124.0419, 305.5813, -11.9771, -3.717557, 1.51145],
[2256, 4095, 4095, 4095, 4095, 236.5581, 124.479, 313.6447, 55.80153, -65.27481, 97.87786, 245.4722, 122.5209, 305.3448, 2.442748, 3.122137, 7.755725],
[2221, 4095, 4095, 4095, 4095, 239.4171, 133.2152, 301.9522, -60.9084, 50.45802, -103.916, 243.1491, 126.9495, 303.7105, -9.740458, -0.5343512, -0.2213741],
[2221, 4095, 4095, 4095, 4095, 69.76022, 70.97797, 42.98162, -49.70229, 107.0992, -197.7252, 244.3164, 122.2768, 307.0394, -3.053435, -4.89313, 4.709924],
[2261, 4095, 4095, 4095, 4095, 95.51273, 94.24391, 37.59128, 28.22901, -46.05344, 133.0076, 245.1705, 122.4745, 305.7704, -4.534351, -2.793893, -4.366412],
[2247, 4095, 4095, 4095, 4095, 246.8554, 109.3746, 320.2594, 32.42748, -66.03054, 176.0611, 244.8038, 123.3644, 305.3023, -16.47328, 7.145038, 2.694656],
[2289, 4095, 4095, 4095, 4095, 241.2604, 136.7901, 297.0486, -18.01527, 11.25954, -27.24427, 243.2319, 122.0277, 308.6357, 3.343511, 1.824428, -9.076336],
[2242, 4095, 4095, 4095, 4095, 227.1546, 121.8827, 325.9304, -58.35115, 95.22138, -199.0305, 242.9513, 123.1893, 307.7319, -0.480916, -2.343511, 8.091603],
[2215, 4095, 4095, 4095, 4095, 76.38711, 54.8563, 70.98882, 31.52672, -5.091603, -20.74046, 243.381, 121.9228, 308.5679, 6.312977, 1.770992, -0.2061069],
[2227, 4095, 4095, 4095, 4095, 154.3987, 101.041, 5.272529, 51.24427, -42.56488, 192.1527, 244.6444, 123.5078, 305.3506, -13.12214, 13.96183, 15.38168],
[2284, 4095, 4095, 4095, 4095, 250.0206, 142.6662, 285.3271, 42.03817, -44.32825, 121.1221, 240.9142, 126.8926, 306.3083, -9.832061, 10.17557, 0.4885496],
[2211, 4095, 4095, 4095, 4095, 243.241, 142.3551, 291.0656, -81.0, 70.68702, -147.5649, 242.8413, 124.3841, 306.6188, -2.259542, 3.793893, 5.419847],
[2256, 4095, 4095, 4095, 4095, 74.2411, 67.21786, 56.05569, -46.77863, 123.2137, -235.4886, 241.6649, 122.9776, 309.4853, -7.458015, -6.274809, 11.35878],
[2206, 4095, 4095, 4095, 4095, 99.86148, 94.10308, 22.57324, 26.83969, -51.25954, 141.5573, 244.5945, 124.0289, 304.8808, -4.396946, -8.526717, -3.709924],
[2283, 4095, 4095, 4095, 4095, 231.5286, 119.4298, 324.3961, 45.61832, -77.26717, 161.3282, 242.9911, 125.624, 305.1896, -7.946565, -2.076336, 0.1908397],
[2233, 4095, 4095, 4095, 4095, 234.4353, 148.967, 293.0839, -4.519084, 26.74809, -17.29771, 235.1587, 125.8924, 313.6536, -26.60306, 5.259542, -25.63359],
[2261, 4095, 4095, 4095, 4095, 233.6143, 114.4527, 328.0863, -68.66413, 108.7939, -176.2519, 230.0107, 126.8571, 317.9839, -11.81679, -1.114504, -2.923664],
[2229, 4095, 4095, 4095, 4095, 72.12766, 52.47417, 67.17952, 9.312977, -7.641222, -10.39695, 227.2147, 126.9344, 320.6906, 12.9542, -2.916031, 0.7175572],
[2226, 4095, 4095, 4095, 4095, 211.1561, 101.4025, 352.9102, 53.65649, -55.1145, 145.0382, 233.0093, 128.8735, 312.8308, 6.900764, -7.419847, 19.22137],
[2239, 4095, 4095, 4095, 4095, 249.6964, 129.5008, 293.9558, 56.32824, -46.48855, 114.687, 234.2448, 138.3781, 302.396, -21.13741, -3.984733, 26.1603],
[2258, 4095, 4095, 4095, 4095, 241.9043, 128.5185, 303.6216, -78.54198, 53.51909, -143.8855, 238.1674, 128.1864, 308.0535, 12.96183, 7.48855, -2.870229],
[2229, 4095, 4095, 4095, 4095, 75.62357, 77.86469, 39.87544, -54.66413, 104.5191, -198.3282, 239.7253, 126.1111, 308.4322, 1.045802, -6.51145, 12.20611],
[2242, 4095, 4095, 4095, 4095, 82.79976, 85.41632, 32.13522, 28.24427, -65.49619, 150.855, 241.5834, 127.4081, 305.0473, -0.5343512, -0.9083969, -4.450382],
[2295, 4095, 4095, 4095, 4095, 247.6314, 124.5011, 300.6733, 12.0916, -76.57252, 203.7633, 238.3932, 131.8254, 304.2913, -18.14504, 6.198473, 4.526718],
[2255, 4095, 4095, 4095, 4095, 241.6812, 131.2036, 301.3899, -26.84733, 33.15267, -79.63359, 239.1125, 126.9323, 308.2791, 7.664122, -0.1679389, 0.4122138],
[2256, 4095, 4095, 4095, 4095, 172.501, 122.035, 4.582875, -25.96183, 138.8779, -226.3588, 239.2263, 128.4816, 306.6087, 10.61832, -6.969466, 10.83969],
[2244, 4095, 4095, 4095, 4095, 81.20806, 80.56598, 46.98273, 16.40458, -61.38931, 134.2748, 241.9472, 127.282, 304.7594, -3.114504, 3.152672, -14.13741],
[2255, 4095, 4095, 4095, 4095, 233.0372, 122.8573, 319.1286, -29.58015, -96.54199, 184.7328, 239.2975, 125.9231, 309.1038, -15.28244, 3.351145, 3.694656],
[2249, 4095, 4095, 4095, 4095, 238.8426, 137.3167, 298.9343, -14.75572, 29.03817, -48.57252, 238.4697, 127.8945, 308.0166, -9.854961, 1.343511, 14.38931],
[2209, 4095, 4095, 4095, 4095, 205.5497, 107.9468, 351.0604, -53.60305, 110.8092, -242.0, 241.3077, 125.277, 307.4902, 3.770992, -1.381679, -1.778626],
[2224, 4095, 4095, 4095, 4095, 79.57778, 71.55175, 61.12413, -17.58779, -55.32825, 165.2901, 244.4105, 124.9357, 304.1954, -2.641221, -5.427481, -13.75573],
[2251, 4095, 4095, 4095, 4095, 233.4772, 126.9939, 314.2781, 6.839694, -101.8092, 203.3817, 241.879, 129.8571, 302.4003, -12.12977, 0.6412213, 13.53435],
[2270, 4095, 4095, 4095, 4095, 236.8133, 141.7117, 297.1056, 19.01527, -28.19084, 45.20611, 240.2085, 125.8038, 308.203, 7.671756, 3.053435, 8.656488],
[2224, 4095, 4095, 4095, 4095, 235.5043, 134.8012, 304.4625, -60.23664, 113.6489, -190.6717, 243.0757, 125.432, 305.2821, -5.954198, -1.557252, 2.541985],
[2255, 4095, 4095, 4095, 4095, 67.75125, 20.5398, 81.19664, 56.49618, 38.67176, -122.0916, 242.201, 124.4768, 307.2765, 13.85496, 3.916031, 5.267176],
[2231, 4095, 4095, 4095, 4095, 171.0028, 108.1432, 2.867087, 64.57252, -66.77863, 171.5801, 244.2274, 124.7327, 304.6163, -3.091603, 7.832061, 4.229008],
[2231, 4095, 4095, 4095, 4095, 237.7842, 136.4157, 300.7394, 58.771, -53.05344, 102.3664, 242.391, 122.8645, 308.7466, -6.374046, 8.045801, 2.259542],
[2204, 4095, 4095, 4095, 4095, 236.7408, 144.9737, 294.492, -28.51908, 92.56489, -149.145, 243.3518, 122.8007, 307.6612, -9.908397, 2.19084, 0.5877862],
[2217, 4095, 4095, 4095, 4095, 247.8882, 113.2872, 313.0631, 3.198473, -1.854962, 3.274809, 245.8441, 120.6724, 306.8427, -2.007634, -1.21374, -0.6564885],
[2209, 4095, 4095, 4095, 4095, 243.4103, 114.5347, 317.3689, -7.778626, -2.763359, -3.580153, 249.1513, 117.6229, 305.7773, -3.419847, -1.267176, 0.3282443],
[2192, 4095, 4095, 4095, 4095, 245.428, 112.7354, 317.2165, -4.816794, -2.793893, -4.145038, 246.4058, 119.9401, 306.9181, 3.816794, 5.045802, 1.480916],
[2125, 4095, 4095, 4095, 4095, 239.1624, 133.4815, 301.9735, -23.74046, 59.52672, -158.4351, 249.0022, 120.5264, 302.806, -0.5954198, 12.54962, -4.122138],
[2119, 4095, 4095, 4095, 4095, 64.78076, 30.35836, 74.49752, -27.87786, 60.27481, -117.8168, 248.7216, 114.8938, 309.7231, -5.564886, 3.755725, 5.687023],
[2187, 4095, 4095, 4095, 4095, 203.8424, 110.1777, 350.6365, 107.7099, -91.44275, 199.4504, 245.2182, 121.1611, 307.1105, -19.25954, -3.870229, 13.74046],
[2218, 4095, 4095, 4095, 4095, 250.0038, 143.3003, 285.0056, -29.9771, 7.305344, -18.0229, 241.4801, 121.5462, 311.2669, 7.61832, 19.34351, -1.770992],
[2091, 4095, 4095, 4095, 4095, 232.1136, 133.6294, 308.9995, -116.5878, 123.7176, -250.1374, 244.4185, 127.8091, 301.4445, 5.89313, -6.954198, -12.51908],
[2135, 4095, 4095, 4095, 4095, 71.70541, 56.93549, 63.0295, 12.25191, -73.96183, 144.1832, 245.5099, 122.5525, 305.2647, -2.740458, -7.832061, -11.82443],
[2164, 4095, 4095, 4095, 4095, 247.6471, 112.5479, 314.4346, 60.49618, -56.1832, 235.5496, 245.9129, 125.8194, 301.5403, -21.51145, -3.725191, 23.19084],
[2162, 4095, 4095, 4095, 4095, 251.5449, 136.9763, 287.115, -40.67939, 4.015267, -87.0, 241.6707, 127.0363, 305.3124, -2.427481, 2.435115, 5.61832],
[2083, 4095, 4095, 4095, 4095, 204.7251, 107.5315, 351.588, -58.49618, 107.771, -250.1374, 243.63, 129.3489, 300.9343, 9.748092, -13.98473, 5.251908],
[2139, 4095, 4095, 4095, 4095, 78.61043, 77.25007, 48.25665, -1.381679, -80.20611, 192.9084, 246.5029, 124.0591, 302.5053, -5.832061, 6.854962, -16.74809],
[2178, 4095, 4095, 4095, 4095, 247.2715, 135.7458, 292.0035, 65.771, -91.64886, 216.8092, 244.6994, 129.7067, 299.4286, -11.20611, 14.16031, 17.98473],
[2176, 4095, 4095, 4095, 4095, 248.9921, 130.0844, 294.3126, -25.70229, 46.64122, -73.61069, 245.4519, 126.7328, 301.2368, -8.229008, -12.0229, 7.938931],
[2155, 4095, 4095, 4095, 4095, 135.0113, 96.37472, 6.347421, -34.96947, 149.8244, -230.9389, 242.6892, 125.8946, 305.2721, -4.587786, -17.80153, 5.198473],
[2181, 4095, 4095, 4095, 4095, 71.19505, 74.4094, 39.21871, 19.0687, -71.57252, 130.8702, 244.2646, 125.4362, 303.8763, -2.816794, 15.01527, -23.93893],
[2179, 4095, 4095, 4095, 4095, 245.2952, 126.518, 301.6211, 48.66413, -100.626, 166.8015, 244.3407, 122.8053, 306.4512, -12.23664, 2.236641, 15.48855],
[2165, 4095, 4095, 4095, 4095, 243.2938, 147.3434, 287.6962, -54.90077, 55.50382, -88.64886, 245.8333, 126.3019, 301.1848, 13.87786, -1.145038, 11.74046],
[2111, 4095, 4095, 4095, 4095, 155.6038, 104.405, 6.569118, -22.72519, 110.6717, -250.1374, 246.9348, 124.3011, 301.7333, -17.29008, -6.053435, -3.725191],
[2174, 4095, 4095, 4095, 4095, 87.40655, 86.78315, 51.22873, 1.877863, -52.38168, 194.6107, 245.5422, 124.1808, 303.5721, -9.557252, -4.076336, -14.67176],
[2171, 4095, 4095, 4095, 4095, 234.0007, 113.2908, 329.1169, 23.08397, -63.34351, 183.4886, 244.9043, 126.1554, 302.4244, -11.75573, 8.175572, 5.580153],
[2139, 4095, 4095, 4095, 4095, 243.7714, 136.4881, 294.8642, -22.70229, 38.58016, -93.66412, 243.9605, 123.4577, 306.2349, -4.374046, 1.671756, -1.343511],
[2143, 4095, 4095, 4095, 4095, 113.9052, 95.19134, 11.63264, -46.01527, 115.5802, -223.145, 245.6166, 124.7152, 302.9558, -7.793893, -12.84733, -6.267176],
[2247, 4095, 4095, 4095, 4095, 90.03375, 89.98624, 30.81992, 38.93893, -82.38932, 186.5649, 247.2143, 121.4686, 304.2126, 3.068702, 0.2519084, -16.50382],
[2202, 4095, 4095, 4095, 4095, 244.9801, 138.0384, 292.5709, 28.54198, -86.70993, 184.458, 243.5794, 126.3903, 303.7525, 5.21374, 10.67939, 10.99237],
[2183, 4095, 4095, 4095, 4095, 237.8501, 144.0814, 294.2835, -40.14504, 86.73283, -133.3664, 244.3653, 124.0207, 305.1671, -8.366412, -8.916031, 3.977099],
[2159, 4095, 4095, 4095, 4095, 79.53108, 63.2373, 69.87672, -22.98473, 157.9618, -250.1374, 244.8854, 121.1594, 307.5331, -2.183206, -11.60305, 1.603053],
[2170, 4095, 4095, 4095, 4095, 121.9837, 100.1342, 15.96203, 45.70992, -70.0687, 180.2977, 245.0088, 124.489, 303.9172, -4.427481, 7.251908, -2.0],
[2235, 4095, 4095, 4095, 4095, 236.8244, 148.0024, 292.0306, 14.08397, -93.92367, 127.4657, 243.9285, 127.6194, 302.1817, 2.221374, 18.0916, 7.961832],
[2161, 4095, 4095, 4095, 4095, 240.6345, 140.9643, 294.327, -48.59542, 86.72519, -155.3359, 244.973, 125.9261, 302.5615, -1.496183, -13.45802, -0.3435115],
[2142, 4095, 4095, 4095, 4095, 63.64058, 26.1189, 76.25675, -60.54962, 96.56489, -173.9542, 242.3573, 121.6642, 310.0902, 10.22901, 0.2366412, 3.572519],
[2182, 4095, 4095, 4095, 4095, 157.9409, 100.5597, 4.24671, 76.45038, -53.54198, 171.5801, 245.3277, 123.7952, 304.2207, -1.908397, -5.564886, 2.427481],
[2192, 4095, 4095, 4095, 4095, 240.5851, 137.4058, 297.1938, -11.76336, -46.22138, 84.32061, 240.8404, 125.4203, 307.8786, 11.21374, 7.19084, -2.442748],
[2193, 4095, 4095, 4095, 4095, 233.7821, 142.022, 299.5504, -68.31298, 83.03817, -158.145, 242.502, 127.588, 303.8364, 7.755725, 8.61832, -2.916031],
[2181, 4095, 4095, 4095, 4095, 71.85702, 66.3694, 53.10826, -49.30534, 65.7023, -151.6794, 244.5921, 121.1895, 307.8689, 13.03053, -0.9923664, 0.0610687],
[2156, 4095, 4095, 4095, 4095, 121.3245, 97.2219, 11.76853, 57.80916, -46.44275, 159.4427, 243.7899, 124.3681, 305.5069, -6.480916, -3.381679, 2.022901],
[2175, 4095, 4095, 4095, 4095, 237.74, 130.6564, 306.0891, 82.67176, -48.00764, 126.6107, 241.4053, 129.5766, 303.1775, -2.610687, -5.137404, 24.12214],
[2193, 4095, 4095, 4095, 4095, 237.2094, 137.2991, 300.5194, -79.23664, 78.01527, -117.1908, 243.7331, 126.7826, 303.1969, -1.183206, -1.732824, -14.0458],
[2272, 4095, 4095, 4095, 4095, 59.60656, 51.24097, 53.77105, -44.24428, 127.1527, -211.2824, 241.8261, 124.988, 307.1877, -14.72519, -0.7480916, 16.48092],
[2189, 4095, 4095, 4095, 4095, 112.611, 100.0975, 23.15185, 49.64122, -84.90077, 148.7252, 245.2321, 125.7331, 302.4373, -7.946565, 2.419847, -13.19084],
[2187, 4095, 4095, 4095, 4095, 245.8378, 129.0811, 298.6938, 46.0229, -70.62595, 164.7557, 245.3948, 126.0906, 301.9042, -17.9313, 12.03053, 2.580153],
[2192, 4095, 4095, 4095, 4095, 240.3887, 151.7014, 286.8426, -66.05344, 38.33588, -48.12977, 243.1543, 124.3782, 306.2542, 7.022901, 1.610687, -1.519084],
[2111, 4095, 4095, 4095, 4095, 230.6473, 106.8405, 339.5265, -24.13741, 111.3893, -223.4351, 244.8963, 125.8983, 302.6791, 1.549618, -14.77099, 17.36641],
[2131, 4095, 4095, 4095, 4095, 69.96064, 40.24484, 72.78234, -6.091603, -30.9542, 76.99236, 243.6879, 126.0026, 304.0023, -3.541985, -0.01526718, -15.68702],
[2155, 4095, 4095, 4095, 4095, 203.6466, 100.6179, 355.1875, 37.77099, -66.28244, 176.9618, 244.4019, 124.8206, 304.3199, 13.01527, 10.52672, 5.48855],
[2173, 4095, 4095, 4095, 4095, 244.7255, 162.3123, 278.4239, -8.328244, -79.55725, 105.0076, 242.1143, 126.764, 305.0755, -23.51145, 15.67176, 0.7480916],
[2175, 4095, 4095, 4095, 4095, 240.9598, 142.2523, 293.0683, -42.66412, 105.9313, -173.7633, 247.1714, 120.5137, 305.2814, -1.977099, -6.282443, 8.954199],
