[1719, 2539, 2467, 2578, 2474, 13.98504, 39.17175, 16.9639, -4.625954, 0.5725191, 0.4580153, 231.7017, 182.1875, 268.1439, -3.206107, 1.045802, 1.312977],
[1728, 2551, 2481, 2591, 2480, 13.53105, 39.63561, 16.16803, -3.0, 2.160305, -0.02290076, 230.8509, 182.0746, 268.1805, -4.290076, 1.114504, 1.183206],
[1713, 2539, 2471, 2582, 2475, 13.16317, 40.03904, 15.522, -3.458015, 2.152672, 0.3358779, 231.3883, 182.4385, 267.9237, -3.854962, 1.641221, 1.59542],
[1712, 2541, 2467, 2583, 2470, 11.89191, 39.47595, 14.31601, -2.587786, 2.954198, -0.7022901, 231.3229, 181.9812, 268.2843, -2.496183, 1.229008, 2.129771],
[1722, 2533, 2480, 2576, 2469, 13.31082, 39.88127, 15.77749, -3.450382, 3.290076, 1.19084, 231.7059, 181.1176, 268.987, -3.152672, 0.9160305, 0.8931297],
[1723, 2539, 2480, 2579, 2478, 13.7394, 39.93101, 16.24981, -3.076336, 1.946565, -0.1679389, 231.3582, 182.0305, 268.2471, -2.778626, 1.992366, 1.572519],
[1715, 2538, 2459, 2597, 2480, 12.82171, 40.36152, 14.96042, -0.3664122, 1.167939, 0.6412213, 230.9142, 181.5277, 268.6277, -2.496183, 0.7099237, 1.900763],
[1714, 2540, 2471, 2583, 2466, 13.88158, 40.10133, 16.32121, -1.725191, 3.328244, 2.320611, 231.7265, 181.9457, 268.3359, -3.465649, 0.9160305, 0.4580153],
[1720, 2543, 2469, 2581, 2471, 14.29678, 39.9552, 16.88378, -3.51145, 3.312977, -0.4122138, 230.953, 181.999, 268.2481, -4.015267, 1.244275, 1.755725],
[1731, 2523, 2473, 2595, 2471, 14.00859, 40.1792, 16.425, -5.0, 2.129771, -0.1145038, 231.2509, 181.5238, 268.6464, -2.526718, 1.282443, 1.167939],
[1722, 2533, 2466, 2595, 2465, 13.53545, 39.18997, 16.41894, -1.625954, 1.557252, 0.0, 231.1812, 181.6273, 268.56, -1.328244, 0.7709923, 1.480916],
[1724, 2531, 2485, 2587, 2480, 14.54346, 39.52663, 17.41826, -2.099237, 2.389313, 0.4503817, 230.6235, 181.7288, 268.4495, -1.854962, 1.274809, 1.603053],
[1724, 2514, 2471, 2583, 2479, 12.29463, 38.14652, 15.48295, -3.48855, 0.832061, 0.2748091, 230.6662, 182.0115, 268.2206, -1.969466, 1.40458, 1.961832],
[1727, 2533, 2480, 2595, 2491, 14.90416, 39.56385, 17.81916, -2.198473, 2.89313, 1.022901, 231.3967, 181.1339, 268.9636, -2.091603, 1.328244, 1.389313],
[1725, 2534, 2479, 2589, 2479, 13.32906, 40.10174, 15.68132, -3.145038, 1.78626, -0.1068702, 231.4325, 181.1259, 268.9712, -3.847328, 0.7480916, 1.312977],
[1733, 2527, 2483, 2598, 2478, 13.53977, 38.90342, 16.58429, -2.282443, 1.40458, -0.8778625, 231.9818, 182.5441, 267.8836, -3.351145, 1.412214, 1.839695],
[1712, 2557, 2483, 2594, 2480, 12.85907, 39.28976, 15.56004, -4.351145, 2.435115, 0.5572519, 231.3104, 181.5971, 268.5905, -2.870229, 1.442748, 0.961832],
[1715, 2535, 2480, 2587, 2485, 12.83788, 39.74463, 15.29627, -0.3053435, 2.931298, 1.183206, 230.9791, 182.1354, 268.1393, -2.282443, 0.2519084, 1.526718],
[1723, 2549, 2471, 2607, 2480, 14.61401, 40.09956, 17.16843, -3.618321, 1.78626, 1.541985, 230.9088, 181.8041, 268.4033, -3.274809, 1.923664, 1.21374],
[1723, 2543, 2480, 2607, 2480, 13.61248, 39.05854, 16.58418, -2.290076, 0.1984733, -0.259542, 230.6229, 181.5884, 268.5644, -3.351145, 2.954198, 1.053435],
[1734, 2544, 2462, 2600, 2475, 13.04394, 39.50963, 15.66242, -3.389313, 0.01526718, -1.885496, 231.1009, 180.8207, 269.2054, -0.4885496, 1.572519, 1.603053],
[1714, 2527, 2479, 2586, 2480, 12.52011, 38.6364, 15.49887, -4.641222, 4.0, 1.007634, 231.462, 181.1619, 268.9435, -3.122137, 1.114504, 0.7938931],
[1728, 2533, 2469, 2602, 2483, 13.633, 39.55028, 16.33475, -5.519084, 0.5419847, -0.1832061, 231.6543, 180.8614, 269.1874, -5.267176, 2.274809, 1.580153],
[1728, 2546, 2480, 2621, 2471, 12.90046, 40.15428, 15.15732, -3.305344, 2.778626, 0.519084, 231.1307, 180.7335, 269.2762, -4.114504, 0.870229, 1.19084],
[1719, 2517, 2480, 2588, 2470, 13.67201, 38.99269, 16.69245, -5.160306, -0.1374046, -2.656489, 230.6301, 181.6748, 268.494, -4.59542, 3.854962, 2.290076],
[1718, 2498, 2469, 2577, 2442, 12.64492, 38.79782, 15.56439, -2.099237, 2.633588, 1.236641, 230.6356, 180.325, 269.5988, -3.435115, 1.022901, 0.9465649],
[1728, 2509, 2463, 2551, 2451, 12.11303, 38.17737, 15.24249, -3.877863, 2.969466, -0.9541985, 231.5584, 180.8538, 269.1909, -3.007634, 0.8091603, 1.389313],
[1733, 2515, 2449, 2574, 2463, 12.40943, 39.37744, 14.97986, -1.572519, 4.221374, 1.236641, 230.7663, 180.9989, 269.0515, -2.633588, 0.7709923, 0.9312977],
[1738, 2511, 2446, 2603, 2450, 12.74781, 39.35167, 15.39518, -2.671756, 2.030534, -0.7480916, 231.1624, 181.2537, 268.8592, -3.19084, 1.870229, 2.068702],
[1723, 2514, 2449, 2606, 2451, 11.70053, 38.16985, 14.7367, -4.931298, 2.076336, -0.03816794, 231.2856, 181.1469, 268.9493, -1.78626, 1.473282, 1.312977],
[1729, 2513, 2446, 2594, 2463, 13.30307, 39.28048, 16.09278, -4.030534, 2.549618, -0.8549618, 231.1525, 180.4116, 269.5353, -2.114504, 1.534351, 1.290076],
[1731, 2526, 2451, 2579, 2459, 12.37521, 39.39924, 14.92807, -3.70229, 1.625954, 0.4580153, 231.012, 180.9577, 269.0925, -2.21374, 1.534351, 1.175573],
[1725, 2516, 2442, 2588, 2462, 11.84046, 39.31516, 14.3338, -4.076336, -0.2137404, -0.7480916, 231.0739, 180.9585, 269.0937, -0.3358779, 1.572519, 0.5954198],
[1730, 2522, 2451, 2591, 2455, 12.95097, 40.40145, 15.08877, -4.89313, 3.656489, 0.6793893, 231.5694, 180.8086, 269.227, -1.671756, 0.7709923, 1.022901],
[1729, 2535, 2455, 2581, 2455, 12.62346, 40.70882, 14.55923, -4.824428, 4.053435, -0.1755725, 231.3465, 180.1177, 269.7725, -3.343511, 1.389313, 2.229008],
[1713, 2529, 2461, 2578, 2463, 12.27929, 39.89463, 14.56558, -2.389313, 1.076336, 1.038168, 231.5434, 181.1532, 268.9533, -2.167939, 1.671756, 0.7328244],
[1728, 2543, 2463, 2576, 2450, 11.33586, 41.18143, 12.87912, -5.198473, 7.10687, 2.198473, 230.0656, 180.4427, 269.4939, -3.725191, -0.08396947, 0.2442748],
[1730, 2545, 2448, 2587, 2449, 13.58178, 39.75399, 16.16279, -2.061069, 0.9923664, 0.7557252, 230.619, 180.0749, 269.8034, -3.40458, 0.3358779, 0.1908397],
[1728, 2542, 2453, 2591, 2451, 11.82803, 39.45453, 14.25067, -3.885496, 1.847328, -0.007633588, 230.1398, 179.8058, 270.0254, -0.3358779, -0.09160305, 0.2442748],
[1738, 2544, 2437, 2582, 2438, 10.44521, 39.81397, 12.44903, -1.274809, 1.083969, -0.778626, 230.6677, 180.3204, 269.603, -2.480916, 1.732824, 2.427481],
[1738, 2541, 2449, 2579, 2415, 11.37921, 39.90638, 13.5058, -4.793893, 1.89313, 0.4961832, 231.2961, 180.9027, 269.1449, -0.519084, 3.076336, 1.152672],
[1735, 2549, 2449, 2582, 2421, 12.7639, 39.90546, 15.1265, -3.343511, 2.641221, -2.145038, 231.6483, 179.5063, 270.2566, -3.503817, 2.610687, 3.312977],
[1744, 2535, 2449, 2576, 2423, 12.08695, 41.03623, 13.79249, -4.832061, 2.129771, 0.2061069, 231.4243, 179.9718, 269.8889, -4.61832, 2.374046, 1.763359],
[1739, 2544, 2453, 2602, 2422, 11.558, 41.1619, 13.138, -3.122137, 2.137405, 0.2671756, 231.1268, 179.036, 270.641, -1.770992, 1.549618, 2.007634],
[1737, 2544, 2447, 2582, 2429, 11.6157, 40.26335, 13.61535, -2.59542, 1.618321, -0.3358779, 231.6505, 180.2901, 269.6381, -1.656489, 1.877863, 1.664122],
[1739, 2544, 2465, 2583, 2435, 12.71363, 40.71101, 14.66089, -5.053435, 3.48855, 0.8167939, 231.3225, 180.0349, 269.8385, -3.931298, 0.7175572, 0.778626],
[1744, 2543, 2449, 2574, 2429, 12.2659, 39.13467, 14.93278, -4.656488, 2.259542, 0.8931297, 231.0155, 179.4917, 270.2759, -2.931298, 1.687023, 1.648855],
[1717, 2535, 2455, 2574, 2441, 11.24962, 38.36773, 14.08173, -3.824427, 1.748092, 0.9465649, 230.427, 179.8472, 269.9903, -2.374046, 1.908397, 0.6183206],
[1419, 2309, 2307, 2349, 2173, 13.20255, 38.61392, 16.33934, -1.679389, 1.625954, 0.6717557, 233.3894, 186.4034, 265.117, -0.6870229, 0.01526718, 1.343511],
[1454, 2295, 2290, 2352, 2150, 12.42918, 39.31356, 15.0361, -0.0610687, 0.7938931, 1.687023, 233.3341, 185.8065, 265.5528, -3.618321, 1.870229, 1.320611],
[1456, 2310, 2310, 2365, 2165, 13.42093, 38.81134, 16.49305, -1.29771, 2.145038, 0.9083969, 233.4256, 186.1136, 265.3389, -1.839695, 0.5267176, 1.389313],
[1448, 2315, 2332, 2351, 2151, 11.98875, 38.89363, 14.72196, -2.358779, 2.320611, -0.4045802, 233.3921, 185.3994, 265.8649, -2.755725, 1.473282, 1.954198],
[1459, 2337, 2321, 2363, 2160, 11.86703, 38.78441, 14.62973, -1.89313, 1.358779, 0.6717557, 233.4035, 185.0843, 266.1009, -3.160305, 1.320611, 2.274809],
[1456, 2341, 2331, 2362, 2175, 12.79378, 38.95456, 15.66024, -5.366412, 1.641221, -1.114504, 233.4865, 186.1727, 265.3052, -3.763359, 1.648855, 2.267176],
[1456, 2325, 2330, 2354, 2180, 12.64091, 38.26379, 15.84633, -3.366412, 2.847328, -1.458015, 233.2992, 187.3469, 264.3952, -4.480916, 0.4961832, 1.519084],
[1461, 2337, 2320, 2385, 2181, 12.25182, 37.69744, 15.67037, -4.763359, 0.2671756, 0.5038168, 232.9238, 186.8962, 264.6616, -4.931298, 1.053435, 1.061069],
[1456, 2334, 2333, 2359, 2193, 11.58114, 37.76288, 14.79589, -2.801527, 0.7633588, 0.480916, 232.6939, 186.2005, 265.1494, -3.221374, 1.450382, 1.206107],
[1456, 2351, 2330, 2357, 2203, 12.47849, 37.96365, 15.80874, -0.351145, 1.473282, 0.6641222, 233.0681, 186.3179, 265.1251, -1.755725, 1.267176, 0.8244275],
[1465, 2327, 2334, 2375, 2203, 12.70078, 38.60907, 15.73298, -4.29771, 2.946565, -0.961832, 232.9195, 186.4588, 264.9924, -2.167939, 1.381679, 1.396947],
[1482, 2331, 2343, 2370, 2221, 12.98091, 38.83124, 15.95193, -3.145038, 2.725191, -0.259542, 233.5689, 186.8832, 264.7929, -4.427481, 0.7862596, 0.1755725],
[1488, 2346, 2323, 2371, 2197, 12.6272, 38.41445, 15.74808, -2.328244, 0.6259542, 0.648855, 233.6476, 186.0982, 265.3872, -3.946565, 0.9541985, 1.709924],
[1478, 2349, 2339, 2370, 2224, 11.73753, 38.92902, 14.40086, -0.4503817, 1.274809, -0.5419847, 233.3136, 185.7499, 265.5918, -1.709924, 1.664122, 2.717557],
[1488, 2352, 2337, 2365, 2235, 13.71947, 38.86984, 16.81897, -4.923664, 3.175573, -1.21374, 233.0101, 187.0817, 264.5377, -3.076336, 2.656489, 1.984733],
[1482, 2365, 2333, 2378, 2230, 12.07075, 38.23716, 15.15907, -6.10687, 2.778626, 0.610687, 232.8367, 185.8194, 265.4634, -3.167939, 0.5648855, 1.496183],
[1477, 2353, 2343, 2378, 2238, 11.5001, 37.9757, 14.58641, -2.305344, 0.9923664, 0.8091603, 232.7207, 186.7114, 264.764, -2.435115, 1.625954, 1.236641],
[1481, 2357, 2335, 2374, 2224, 11.13977, 38.32484, 13.96719, -3.198473, 3.038168, -0.5267176, 232.812, 186.4235, 265.0, -2.045802, 1.099237, 2.206107],
[1487, 2347, 2342, 2368, 2233, 11.80808, 38.67333, 14.61399, -3.633588, 2.015267, 0.4427481, 232.997, 186.614, 264.8889, -1.633588, 1.557252, 1.48855],
[1485, 2354, 2339, 2385, 2235, 11.0067, 38.57513, 13.68378, -3.961832, 5.992366, -0.4198473, 232.1513, 186.6741, 264.6863, -2.152672, 0.7328244, 2.320611],
[1488, 2359, 2337, 2382, 2234, 12.28475, 37.62602, 15.75031, -2.618321, 0.4503817, -1.236641, 233.3028, 186.6889, 264.8884, -2.709924, 0.6641222, 2.091603],
[1487, 2371, 2355, 2368, 2239, 11.93273, 37.68881, 15.27518, -4.519084, 4.61832, -0.1832061, 233.1709, 187.7419, 264.0721, -4.122138, 1.061069, 1.78626],
[1474, 2341, 2338, 2375, 2237, 12.95348, 38.20623, 16.2619, -6.351145, 2.641221, -1.465649, 233.1133, 187.4272, 264.2973, -0.8244275, 1.305344, 1.725191],
[1488, 2367, 2347, 2373, 2209, 12.70802, 37.61689, 16.28583, -7.137404, 1.885496, -1.564886, 232.2831, 187.173, 264.3239, -3.251908, 1.450382, 2.526718],
[1488, 2357, 2342, 2375, 2197, 12.69872, 37.07285, 16.58142, -1.564886, 2.335878, 0.740458, 232.519, 187.9656, 263.7605, -0.7480916, 0.4351145, 2.687023],
[1485, 2369, 2346, 2373, 2221, 11.46845, 37.94909, 14.56039, -4.08397, 1.061069, -0.8015267, 233.4031, 188.4191, 263.615, -2.160305, 2.022901, 0.740458],
[1484, 2371, 2341, 2380, 2223, 12.93457, 36.21428, 17.38811, -1.305344, 3.083969, 0.1908397, 232.7319, 186.6344, 264.8248, -4.053435, 1.862595, 1.335878],
[1486, 2375, 2352, 2367, 2229, 12.40741, 38.05872, 15.66929, -2.145038, 3.229008, 1.083969, 232.827, 186.3342, 265.0707, -2.21374, 1.259542, 1.641221],
[1490, 2379, 2346, 2373, 2221, 12.09291, 37.98415, 15.31922, -2.534351, 2.725191, 0.9847328, 233.1077, 187.3008, 264.3914, -3.137405, 1.030534, 1.10687],
[1495, 2365, 2352, 2379, 2227, 12.41574, 37.78555, 15.82748, 0.01526718, 0.7099237, 1.343511, 232.8688, 187.6731, 264.0603, -1.793893, 1.419847, 2.015267],
[1485, 2367, 2352, 2365, 2237, 12.27895, 36.84144, 16.17538, -6.122138, 2.076336, 0.03053435, 232.2251, 186.9382, 264.4948, -3.015267, 1.503817, 1.40458],
[1490, 2355, 2299, 2365, 2237, 12.68074, 38.10799, 15.98027, -2.076336, 1.877863, -0.6335878, 232.9678, 187.3168, 264.3512, -1.687023, 0.7633588, 1.229008],
[1494, 2381, 2352, 2357, 2237, 12.77219, 37.42509, 16.47428, 0.2137404, 1.801527, 2.916031, 232.9378, 187.7185, 264.0404, -1.412214, 1.122137, 1.793893],
[1495, 2375, 2353, 2378, 2240, 12.677, 37.68335, 16.20997, -2.145038, 2.328244, 0.2900764, 233.1543, 186.3608, 265.1078, -2.099237, 1.274809, 0.8931297],
[1491, 2384, 2337, 2377, 2233, 12.42545, 37.82534, 15.81794, -2.916031, 1.648855, 1.335878, 232.8542, 187.5342, 264.1629, -4.679389, 1.587786, 0.4885496],
[1495, 2386, 2347, 2383, 2231, 12.90464, 37.93768, 16.35135, -1.900763, 1.770992, 1.885496, 232.9575, 186.3901, 265.0512, -3.083969, 0.2748091, 1.366412],
[1482, 2381, 2366, 2373, 2239, 11.49965, 38.12606, 14.51015, -4.641222, 2.70229, 0.3129771, 233.1546, 187.2243, 264.4584, -3.480916, 0.9389313, 1.099237],
[1474, 2371, 2359, 2373, 2240, 10.67151, 38.38597, 13.36066, 0.9541985, 2.068702, 2.755725, 232.4234, 186.1681, 265.1276, -3.183206, 2.351145, 2.10687],
[1488, 2384, 2358, 2375, 2237, 11.9324, 37.69861, 15.2696, -4.282443, 3.603053, -0.6793893, 233.0761, 186.8304, 264.7401, -2.290076, 1.267176, 1.236641],
[1504, 2387, 2351, 2370, 2243, 12.52703, 38.37438, 15.64701, -2.870229, 1.267176, -0.2900764, 233.1295, 186.9809, 264.6368, -1.229008, 1.290076, 1.458015],
[1499, 2375, 2334, 2385, 2235, 12.15626, 38.3069, 15.22785, -2.961832, 0.4045802, -0.3664122, 233.0977, 186.9314, 264.668, -3.862595, 2.083969, 1.717557],
[1498, 2450, 2349, 2381, 2255, 11.35854, 38.8217, 13.99461, -6.78626, 2.175573, -1.221374, 232.5581, 186.7493, 264.7045, -4.70229, 2.129771, 1.305344],
[1488, 2389, 2355, 2379, 2254, 12.63233, 37.86206, 16.05534, -5.480916, 2.877863, 0.2061069, 232.0488, 186.2936, 264.9644, -3.900763, 1.969466, 2.061069],
[1495, 2379, 2361, 2374, 2241, 11.01979, 37.2708, 14.33525, -4.175572, 0.9160305, -0.6335878, 232.5814, 186.2035, 265.1277, 0.5725191, 1.122137, 1.351145],
[1488, 2365, 2358, 2389, 2255, 11.16832, 37.96803, 14.17672, -1.969466, 1.229008, -0.2748091, 232.1927, 185.8947, 265.3001, -2.366412, 1.641221, 1.51145],
[1491, 2395, 2352, 2383, 2271, 12.1178, 38.25352, 15.20848, -5.412214, 3.587786, -0.8931297, 232.6478, 186.6004, 264.8354, -1.938931, 1.885496, 1.992366],
[1499, 2397, 2353, 2389, 2255, 11.16213, 36.80918, 14.7526, -2.236641, 2.916031, 0.648855, 232.4354, 186.4273, 264.9298, -1.305344, 1.282443, 2.358779],
[1488, 2398, 2352, 2390, 2255, 11.50283, 37.82105, 14.66815, -3.625954, -1.030534, -2.351145, 232.226, 186.6982, 264.6816, -4.206107, 2.541985, 0.6412213],
[1395, 2255, 2128, 2122, 1851, 0.4992416, 41.30409, 0.5787099, 3.671756, 3.580153, 1.152672, 231.2836, 186.6853, 264.5123, -5.549618, -0.03053435, -0.1450382],
[1408, 2247, 2131, 2131, 1863, 0.807101, 42.31534, 0.8924299, -12.64122, 3.603053, -2.587786, 231.1669, 185.7519, 265.2424, -1.763359, 2.160305, 2.152672],
[1409, 2256, 2141, 2158, 1847, 3.327749, 42.34465, 3.647863, -11.37405, 4.732824, -3.412214, 229.9631, 185.3492, 265.3766, 2.763359, 4.160306, 2.656489],
[1415, 2255, 2143, 2160, 1868, 4.259743, 42.29749, 4.674256, -1.946565, 1.229008, -0.3740458, 230.9422, 186.0061, 264.9983, -1.083969, 0.8015267, 2.267176],
[1411, 2270, 2163, 2163, 1869, 2.87068, 42.35018, 3.147569, -1.687023, 4.160306, 0.1145038, 231.414, 186.8451, 264.4096, -2.51145, 1.748092, 1.419847],
[1425, 2270, 2151, 2174, 1879, 1.320236, 42.32323, 1.453845, -8.412213, 1.564886, -0.6793893, 231.2652, 186.2258, 264.8781, -2.763359, 2.335878, 0.7557252],
[1412, 2282, 2160, 2175, 1879, 4.320167, 41.16601, 4.935285, -2.0, 0.4274809, 0.1450382, 230.7544, 186.198, 264.8084, -1.885496, 1.442748, 2.183206],
[1432, 2289, 2160, 2171, 1882, 2.974466, 41.92094, 3.311724, -3.076336, 0.8625955, -0.2442748, 230.7836, 186.5455, 264.5297, -2.732824, 1.0, 2.458015],
[1430, 2281, 2159, 2177, 1887, 3.17119, 43.48327, 3.337695, -3.885496, 3.083969, 0.4961832, 231.7237, 186.0716, 265.0819, -2.091603, 0.9389313, 1.10687],
[1429, 2295, 2175, 2183, 1890, 2.813986, 41.35513, 3.19828, -4.137404, -0.2366412, 0.3053435, 231.4116, 186.6651, 264.5531, -3.335878, 1.389313, 0.961832],
[1424, 2284, 2171, 2183, 1897, 2.676948, 41.98485, 2.974726, 0.1374046, 1.396947, -0.5877862, 230.8763, 185.6111, 265.3083, -1.793893, 1.961832, 2.709924],
[1442, 2286, 2182, 2187, 1904, 3.31055, 43.31203, 3.505538, -9.412213, 4.908397, -0.961832, 230.6515, 185.5296, 265.3382, -1.923664, 1.328244, 1.862595],
[1449, 2305, 2182, 2208, 1904, 3.695323, 42.37469, 4.045286, -0.2442748, 4.320611, 0.5114504, 230.9058, 187.0157, 264.17, -3.366412, 2.465649, 0.7175572],
[1453, 2291, 2193, 2207, 1923, 2.789614, 42.34985, 3.058975, 0.5267176, 2.465649, 0.3969466, 231.0261, 185.807, 265.1742, -5.580153, 0.389313, 2.740458],
[1462, 2287, 2187, 2223, 1904, 1.92896, 41.54253, 2.181463, -2.21374, 0.01526718, -0.351145, 230.7249, 185.8262, 265.1074, -4.358778, 0.9236641, 1.587786],
[1441, 2288, 2195, 2224, 1907, 2.383939, 42.04092, 2.644926, -2.015267, 0.6412213, 0.4274809, 230.582, 186.3059, 264.6882, -2.145038, 0.9236641, 1.061069],
[1444, 2295, 2202, 2224, 1909, 2.993387, 42.98724, 3.207461, -3.068702, 0.6564885, -1.557252, 230.5857, 185.9826, 264.9549, -2.938931, 1.374046, 1.503817],
[1465, 2290, 2192, 2209, 1922, 3.994821, 42.80789, 4.305331, -2.870229, 3.251908, 2.755725, 230.8012, 184.9998, 265.7947, -4.122138, 0.1221374, 0.1679389],
[1466, 2304, 2215, 2219, 1925, 3.248704, 43.56256, 3.409458, -2.946565, -0.4961832, -1.541985, 230.8062, 184.764, 265.9877, -0.8778625, 1.618321, 2.061069],
[1453, 2283, 2194, 2239, 1909, 3.487014, 42.74457, 3.767687, -5.007634, 3.755725, 1.992366, 231.2611, 186.2558, 264.8533, -4.374046, 0.778626, 0.259542],
[1466, 2314, 2194, 2239, 1936, 3.283077, 40.4818, 3.848152, -3.557252, 2.778626, -2.78626, 230.8715, 185.2145, 265.6303, -2.709924, 0.7633588, 1.358779],
[1461, 2320, 2209, 2239, 1927, 5.655117, 41.39454, 6.401711, -1.51145, 1.946565, -1.21374, 230.8254, 185.3796, 265.4887, -1.59542, 1.290076, 2.221374],
[1465, 2309, 2198, 2238, 1931, 5.97635, 42.02268, 6.615744, -3.740458, -0.480916, -3.648855, 230.5874, 186.354, 264.6496, -2.221374, 2.534351, 2.030534],
[1456, 2308, 2211, 2230, 1931, 5.548462, 40.77557, 6.420687, -0.3282443, 3.473282, 2.328244, 230.8726, 186.1709, 264.8519, -1.259542, 1.091603, 2.236641],
[1472, 2299, 2219, 2239, 1936, 4.345181, 42.07417, 4.805788, -1.923664, 5.061069, 2.549618, 230.4011, 186.6259, 264.3895, -3.374046, 0.1984733, 2.473282],
[1472, 2320, 2206, 2241, 1947, 6.717357, 43.83559, 6.975516, -2.984733, 3.633588, 0.2213741, 231.1423, 187.6514, 263.7043, -4.351145, 0.0610687, 0.8015267],
[1460, 2331, 2225, 2253, 1938, 4.562957, 42.54163, 4.962894, -5.961832, 1.282443, 1.061069, 231.4765, 187.1437, 264.1834, -3.633588, 0.5038168, 0.6641222],
[1461, 2306, 2217, 2242, 1941, 5.044097, 42.1073, 5.569883, -0.02290076, 2.503817, 1.251908, 231.1719, 185.8269, 265.1828, -4.091603, 0.9923664, 3.167939],
[1472, 2320, 2226, 2255, 1936, 4.999452, 40.67478, 5.808725, -2.175573, 2.641221, 0.6564885, 231.1662, 187.3968, 263.9153, -4.198473, 1.946565, 1.083969],
[1472, 2321, 2219, 2250, 1931, 2.739954, 42.21635, 3.019193, -0.6030535, 1.366412, 0.5877862, 230.8044, 186.1189, 264.882, -2.267176, 1.343511, 1.122137],
[1468, 2319, 2227, 2242, 1926, 3.185206, 40.55465, 3.724189, -4.40458, 1.526718, -1.885496, 230.9828, 186.3973, 264.6879, -0.3129771, 1.564886, 1.740458],
[1472, 2321, 2215, 2241, 1937, 3.506317, 42.07293, 3.880598, -5.450382, 6.328244, 0.1068702, 231.5044, 187.3886, 263.9937, -4.007634, 0.7099237, 1.961832],
[1486, 2327, 2229, 2262, 1942, 6.392448, 40.7543, 7.398145, -3.137405, 3.419847, 0.6564885, 231.007, 186.4498, 264.6499, -2.587786, 1.656489, 1.900763],
[1475, 2309, 2224, 2247, 1936, 2.394868, 41.93093, 2.667618, -2.992366, 3.580153, 0.2671756, 230.79, 186.358, 264.6841, -1.877863, 2.198473, 1.358779],
[1481, 2323, 2231, 2253, 1950, 4.027759, 41.61674, 4.528967, -6.244275, -2.526718, -2.564885, 230.7288, 185.759, 265.163, -1.267176, 1.755725, 1.679389],
[1482, 2345, 2224, 2256, 1938, 3.790365, 42.99287, 4.058592, -0.3129771, 0.1450382, 1.343511, 230.6182, 186.2378, 264.7509, -3.10687, 1.984733, 0.7862596],
[1486, 2321, 2233, 2256, 1943, 5.022854, 40.92959, 5.783151, -4.946565, 1.419847, -0.03053435, 231.0839, 186.9197, 264.2841, -1.625954, 1.007634, 1.381679],
[1477, 2331, 2227, 2261, 1938, 4.231819, 41.26602, 4.81751, -2.877863, 2.396947, 0.5419847, 230.2022, 186.0564, 264.8254, -5.022901, 2.076336, 1.061069],
[1485, 2317, 2246, 2251, 1949, 3.089454, 40.28169, 3.648573, -3.229008, 2.40458, 0.3969466, 230.7506, 186.1558, 264.8422, -3.427481, 0.832061, 1.381679],
[1485, 2320, 2231, 2256, 1956, 4.067609, 41.22185, 4.638559, -4.755725, 2.259542, -0.3435115, 230.6026, 186.0862, 264.8727, -2.80916, 1.381679, 0.8854962],
[1489, 2340, 2231, 2267, 1942, 5.474827, 41.75028, 6.120847, -2.045802, 2.916031, -0.6030535, 230.1964, 185.1661, 265.5666, -2.015267, 0.9541985, 1.900763],
[1488, 2321, 2238, 2255, 1943, 5.986924, 41.02862, 6.864026, -6.167939, 2.458015, -0.7328244, 230.7801, 185.7679, 265.1644, -3.847328, 1.122137, 0.9847328],
[1478, 2335, 2238, 2261, 1939, 5.196927, 41.79744, 5.80143, -2.389313, 5.984733, 0.7709923, 230.9272, 185.8277, 265.1407, -4.244275, -0.3740458, 1.89313],
[1483, 2345, 2241, 2256, 1947, 2.380865, 40.84085, 2.759135, -0.5725191, 0.7557252, 0.778626, 229.93, 186.1137, 264.728, -6.076336, 1.610687, 0.9770992],
[1495, 2327, 2239, 2267, 1945, 3.796936, 40.32946, 4.471836, -3.51145, 1.10687, 1.839695, 230.3798, 185.4594, 265.3519, -2.122137, 2.351145, -0.3740458],
[1488, 2338, 2243, 2259, 1963, 4.167351, 42.00578, 4.620895, -2.740458, -0.8854962, -2.259542, 230.2478, 185.509, 265.2892, -1.435114, 1.969466, 1.931298],
[1493, 2320, 2223, 2263, 1955, 2.964438, 40.13392, 3.520457, -5.320611, 1.312977, 0.6793893, 230.5291, 185.2898, 265.5158, -2.648855, 1.48855, 0.5801527],
[1494, 2339, 2237, 2270, 1952, 2.329362, 41.46882, 2.638833, -4.664122, 2.030534, -2.267176, 230.6495, 184.6312, 266.0745, -2.015267, 1.145038, 1.656489],
[1535, 2235, 2194, 2143, 1920, 357.9855, 38.94331, 357.5307, -3.305344, 0.5954198, 1.526718, 228.7675, 184.4525, 265.9664, -3.496183, 2.969466, 0.8549618],
[1526, 2238, 2209, 2157, 1920, 0.1938004, 37.75143, 0.2757141, -3.603053, 0.7022901, 0.01526718, 228.5003, 184.8209, 265.6035, -2.923664, 2.625954, 0.8854962],
[1515, 2246, 2209, 2155, 1927, 358.8511, 37.90295, 358.5472, -6.068702, 2.274809, -3.969466, 227.6909, 184.2061, 266.038, -3.458015, 1.900763, 2.832061],
[1521, 2235, 2205, 2149, 1919, 357.5078, 38.85567, 356.9325, -4.38168, 4.366412, 1.007634, 228.4593, 184.0992, 266.2359, -5.931298, 1.824428, 0.7938931],
[1531, 2243, 2213, 2155, 1927, -0.07965953, 38.87721, -0.0769136, -2.977099, -1.053435, -2.167939, 228.672, 183.8979, 266.4401, -0.3816794, 1.854962, 1.89313],
[1541, 2245, 2207, 2175, 1938, 358.6799, 36.89429, 358.2684, -6.40458, 3.572519, 1.183206, 229.0563, 184.6099, 265.87, -1.038168, 1.549618, 0.832061],
[1555, 2267, 2194, 2170, 1936, 359.5453, 37.20121, 359.4232, 0.7175572, 2.526718, 0.870229, 228.9134, 185.1731, 265.3588, -3.122137, 1.778626, 0.7328244],
[1529, 2249, 2219, 2169, 1923, 358.5038, 38.36275, 358.1327, -1.564886, 5.396946, 0.5725191, 228.6371, 184.7551, 265.6821, -3.442748, 1.053435, 1.007634],
[1535, 2261, 2221, 2178, 1936, 358.3277, 37.90004, 357.8772, -2.21374, 4.236641, 2.030534, 228.2597, 184.9152, 265.4828, -5.175572, 0.1755725, 1.755725],
[1535, 2283, 2214, 2175, 1950, 0.1167912, 37.12804, 0.1826664, -2.80916, 1.610687, 1.564886, 226.9739, 184.4008, 265.758, -2.931298, 0.7251908, -0.3053435],
[1544, 2256, 2223, 2179, 1946, 359.0652, 37.66209, 358.8116, -2.824427, 1.320611, 3.70229, 228.5374, 184.5165, 265.8777, -2.198473, 1.122137, -1.091603],
[1546, 2277, 2231, 2180, 1947, 357.1888, 37.07066, 356.3137, -3.847328, -0.1832061, -2.870229, 227.5774, 183.2145, 266.927, -2.740458, 3.648855, 4.824428],
[1551, 2269, 2217, 2187, 1965, 357.7906, 36.57151, 357.0549, -0.01526718, 1.816794, 2.526718, 227.3275, 183.6062, 266.5403, -2.580153, -0.9923664, -0.1068702],
[1550, 2287, 2243, 2190, 1962, 0.6626044, 37.4581, 0.8895064, -5.656488, 0.5877862, -1.076336, 227.7113, 184.0506, 266.182, -1.129771, 2.206107, 0.7328244],
[1556, 2289, 2235, 2203, 1968, 356.8662, 38.41161, 356.079, -4.374046, 0.1908397, -2.160305, 228.8655, 183.7354, 266.6055, -0.3664122, 2.900763, 2.80916],
[1565, 2290, 2229, 2191, 1962, 357.275, 36.46456, 356.3492, -4.29771, 3.732824, -0.1374046, 228.7245, 183.988, 266.3676, -2.320611, 0.7709923, 1.961832],
[1558, 2287, 2225, 2175, 1919, 358.8681, 37.17401, 358.5327, -2.679389, 3.656489, 2.381679, 227.737, 183.6725, 266.5283, -4.89313, 0.8473283, 1.122137],
[1552, 2278, 2233, 2192, 1963, 355.8149, 36.66789, 354.4263, -1.877863, -0.6793893, -1.694656, 228.1497, 184.1002, 266.1946, -3.21374, 2.450382, 2.183206],
[1551, 2270, 2254, 2176, 1963, 358.8023, 38.65825, 358.5235, 0.1603053, 2.938931, 3.221374, 228.1377, 183.7613, 266.4962, -3.679389, 0.1526718, 1.954198],
[1549, 2275, 2235, 2185, 1963, 357.3187, 38.05011, 356.6043, 2.038168, 1.068702, 0.5267176, 227.7797, 184.8337, 265.4815, -2.580153, -0.5572519, 1.167939],
[1563, 2293, 2240, 2199, 1982, 357.9594, 37.88303, 357.4043, -3.229008, 3.679389, 1.290076, 228.3373, 184.4606, 265.8989, -3.900763, 2.061069, 0.1679389],
[1569, 2301, 2246, 2207, 1974, 358.016, 36.8351, 357.3819, -0.8854962, 2.122137, 0.2290076, 228.001, 184.3367, 265.9626, -4.755725, 0.9541985, 1.755725],
[1554, 2302, 2251, 2199, 1978, 356.9237, 37.50521, 356.0262, -0.8396947, 3.40458, 1.610687, 228.0606, 185.2781, 265.126, -4.312977, 0.351145, 2.099237],
[1567, 2313, 2237, 2221, 1969, 356.7491, 37.23183, 355.7589, -3.435115, 3.091603, 0.4885496, 227.5987, 184.9272, 265.3679, -3.229008, 0.4503817, 1.19084],
[1570, 2299, 2245, 2209, 1983, 358.7393, 36.16406, 358.3045, 2.015267, 2.053435, 1.442748, 227.9301, 184.7919, 265.5424, -4.473282, 0.648855, 0.3358779],
[1570, 2301, 2251, 2214, 1981, 359.4877, 35.904, 359.3191, -2.572519, 1.648855, -0.06870229, 227.9488, 184.6272, 265.6936, -3.061069, 2.938931, 1.183206],
[1567, 2294, 2257, 2207, 2005, 358.3123, 37.17059, 357.8021, -3.679389, -0.7328244, 0.4198473, 227.023, 183.8386, 266.288, -3.839695, 2.221374, 1.030534],
[1570, 2305, 2256, 2213, 1999, 357.8942, 37.19506, 357.2552, -2.832061, 1.396947, -0.9465649, 227.9448, 184.3578, 265.9358, -3.145038, 2.251908, 1.70229],
[1575, 2319, 2257, 2239, 1990, 357.3577, 36.07553, 356.411, -2.236641, -3.480916, -3.358779, 227.5358, 184.9952, 265.2958, -3.290076, 2.51145, 3.419847],
[1589, 2337, 2266, 2225, 1982, 358.3347, 36.2178, 357.7574, -3.030534, 0.6641222, 1.687023, 227.8322, 185.1412, 265.2114, -3.198473, 1.19084, 0.1068702],
[1575, 2322, 2263, 2231, 1989, 356.4357, 38.39147, 355.5358, -5.129771, 2.343511, -0.7557252, 227.7065, 184.5334, 265.7429, -0.0610687, 0.07633588, 2.251908],
[1563, 2347, 2266, 2227, 2001, 358.5185, 36.53382, 358.0294, -2.748092, 3.129771, -0.4045802, 227.9108, 184.6038, 265.7092, -2.885496, 0.8244275, 1.648855],
[1566, 2324, 2271, 2224, 2007, 0.483695, 38.02769, 0.6415659, -2.580153, 2.274809, -0.7709923, 228.0419, 184.503, 265.8189, -3.80916, 1.328244, 1.541985],
[1570, 2335, 2286, 2237, 2007, 359.0261, 38.49636, 358.7958, -0.0610687, 0.8473283, -0.09923664, 227.1734, 184.1092, 266.0567, -0.3664122, 0.5648855, 2.59542],
[1573, 2285, 2258, 2247, 2003, 357.876, 38.91762, 357.3935, -1.351145, 3.442748, 1.564886, 227.6692, 186.2217, 264.201, -0.9236641, -0.1755725, 1.244275],
[1563, 2311, 2267, 2227, 2016, 0.1256574, 39.00257, 0.1757537, -4.061069, 2.022901, 0.4351145, 228.467, 186.5542, 264.0637, -3.251908, 0.7175572, 0.9465649],
[1568, 2321, 2269, 2224, 2010, 358.1124, 37.31184, 357.5517, -3.045802, 2.778626, 0.2442748, 227.9244, 185.5256, 264.8798, -4.427481, 2.480916, 2.0],
[1575, 2338, 2261, 2242, 2014, 1.257968, 37.70911, 1.648096, -0.7022901, 3.503817, 0.9007633, 227.7197, 186.041, 264.3754, -2.763359, 1.10687, 1.389313],
[1570, 2342, 2270, 2239, 2003, 0.04995968, 38.60215, 0.08506945, -3.305344, -0.8244275, -1.335878, 228.0534, 186.057, 264.4253, -0.9694656, 2.221374, 2.152672],
[1578, 2340, 2282, 2241, 2017, 358.5038, 38.28425, 358.1276, -2.175573, 1.412214, 0.5572519, 227.6024, 186.8378, 263.6254, -3.519084, 0.5496183, 1.290076],
[1569, 2346, 2267, 2251, 2013, 0.7072089, 38.88669, 0.895613, -5.770992, 1.648855, -0.9160305, 227.7885, 186.2884, 264.1643, -2.580153, 3.145038, 1.610687],
[1565, 2321, 2275, 2251, 2007, 359.6185, 38.35421, 359.5361, -3.274809, 1.419847, 0.832061, 228.0648, 186.1028, 264.3863, -0.3587786, 1.083969, 2.022901],
[1566, 2326, 2279, 2251, 2015, 359.817, 38.49357, 359.7871, -5.175572, 3.618321, 2.114504, 228.3193, 186.7401, 263.8678, -3.030534, 1.290076, 1.290076],
[1581, 2341, 2271, 2245, 2023, 358.3632, 37.85985, 357.9198, -2.114504, 0.8931297, 0.1755725, 227.6073, 186.2562, 264.1572, -1.816794, 0.5954198, 1.274809],
[1573, 2343, 2275, 2266, 2027, 1.643027, 36.74244, 2.223855, -6.312977, 1.587786, 3.0, 228.1615, 185.6299, 264.8282, -2.832061, 5.38168, -0.870229],
[1579, 2341, 2267, 2262, 2031, 356.0945, 40.0166, 355.3779, -7.030534, 5.656488, -6.045802, 225.6523, 185.241, 264.7422, -8.526717, 3.664122, 1.053435],
[1571, 2356, 2273, 2256, 2032, 1.809669, 39.22251, 2.229907, -7.923664, 1.656489, 0.6030535, 225.4135, 184.3808, 265.5448, -6.503817, 5.603054, -0.129771],
[1563, 2351, 2270, 2263, 2039, 355.7399, 41.1136, 355.1459, 1.290076, 1.259542, -0.5801527, 227.5655, 181.9428, 268.0858, -3.0, 0.3816794, 2.427481],
[1891, 2288, 2225, 2189, 2029, 8.320835, 43.24435, 8.817453, -6.977099, 3.610687, 1.366412, 232.8009, 195.4358, 258.062, -4.099236, -0.2900764, 0.1221374],
[1901, 2284, 2233, 2192, 2032, 9.136706, 41.18626, 10.39533, 3.435115, 6.465649, 3.603053, 232.3613, 197.6538, 256.1122, -3.564885, -4.007634, -0.4351145],
[1886, 2375, 2283, 2246, 2114, 7.206257, 42.72735, 7.778096, -10.23664, 2.465649, -0.1908397, 232.1377, 197.625, 256.0279, -3.847328, 0.8778625, -0.6259542],
[1904, 2421, 2317, 2303, 2160, 5.864286, 43.52967, 6.15653, -1.923664, -5.343512, 0.8015267, 231.2401, 194.5486, 258.1251, -3.664122, 2.541985, 0.3587786],
[1920, 2463, 2335, 2320, 2192, 4.650103, 42.11383, 5.134809, -6.167939, 0.740458, -2.236641, 231.9378, 196.5675, 256.7863, -0.4961832, 0.4503817, 2.320611],
[1943, 2331, 2292, 2276, 2091, 6.678231, 42.3851, 7.296655, -8.061069, 1.916031, -1.725191, 230.873, 196.82, 256.0832, -3.068702, 2.854962, 0.9083969],
[1967, 2387, 2330, 2289, 2118, 2.550157, 46.21696, 2.432655, -2.083969, 12.98473, -7.633588, 231.4393, 195.4054, 257.5081, 6.206107, 8.503817, 2.748092],
[1952, 2423, 2347, 2286, 2133, 4.783097, 40.1744, 5.658518, -3.343511, -4.167939, 1.305344, 231.3288, 194.4542, 258.2386, 0.1145038, 3.381679, 0.8167939],
[1945, 2458, 2335, 2273, 2119, 7.254987, 45.40625, 7.130682, 3.19084, -4.167939, 1.244275, 231.4877, 195.7954, 257.2109, -2.862595, -6.091603, -2.137405],
[1955, 2480, 2326, 2231, 2019, 6.720814, 47.97641, 6.034124, -21.34351, 3.916031, 1.259542, 233.5204, 196.1649, 257.8037, -7.427481, -4.045802, -0.4961832],
[1967, 2459, 2299, 2179, 1919, 5.97926, 43.8906, 6.19791, -0.9694656, -0.3282443, -4.0, 233.4044, 195.1555, 258.5269, -2.305344, 3.175573, 3.694656],
[1968, 2437, 2254, 2160, 1935, 8.810077, 45.1888, 8.725854, -9.984733, 5.740458, -7.335878, 232.3571, 196.7122, 256.8615, -0.2442748, 3.068702, 5.549618],
[1955, 2433, 2231, 2167, 1932, 5.790009, 46.37743, 5.498543, -0.6259542, 5.648855, 2.862595, 233.0979, 197.1946, 256.8208, -2.221374, 0.6641222, 2.412214],
[1973, 2388, 2206, 2153, 1925, 6.729926, 44.12816, 6.917292, -0.8244275, 4.312977, 1.053435, 234.2834, 198.7466, 256.1921, -3.29771, -2.061069, 2.465649],
[1971, 2359, 2209, 2163, 1930, 11.35527, 44.43725, 11.54138, -4.450382, -1.091603, -3.954198, 233.5223, 199.0327, 255.5968, -2.40458, 2.412214, 3.198473],
[1959, 2355, 2197, 2161, 1919, 10.67499, 43.84675, 11.07288, -4.282443, 4.648855, -2.167939, 233.3553, 199.2982, 255.3057, -1.557252, 3.717557, 2.351145],
[1953, 2394, 2234, 2194, 1959, 6.802536, 44.38464, 6.929355, -3.725191, 3.068702, 1.083969, 233.792, 197.8437, 256.6428, -2.938931, 0.9541985, -0.2748091],
[1973, 2397, 2246, 2211, 1984, 9.919504, 45.36199, 9.766592, 0.5496183, 2.557252, 2.358779, 234.3934, 198.3845, 256.5179, -4.08397, 1.251908, 0.6412213],
[1954, 2395, 2262, 2229, 2006, 7.488023, 45.29816, 7.387722, -5.984733, 2.343511, -0.7938931, 233.8608, 199.4414, 255.4524, -2.885496, 0.6641222, 1.167939],
[1949, 2403, 2263, 2241, 2005, 8.708572, 45.3976, 8.562943, -2.167939, -1.022901, -0.2061069, 233.8925, 198.047, 256.5351, -2.381679, 1.48855, 1.908397],
[1937, 2386, 2266, 2246, 2010, 8.647438, 46.65552, 8.138483, -0.7709923, 8.21374, 4.526718, 233.9939, 198.6466, 256.127, -1.717557, 1.358779, 1.366412],
[1936, 2399, 2268, 2240, 2023, 7.012402, 45.24993, 6.929956, -0.4274809, 0.9312977, 0.2671756, 234.0769, 199.5706, 255.4635, -2.305344, 1.687023, 1.763359],
[1877, 2389, 2279, 2242, 2011, 7.686223, 44.91205, 7.686223, -3.717557, 2.709924, 0.8244275, 234.156, 198.6476, 256.205, -2.89313, 1.832061, 1.534351],
[1719, 2409, 2276, 2257, 2013, 6.858069, 44.18355, 7.035231, -3.770992, 3.89313, -0.5954198, 234.1923, 199.2951, 255.7316, -1.351145, 1.664122, 1.648855],
[1370, 2369, 2277, 2253, 2032, 9.444497, 44.85115, 9.464416, -2.694656, 1.580153, -0.6412213, 234.2705, 199.204, 255.8398, -2.366412, 1.099237, 1.580153],
[1462, 2384, 2293, 2256, 2026, 8.458733, 44.43827, 8.599145, -4.10687, 0.9160305, -0.0610687, 234.6604, 199.8871, 255.5215, -2.290076, 1.366412, 1.557252],
[1474, 2402, 2287, 2259, 2033, 9.239822, 44.25194, 9.453378, -4.572519, 2.778626, 0.2671756, 234.2288, 200.2153, 255.0497, -3.061069, 1.854962, 2.045802],
[1488, 2384, 2288, 2267, 2030, 9.048222, 44.28413, 9.247227, -4.496183, 3.015267, 1.358779, 234.2422, 200.0196, 255.2059, -2.51145, 1.10687, 2.038168],
[1505, 2398, 2299, 2273, 2035, 8.512764, 44.40311, 8.66461, -2.664122, 3.374046, 0.3053435, 235.0091, 199.8585, 255.7204, -3.221374, 0.9007633, 1.748092],
[1521, 2406, 2302, 2259, 2055, 8.49413, 43.89152, 8.800636, -3.022901, 2.679389, 0.2213741, 234.9591, 200.0241, 255.5718, -2.061069, 2.229008, 2.251908],
[1520, 2386, 2303, 2275, 2032, 9.358772, 45.37312, 9.21056, -2.679389, 2.916031, 1.183206, 234.7463, 201.0288, 254.7074, -3.671756, 1.503817, 1.618321],
[1509, 2413, 2287, 2279, 2039, 8.446738, 44.09474, 8.690047, -2.725191, 3.320611, 0.961832, 234.9028, 200.2561, 255.3698, -2.427481, 1.274809, 2.053435],
[1524, 2399, 2294, 2277, 2042, 9.203702, 43.64691, 9.615661, -1.877863, -0.08396947, -0.05343511, 234.9361, 199.9096, 255.6453, -2.122137, 0.9847328, 0.8396947],
[1513, 2391, 2291, 2287, 2057, 9.563598, 43.71679, 9.9668, -3.534351, 1.816794, 1.137405, 235.1361, 200.8223, 255.07, -1.70229, 1.587786, 0.9160305],
[1512, 2411, 2292, 2287, 2046, 8.834626, 44.14988, 9.071268, -1.885496, 2.29771, 0.02290076, 234.786, 200.7442, 254.9429, -3.59542, 1.503817, 1.770992],
[1520, 2411, 2303, 2287, 2054, 8.111761, 43.63009, 8.481807, -2.618321, 2.900763, 1.175573, 234.213, 200.1846, 255.0649, -2.847328, 1.022901, 1.022901],
[1533, 2416, 2317, 2288, 2061, 8.860515, 43.57576, 9.28067, -4.458015, 2.503817, -0.03816794, 234.8929, 200.4895, 255.1903, -1.175573, 1.847328, 1.458015],
[1520, 2402, 2288, 2294, 2042, 9.862263, 43.1991, 10.4625, -4.854962, 1.137405, -0.519084, 235.065, 200.3048, 255.4175, -1.458015, 2.572519, 0.3435115],
[1535, 2407, 2301, 2298, 2065, 7.913562, 43.59136, 8.286094, -2.282443, 1.870229, 0.007633588, 234.6095, 199.7842, 255.5728, -2.122137, 0.351145, 0.351145],
[1526, 2410, 2302, 2287, 2061, 8.795541, 44.04726, 9.063373, -4.717557, 1.992366, 0.2748091, 234.9306, 199.7463, 255.764, -1.717557, 1.19084, 1.152672],
[1522, 2401, 2303, 2286, 2069, 9.149439, 43.7555, 9.523242, -4.099236, 1.412214, -1.946565, 234.48, 199.9527, 255.3795, -1.717557, 2.763359, 1.534351],
[1542, 2415, 2310, 2299, 2071, 8.37712, 44.34751, 8.543133, -2.572519, 2.335878, 0.7480916, 234.4828, 199.6795, 255.5873, -3.076336, 1.358779, 1.59542],
[1520, 2418, 2316, 2314, 2075, 8.041528, 44.02112, 8.294851, -3.549618, 3.496183, 0.5038168, 234.9394, 200.1054, 255.5012, -2.709924, 0.9160305, 1.419847],
[1541, 2399, 2317, 2303, 2069, 8.021896, 43.75725, 8.350972, -5.541985, 2.320611, -1.847328, 235.4275, 200.4078, 255.5286, -2.381679, 0.3587786, 1.625954],
[1535, 2429, 2313, 2311, 2064, 7.953603, 44.03775, 8.199509, -3.160305, 1.70229, 0.8167939, 234.417, 199.8573, 255.4193, -3.740458, 1.366412, 1.236641],
[1545, 2418, 2305, 2305, 2067, 6.884614, 43.78772, 7.16097, -3.641221, 0.8244275, -0.1221374, 235.1104, 200.7553, 255.1063, -3.305344, 1.671756, 0.9694656],
[1529, 2418, 2319, 2305, 2079, 8.902373, 43.40751, 9.37895, -1.694656, 1.587786, 1.526718, 234.772, 199.5268, 255.8477, -3.251908, 1.053435, 1.290076],
[1547, 2417, 2311, 2311, 2073, 8.019096, 43.89281, 8.308772, -1.656489, 2.679389, -0.05343511, 233.9689, 199.6398, 255.3553, -1.648855, 0.870229, 1.312977],
[1550, 2531, 2431, 2396, 2215, 13.17016, 48.92814, 11.48059, 1.030534, 6.366412, 3.885496, 234.5702, 204.0794, 252.2761, -2.740458, 0.4274809, 1.419847],
[1566, 2530, 2435, 2407, 2225, 11.03724, 48.85874, 9.630251, -5.70229, 4.992366, -0.9160305, 234.6145, 204.6892, 251.8309, -2.458015, 0.1832061, 1.641221],
[1580, 2543, 2432, 2417, 2234, 12.43462, 49.0632, 10.78299, -2.015267, -0.8549618, 0.4580153, 234.9878, 204.6453, 252.0975, -4.458015, 1.10687, 0.6412213],
[1584, 2522, 2437, 2427, 2222, 12.65357, 50.34135, 10.49638, -7.40458, -0.1679389, -2.152672, 235.3602, 204.4259, 252.4943, -2.48855, 1.648855, 0.6335878],
[1564, 2543, 2439, 2418, 2238, 10.43775, 47.02082, 9.704966, -0.5954198, 2.496183, -0.3664122, 235.247, 204.2972, 252.5228, -3.48855, 1.007634, 0.5267176],
[1577, 2544, 2455, 2413, 2236, 12.91124, 48.69094, 11.34545, -9.137404, 3.618321, -1.625954, 234.7092, 203.8311, 252.5523, -3.152672, 1.671756, 2.251908],
[1589, 2535, 2441, 2433, 2227, 11.60939, 48.37228, 10.30608, -2.59542, 1.10687, 1.396947, 233.752, 204.3647, 251.545, -4.229008, 0.1755725, 0.389313],
[1594, 2543, 2448, 2429, 2239, 9.822849, 48.17825, 8.770445, -4.389313, 1.900763, 0.1603053, 234.0037, 202.9524, 252.8112, -3.0, 1.877863, 1.343511],
[1589, 2519, 2463, 2415, 2236, 10.2294, 48.9154, 8.903069, -3.618321, 0.2137404, -6.038168, 234.7472, 204.6157, 251.9706, -2.236641, 2.206107, 0.519084],
[1582, 2522, 2448, 2416, 2247, 12.45323, 48.64001, 10.95889, 0.2366412, 1.29771, -1.450382, 235.008, 204.1739, 252.4709, -3.305344, 1.465649, 1.0],
[1584, 2543, 2451, 2421, 2239, 12.05742, 47.30226, 11.10955, -3.679389, 2.694656, 0.8244275, 234.6821, 203.8882, 252.4919, -3.412214, 0.8244275, 1.198473],
[1575, 2544, 2439, 2420, 2253, 11.12217, 47.12544, 10.30659, -4.435114, 2.145038, 0.3282443, 235.0341, 203.4678, 253.0245, -4.816794, 0.9694656, 0.6946565],
[1585, 2530, 2469, 2403, 2253, 12.01593, 47.42438, 11.02466, -1.160305, 1.129771, 1.351145, 235.0763, 203.837, 252.7691, -1.687023, 0.2977099, 1.137405],
[1585, 2530, 2461, 2423, 2259, 11.89036, 48.92172, 10.35783, 0.3129771, 3.984733, -1.442748, 233.9719, 202.8813, 252.848, -2.076336, 1.450382, 1.89313],
[1568, 2559, 2447, 2443, 2247, 13.10921, 48.47263, 11.60808, -0.6412213, 1.442748, 0.5572519, 234.9136, 203.037, 253.281, -5.068702, 1.007634, 1.755725],
[1591, 2537, 2445, 2423, 2261, 10.70145, 48.24074, 9.538625, -3.778626, 4.48855, 1.778626, 235.1295, 203.3916, 253.1388, -3.198473, 0.4656488, 0.2748091],
[1605, 2559, 2439, 2435, 2256, 12.86495, 47.72446, 11.68725, -1.10687, -0.08396947, 0.07633588, 234.8653, 203.4571, 252.9325, -3.229008, 0.8549618, 1.114504],
[1598, 2543, 2451, 2413, 2258, 11.58584, 46.86683, 10.83428, -5.694656, 2.19084, -0.8625955, 234.3285, 202.9425, 253.0105, -2.312977, 0.480916, 1.21374],
[1602, 2546, 2461, 2431, 2251, 10.93004, 46.47655, 10.3573, -4.198473, 1.091603, 1.725191, 234.778, 203.3574, 252.9569, -3.48855, 0.8091603, 1.0],
[1587, 2559, 2466, 2431, 2267, 11.41319, 46.68982, 10.73745, -1.832061, 1.748092, 0.4580153, 234.5543, 202.7681, 253.277, -0.8549618, 3.099237, 0.9312977],
[1590, 2577, 2463, 2439, 2251, 10.78513, 46.38998, 10.25016, -4.526718, 2.29771, -0.8015267, 235.0115, 203.8526, 252.7183, -0.5954198, 0.8931297, 1.969466],
[1611, 2576, 2453, 2423, 2259, 12.42114, 47.82176, 11.24373, -3.267176, 1.175573, -1.557252, 234.8448, 203.144, 253.1593, -2.389313, 0.3664122, 1.801527],
[1613, 2572, 2477, 2434, 2266, 12.51246, 46.7855, 11.73732, -1.259542, 2.412214, 1.366412, 235.5047, 204.4409, 252.5713, -4.19084, 0.8778625, 3.534351],
[1599, 2612, 2450, 2434, 2266, 11.87465, 47.29548, 10.94286, -4.664122, 3.167939, -1.603053, 235.2987, 204.954, 252.055, -2.030534, 1.763359, 1.282443],
[1586, 2579, 2459, 2435, 2261, 10.72819, 46.51344, 10.15254, -5.038168, 3.412214, 0.2137404, 234.5584, 203.7634, 252.5132, -2.992366, 1.290076, 1.458015],
[1607, 2578, 2471, 2427, 2259, 11.80916, 46.52122, 11.17594, -3.167939, 0.2977099, 0.1832061, 234.6802, 203.9212, 252.4653, -3.870229, 1.236641, 1.725191],
[1598, 2559, 2475, 2431, 2271, 9.817604, 45.28926, 9.690498, -2.236641, 0.3435115, 1.167939, 234.4252, 203.6238, 252.5407, -0.7175572, 0.480916, 0.1221374],
[1602, 2555, 2469, 2439, 2273, 11.58927, 46.77412, 10.87214, -0.129771, 1.022901, 0.2900764, 234.5205, 203.9678, 252.3321, -2.015267, 1.587786, 1.175573],
[1594, 2551, 2445, 2429, 2277, 10.29924, 45.8284, 9.978904, -5.984733, 0.6946565, -0.5572519, 234.5598, 203.7854, 252.4971, -7.870229, 0.9770992, -0.9312977],
[1610, 2594, 2471, 2431, 2274, 12.52883, 46.73364, 11.77364, -1.061069, 3.51145, 2.290076, 234.4857, 203.3652, 252.777, -3.19084, 1.10687, 1.725191],
[1614, 2559, 2469, 2447, 2298, 11.56737, 46.45998, 10.96942, -2.740458, 2.610687, 0.6641222, 234.6318, 203.6447, 252.649, -3.946565, 1.389313, 0.2366412],
[1627, 2583, 2461, 2443, 2271, 11.00702, 45.58502, 10.75553, -2.778626, 2.938931, 0.4656488, 234.3056, 203.5325, 252.5395, -1.824428, 0.8549618, 1.129771],
[1607, 2575, 2478, 2434, 2273, 9.488009, 47.9147, 8.548407, -2.908397, 1.29771, -0.2977099, 234.4409, 203.1463, 252.9194, -2.419847, 2.076336, 1.351145],
[1633, 2585, 2471, 2435, 2282, 9.640553, 45.50621, 9.444497, -4.122138, 2.389313, 0.0610687, 234.3197, 203.8155, 252.3279, -5.022901, 1.587786, 1.587786],
[1604, 2576, 2477, 2443, 2271, 10.92646, 45.5267, 10.69813, -3.496183, 3.80916, 1.709924, 234.2916, 202.6954, 253.1801, -3.229008, 2.015267, 1.244275],
[1616, 2591, 2467, 2447, 2288, 10.31404, 44.30521, 10.53179, -2.183206, 1.335878, 0.6641222, 233.9165, 202.773, 252.9, -3.473282, 2.015267, 1.740458],
[1616, 2608, 2459, 2445, 2278, 11.86617, 46.54366, 11.22143, -0.2442748, 3.290076, -1.061069, 234.519, 203.4457, 252.7348, -0.2748091, 0.5114504, 2.221374],
[1616, 2594, 2474, 2455, 2287, 9.649418, 46.1215, 9.253907, -2.221374, 3.091603, 0.6717557, 234.9134, 203.8702, 252.6456, -2.641221, 1.603053, 1.938931],
[1615, 2597, 2465, 2467, 2302, 10.80132, 45.91234, 10.43601, -1.603053, 6.679389, 1.496183, 234.19, 203.5069, 252.4898, -2.419847, 1.007634, 0.9465649],
[1617, 2598, 2493, 2447, 2293, 12.55198, 45.80596, 12.17546, -3.587786, 2.740458, -0.7328244, 234.3416, 203.2541, 252.7771, -4.282443, 1.877863, 1.21374],
[1619, 2589, 2477, 2431, 2289, 9.411232, 44.52798, 9.537094, -1.312977, 3.21374, 0.3129771, 234.654, 203.6925, 252.6256, -2.007634, 1.160305, 2.335878],
[1631, 2591, 2470, 2455, 2275, 10.60442, 45.00368, 10.57106, -1.366412, 2.78626, 0.8091603, 234.3919, 203.6726, 252.4828, -2.312977, 0.7328244, 1.198473],
[1645, 2609, 2471, 2453, 2277, 10.53789, 45.04347, 10.49034, -2.992366, 3.748092, 0.6946565, 234.6326, 203.6537, 252.6426, -2.267176, 1.259542, 1.427481],
[1619, 2619, 2455, 2455, 2278, 10.69723, 45.0956, 10.62994, -3.78626, 2.29771, 0.7022901, 234.5201, 202.791, 253.2394, -4.10687, 0.5419847, 1.427481],
[1619, 2599, 2477, 2458, 2286, 10.28459, 44.18771, 10.54429, -6.038168, 0.7557252, -1.274809, 234.5341, 203.8133, 252.46, -2.259542, 2.717557, 2.038168],
[1616, 2603, 2475, 2449, 2289, 9.339305, 44.62694, 9.431902, -3.877863, 0.870229, -0.7862596, 234.5478, 204.2548, 252.1265, -2.076336, 1.725191, 1.351145],
[1616, 2609, 2471, 2451, 2281, 11.60535, 44.74672, 11.67117, -2.083969, 1.70229, 1.206107, 234.2461, 203.2476, 252.7252, -3.10687, 0.6259542, 1.206107],
[1621, 2608, 2499, 2454, 2287, 9.91363, 44.92237, 9.910091, -2.358779, 3.633588, 0.5419847, 234.0101, 203.6062, 252.3032, -3.465649, 0.7633588, 1.526718],

