[2299, 4095, 4067, 4095, 4095, 326.705, 9.302733, 284.1025, 94.82443, 133.7786, 83.8626, 182.8278, 99.98119, 359.4191, -121.2519, 35.90076, 81.67939],
[2278, 4095, 4063, 4095, 4095, 334.0215, 357.0021, 263.9081, -12.30534, -7.045802, -2.916031, 158.0709, 102.0123, 4.820583, 14.84733, -1.152672, 8.160305],
[2157, 4095, 4031, 4095, 4095, 327.4935, 341.8532, 242.7386, 8.61832, -88.771, -64.81679, 164.3346, 102.8383, 3.570949, 25.77099, -11.0458, -14.33588],
[2165, 4095, 4022, 4095, 4095, 141.9146, 124.6309, 28.33926, -33.17557, 21.07634, -4.374046, 143.1272, 108.1055, 13.71543, -8.351145, -7.931298, 5.763359],
[2192, 4095, 4039, 4095, 4095, 342.1348, 334.2356, 213.6339, 5.954198, 200.7786, 118.4351, 183.6984, 108.3047, 358.6782, -52.53435, 6.80916, 26.48855],
[2192, 4095, 4079, 4095, 4095, 338.0367, 346.2025, 238.6284, -7.908397, 15.81679, 30.21374, 125.8199, 98.27902, 11.38853, 15.84733, 17.68702, -7.450382],
[2177, 4095, 3943, 4095, 4095, 333.2953, 349.6749, 250.0849, -44.99237, -153.084, -99.56489, 144.4941, 102.367, 8.835091, 55.77863, -18.9084, -49.96947],
[1968, 4095, 3983, 4095, 4095, 199.9148, 118.8423, 348.5675, 5.343512, -193.6946, -161.5725, 142.8917, 103.8791, 10.53183, 1.351145, 1.503817, 39.0],
[2128, 4095, 3991, 4095, 4095, 351.8775, 346.4664, 210.5112, -38.66412, 60.72519, 73.8855, 149.7483, 106.364, 9.647834, -1.030534, 2.244275, -0.7480916],
[2115, 4095, 4043, 4095, 4095, 335.4284, 349.293, 247.5255, 27.13741, 102.9695, 70.62595, 141.5332, 98.78657, 6.957361, -38.76336, 9.984733, 37.16031],
[1953, 4095, 3999, 4095, 4095, 329.1248, 356.4849, 264.1552, -64.14504, -37.32824, -20.25191, 124.3841, 99.25834, 13.38771, 58.08397, -3.198473, -38.69466],
[2038, 4095, 3979, 4095, 4095, 342.3841, 350.5544, 242.3466, 45.80916, -141.7557, -106.9084, 164.1292, 105.5676, 4.439417, 2.992366, -9.076336, 42.52672],
[2150, 4095, 3915, 4095, 4095, 318.4474, 72.59703, 344.5204, -28.93893, 37.8168, 68.65649, 148.3998, 104.576, 9.02359, 10.87023, 6.580153, -33.36641],
[2156, 4095, 3951, 4095, 4095, 342.2806, 343.5769, 227.2413, -43.58016, 95.77863, 79.03053, 124.0594, 99.33015, 13.64936, -68.94657, -3.732824, 17.31298],
[2067, 4095, 3711, 3935, 4095, 343.6306, 343.3066, 224.3295, -16.15267, -16.0229, -20.35115, 148.7804, 95.36662, 3.208554, 25.28244, -2.48855, -5.21374],
[1985, 4095, 3687, 4039, 4095, 321.3038, 323.1848, 226.8681, -46.33588, -4.992366, -84.22137, 201.1744, 102.7104, 354.888, 72.06871, 17.40458, -9.236641],
[2064, 4095, 3803, 4095, 4095, 133.2367, 108.3948, 19.42395, -25.93893, -72.26717, -81.82443, 139.4204, 102.2919, 10.52316, -15.0687, -5.870229, 22.9313],
[2133, 4095, 3879, 4095, 4095, 324.3185, 350.4161, 256.7529, 140.2824, 94.2977, 75.19084, 209.1361, 104.6703, 351.5579, -10.96183, 1.519084, 7.473282],
[2150, 4095, 3921, 4095, 4095, 332.9588, 2.396439, 274.8076, 1.320611, 27.00763, 63.0, 120.2573, 98.54117, 14.43922, 8.145039, 14.84733, 3.984733],
[2137, 4095, 3883, 4095, 4095, 342.2253, 347.938, 236.2835, -78.92367, -2.709924, -108.0916, 127.5548, 95.85561, 7.593394, 52.67939, 3.854962, -55.51145],
[2122, 4095, 3839, 4095, 4095, 301.9323, 17.57852, 281.1872, -10.1145, -134.2977, -117.2137, 156.9259, 102.0027, 5.101325, -12.48855, -14.53435, 43.56489],
[2192, 4095, 3923, 4095, 4095, 353.4114, 5.680759, 311.4059, -39.74809, 16.9084, 83.38931, 166.0494, 104.8071, 3.66591, 11.30534, 4.793893, -30.13741],
[2199, 4095, 3967, 4095, 4095, 333.4166, 5.035026, 280.1214, 112.9924, 185.1298, 45.25954, 139.7913, 100.5401, 8.894026, -72.07633, 12.70992, 38.25191],
[2142, 4095, 3943, 4095, 4095, 334.7927, 355.7905, 261.1507, -2.526718, -45.10687, -42.55725, 136.2815, 101.3108, 10.78749, 57.42748, -8.419847, -28.48855],
[2043, 4095, 3855, 4095, 4095, 347.2869, 339.0557, 210.393, -19.20611, 41.45038, 5.938931, 165.837, 105.9728, 4.038988, 9.916031, 2.343511, 6.160306],
[2187, 4095, 3953, 4095, 4095, 349.7411, 31.40654, 343.5785, 10.1374, 31.47328, 29.27481, 141.4555, 106.7693, 13.44021, -6.251908, 1.091603, -17.35878],
[2202, 4095, 4029, 4095, 4095, 335.562, 2.265344, 275.1193, 105.5115, 175.3588, 1.938931, 189.7739, 99.15812, 358.3166, -60.22901, 14.90076, 67.15267],
[2088, 4095, 4047, 4095, 4095, 338.7106, 358.028, 265.0275, -20.25191, -11.62596, 0.961832, 142.5017, 98.48522, 6.485346, 59.32825, -35.06107, -13.1145],
[1975, 4095, 3973, 4095, 4095, 336.3038, 343.7232, 236.3213, -78.19084, -83.60305, -30.32825, 170.7957, 104.5049, 2.302886, 15.79389, -3.763359, -20.61832],
[2167, 4095, 3901, 4095, 4095, 164.4982, 105.0547, 4.177282, -39.57252, -95.10688, -67.1145, 140.5416, 105.7528, 13.01531, -1.709924, -3.824427, 22.01527],
[2224, 4095, 4075, 4095, 4095, 317.3007, 6.599214, 277.1905, 85.30535, 58.51909, 19.90076, 198.2027, 104.4927, 355.0255, -14.67939, -1.763359, 23.0458],
[2254, 4095, 4051, 4095, 4095, 342.9107, 355.5313, 255.8095, 25.64886, 71.19084, 20.26718, 104.9826, 95.44647, 19.69452, -32.58779, 8.068703, 4.152672],
[2203, 4095, 3955, 4095, 4095, 343.9409, 337.5914, 214.8156, -22.18321, -73.59542, -25.45802, 156.5421, 104.6826, 6.409553, 59.19084, -2.748092, -24.79389],
[2193, 4095, 3966, 4095, 4095, 335.4631, 334.0876, 223.1388, -46.03817, -78.17558, -59.09924, 154.6868, 104.7804, 7.038742, 12.22901, 3.29771, 21.50382],
[2205, 4095, 3915, 4095, 4095, 345.4406, 24.20673, 330.1372, -24.60305, 17.70229, 17.91603, 131.2802, 105.3407, 17.30941, -1.465649, -0.07633588, -17.29008],
[2207, 4095, 4031, 4095, 4095, 334.8711, 352.5013, 254.3383, 137.7328, 131.7863, 66.15267, 185.0623, 102.785, 358.7579, -59.44275, 21.94657, 50.70229],
[2111, 4095, 4007, 4095, 4095, 341.173, 354.0074, 252.931, -18.78626, -29.52672, -9.465649, 138.3893, 100.6876, 9.473364, 41.57252, 4.129771, -2.740458],
[1939, 4095, 3991, 4095, 4095, 336.2622, 331.7589, 219.2232, 19.77863, 27.77863, 12.99237, 159.9244, 107.1535, 6.350658, 22.82443, -0.5267176, -17.03053],
[2078, 4095, 3987, 4095, 4095, 339.6308, 36.52423, 333.463, 1.10687, -50.80916, -23.89313, 158.8883, 107.3298, 6.78561, -21.17557, 4.694656, 15.03817],
[2133, 4095, 4095, 4095, 4095, 343.3157, 6.174495, 290.1259, 66.229, 64.90839, 24.99237, 171.1628, 106.4215, 2.522738, -13.46565, 1.847328, -19.05343],
[2118, 4095, 4095, 4095, 4095, 342.81, 330.3438, 208.4077, -27.80916, 143.8092, 66.63359, 150.6799, 105.3514, 8.695553, -45.87023, 17.87786, 29.39695],
[1969, 4095, 4023, 4095, 4095, 335.1317, 337.4557, 228.0845, 0.4351145, 15.0687, -34.54199, 136.22, 101.3364, 10.83498, 50.69466, -7.625954, -44.60306],
[1998, 4095, 3967, 4095, 4095, 332.7415, 334.0494, 226.5608, -32.13741, -141.3664, -111.5725, 163.2848, 105.8814, 4.794887, -4.145038, 0.4732824, 10.9542],
[2016, 4095, 4031, 4095, 4095, 330.387, 53.66457, 337.3662, -18.57252, 21.83969, 12.93893, 149.1373, 105.6903, 9.461287, 2.534351, -3.534351, 1.870229],
[2128, 4095, 4031, 4095, 4095, 349.5831, 346.5121, 217.3552, 86.70993, 148.7633, 99.0229, 177.5152, 106.8856, 0.6435195, -37.0, 5.885496, 8.160305],
[2115, 4095, 3991, 4095, 4095, 333.2708, 348.9996, 248.8821, 38.71756, 119.9237, 65.0229, 122.4832, 102.5146, 19.19684, -43.73283, 24.17557, 5.763359],
[2128, 4095, 3889, 4095, 4095, 334.778, 350.0041, 249.4813, -33.35878, -52.43512, -31.56489, 142.5919, 103.9297, 10.68477, 52.76336, -15.48092, -22.63359],
[2031, 4095, 3889, 4095, 4095, 336.3284, 334.107, 222.0043, 12.53435, -90.60306, -51.58016, 152.9942, 108.3703, 9.528625, 1.282443, -4.862596, 4.10687],
[2309, 4095, 3871, 4095, 4095, 357.663, 19.52342, 353.5816, -12.87023, -151.3664, -125.3206, 153.2788, 106.3755, 8.339674, -7.992366, -8.923664, 33.31298],
[2239, 4095, 3915, 4095, 4095, 331.8332, 337.3423, 231.9982, -9.862596, -11.91603, 29.35115, 166.3443, 108.2229, 4.477054, -9.664123, 1.534351, -21.60306],
[2279, 4095, 3987, 4095, 4095, 342.1097, 348.7732, 238.3918, 62.74809, 204.855, 87.58016, 190.4117, 98.75357, 358.2863, -137.6107, 27.15267, 64.89313],
[2223, 4095, 3839, 4095, 4095, 338.9956, 350.5024, 246.4578, -48.93893, -50.73283, -48.22901, 125.8093, 100.0391, 13.76921, 49.16794, -14.0916, -29.00763],
[2206, 4095, 3687, 4095, 4095, 332.2478, 344.7538, 242.5823, 18.85496, 38.9313, 57.75573, 150.5339, 106.4492, 9.39932, 5.557252, -3.717557, -54.75573],
[2245, 4095, 3805, 4095, 4095, 320.3696, 48.88043, 324.2168, 9.992367, 31.70992, 26.40458, 141.1366, 104.8956, 12.04293, 4.335878, -8.068703, 9.977099],
[2270, 4095, 3952, 4095, 4095, 338.3719, 343.8639, 233.8337, 26.32825, 0.9847328, 23.52672, 186.5759, 105.1629, 358.1141, -90.07633, 29.17558, 64.0687],
[2269, 4095, 3963, 4095, 4095, 338.3461, 351.8674, 250.2187, -14.01527, -4.435114, -7.053435, 191.1846, 100.7139, 357.7602, 29.32825, -4.496183, 3.343511],
[2176, 4095, 3942, 4095, 4095, 343.421, 342.5722, 223.4028, -72.69466, -66.22138, -26.09924, 165.6132, 101.0279, 2.776553, 56.29771, -2.931298, -47.0229],
[2145, 4095, 3881, 4095, 4095, 338.3504, 341.6857, 230.1152, -70.12977, -14.47328, -59.16794, 160.1072, 104.4513, 5.245616, 32.8397, -3.748092, -10.0458],
[2174, 4095, 3887, 4095, 4095, 302.1279, 76.06706, 338.5543, -23.45038, -79.54962, -59.58779, 133.0243, 105.0991, 16.07856, 1.694656, -2.992366, 15.54962],
[2199, 4095, 4082, 4095, 4095, 353.9346, 347.8518, 206.0757, -101.2137, 54.89313, 105.4886, 168.8164, 105.9125, 3.129441, -53.90077, -15.37405, 52.87786],
[2209, 4095, 3967, 4095, 4095, 330.9327, 357.3241, 265.2255, -23.25954, -33.65649, 34.79389, 108.377, 97.28286, 21.08178, -8.572519, 10.99237, -31.77099],
[2192, 4095, 3927, 4095, 4095, 341.6589, 342.5102, 226.3838, -73.91603, -92.96184, -31.61832, 139.3171, 103.6474, 11.73891, 51.42748, -1.801527, -49.84733],
[2225, 4095, 3923, 4095, 4095, 6.525975, 325.7, 170.2466, -35.19084, -107.6107, -110.5343, 158.9895, 107.1293, 6.666756, 15.46565, 6.19084, 18.82443],
[2207, 4095, 3983, 4095, 4095, 323.5474, 39.78806, 318.5193, 3.78626, 66.67939, 42.36641, 131.6975, 107.2517, 19.16763, -7.885496, -17.83206, -0.09923664],
[2205, 4095, 4047, 4095, 4095, 332.1074, 349.0355, 249.8848, -13.79389, 126.8397, 34.03817, 143.4801, 102.5938, 9.339195, -73.17558, 12.45038, 44.19847],
[2205, 4095, 4047, 4095, 4095, 337.1054, 352.7682, 253.2964, -25.93893, -4.114504, 5.282443, 117.6141, 96.59595, 12.48713, 27.91603, 9.916031, 0.1221374],
[2223, 4095, 3997, 4095, 4095, 328.9006, 339.1337, 237.6582, -43.57252, 29.21374, 0.9236641, 142.8675, 101.0114, 8.331067, 71.69466, -6.496183, -43.99237],
[2221, 4095, 3919, 4095, 4095, 334.2241, 8.257077, 286.8793, -54.57252, -69.96183, -59.19084, 134.3295, 106.5622, 16.88173, 11.72519, 12.23664, -0.2748091],
[2234, 4095, 3975, 4095, 4095, 340.5433, 13.54283, 304.5013, 10.25191, 31.31298, 48.48855, 134.658, 105.7174, 15.8479, 12.55725, 2.21374, -5.305344],
[2224, 4095, 4047, 4095, 4095, 334.3159, 12.39108, 294.7105, 22.91603, 124.2443, 55.74046, 123.615, 103.2112, 19.42186, -66.29771, 29.82443, 27.87023],
[2128, 4095, 4011, 4095, 4095, 332.4975, 356.68, 263.6764, -31.74046, -19.32061, 8.045801, 114.8598, 97.19233, 15.26156, 7.48855, 15.00763, -6.267176],
[2095, 4095, 3901, 4095, 4095, 329.8785, 354.6648, 260.8705, -88.47328, -89.86259, -28.9542, 135.4942, 102.179, 11.93562, 37.26717, -5.89313, -40.38931],
[2109, 4095, 3934, 4095, 4095, 349.8186, 24.0718, 338.2456, 46.33588, -77.25955, -69.40458, 145.6812, 105.7826, 10.85715, 0.0, -2.648855, 26.79389],
[2171, 4095, 4039, 4095, 4095, 325.7151, 8.636071, 282.649, 45.23664, 98.67175, 86.39695, 152.4652, 105.7859, 8.311245, 2.351145, -1.381679, -19.55725],
[2195, 4095, 4023, 4095, 4095, 337.3968, 352.7147, 252.9504, 78.30534, 172.1527, 21.33588, 160.3017, 94.45734, 1.530703, -65.54199, 2.992366, 76.39695],
[1946, 4095, 3947, 4095, 4095, 339.6264, 353.02, 251.7824, -39.03817, -44.54198, -35.09924, 134.0648, 100.2507, 10.5498, 47.10687, -12.60305, -15.32061],
[1872, 4095, 3987, 4095, 4095, 323.821, 7.925516, 280.8556, -69.40458, 9.862596, 3.221374, 176.7163, 105.6819, 0.8146284, 47.65649, 2.587786, -23.58779],
[1968, 4095, 3959, 4095, 4095, 159.8306, 96.25526, 2.235768, -67.01527, -119.1832, -52.03053, 149.5303, 104.5182, 8.595757, 13.00763, -3.480916, 10.85496],
[2091, 4095, 4063, 4095, 4095, 328.2749, 15.62365, 294.457, 109.6489, 176.6565, 76.76336, 195.2192, 107.5406, 354.9693, -22.36641, 3.80916, 14.59542],
[2091, 4095, 3986, 4095, 4095, 335.0074, 346.5375, 242.7919, -35.33588, 63.30534, 159.2519, 118.219, 103.1098, 23.43634, -35.96947, 33.46565, 12.8855],
[2001, 4095, 3747, 3931, 4095, 340.6203, 337.9877, 220.9412, -92.40458, -118.8473, -59.83206, 154.4097, 99.53357, 4.532069, 56.85496, 3.465649, -29.70992],
[2064, 4095, 3922, 4095, 4095, 333.1197, 335.992, 228.6274, -16.42748, -83.12977, -90.87787, 141.2939, 104.4954, 11.64939, 15.58779, -3.648855, -3.977099],
[2107, 4095, 3979, 4095, 4095, 328.5741, 81.77115, 354.9509, 31.19084, 68.74046, 13.35114, 154.0994, 105.5556, 7.62323, -9.335877, -7.114504, 2.51145],
[2112, 4095, 4095, 4095, 4095, 339.2368, 349.0341, 242.9177, 50.65649, 143.6489, 76.22138, 154.1257, 105.2499, 7.458064, -66.07633, 11.51145, 15.14504],
[2135, 4095, 4081, 4095, 4095, 336.9946, 341.5042, 231.7098, -7.717557, 9.351145, 57.9542, 132.5857, 99.08146, 9.838437, 30.76336, -3.152672, -7.877862],
[2121, 4095, 4075, 4095, 4095, 335.7419, 341.819, 233.8638, -54.67939, -60.37405, -30.11451, 143.5834, 100.8564, 8.001295, 67.96947, -0.1603053, -31.59542],
[2142, 4095, 4007, 4095, 4095, 325.4868, 353.9683, 261.2642, -33.21374, -27.05343, -47.12977, 176.2585, 106.3152, 0.9881963, 4.519084, 8.992367, -13.67939],
[2134, 4095, 3967, 4095, 4095, 304.6845, 81.46799, 347.8532, -40.66412, -58.48855, -72.8855, 133.6272, 105.2276, 15.89196, 2.70229, 2.709924, 10.53435],
[2150, 4095, 3983, 4095, 4095, 316.4543, 2.982881, 273.1703, 50.12214, 84.91603, 47.32061, 190.4714, 103.6516, 357.329, -32.25191, 15.59542, 30.08397],
[2154, 4095, 3967, 4095, 4095, 334.689, 333.229, 223.072, 46.9542, 140.4427, 57.83969, 107.8565, 96.36859, 19.16629, -96.51908, 17.80153, 10.44275],
[2101, 4095, 3919, 4095, 4095, 332.6635, 337.7676, 231.6047, -14.78626, -36.0229, -40.75572, 135.639, 100.2625, 10.00427, 59.79389, -18.83969, -30.44275],
[2065, 4095, 3911, 4095, 4095, 316.1779, 339.7441, 248.9167, 7.465649, -15.81679, -59.74046, 150.4558, 105.8191, 9.053099, 28.46565, -1.671756, -17.67939],
[2080, 4095, 3923, 4095, 4095, 319.8572, 43.27387, 318.2352, -70.83206, -103.4504, -56.55725, 137.4258, 104.1602, 13.00147, -1.633588, 2.29771, 12.14504],
[2112, 4095, 4015, 4095, 4095, 330.9768, 359.9039, 269.872, 73.15267, 116.2672, 98.23665, 148.457, 104.6222, 9.033003, -34.27481, 2.450382, -10.09924],
[2147, 4095, 4007, 4095, 4095, 329.0474, 349.833, 253.3416, 53.03817, 143.5878, 35.61832, 179.7883, 100.123, -0.06718669, -82.82443, 7.78626, 59.36641],
[2116, 4095, 3922, 4095, 4095, 337.4223, 347.0182, 240.9693, -59.71756, -57.64885, -16.18321, 142.6618, 99.74792, 7.418582, 68.93894, -3.167939, -12.06107],
[2221, 4095, 3603, 3839, 4095, 336.9325, 341.1758, 231.2648, -34.13741, -67.87786, -24.39695, 150.3558, 103.0452, 7.445987, 70.61832, -9.603053, -30.01527],
[2121, 4095, 3763, 3965, 4095, 336.3147, 330.7548, 217.9899, -76.91603, -134.7557, -95.78627, 140.3343, 102.0996, 10.03099, 15.15267, -0.9389313, 21.30534],
[2173, 4095, 3759, 4063, 4095, 138.2492, 91.71214, 1.508012, 32.61832, 13.23664, -19.64886, 164.9042, 106.3873, 4.443912, 0.4045802, -12.59542, 7.977099],
[2171, 4095, 3871, 4095, 4095, 326.6782, 1.223732, 271.9335, 28.67939, 68.64122, 76.67939, 210.3363, 105.6731, 350.5307, -55.18321, 16.32061, -2.541985],
[2182, 4095, 3851, 4095, 4095, 336.181, 349.9368, 248.0963, -3.038168, 67.70992, 80.74046, 103.6898, 95.49094, 21.62316, -12.22901, 16.43511, -4.229008],
[2153, 4095, 3715, 4095, 4095, 324.2472, 350.9545, 257.5182, -70.16031, -39.21374, -57.0458, 138.1084, 103.2312, 11.86154, 61.1145, -8.175572, -37.47328],
[2128, 4095, 3709, 4078, 4095, 312.7457, 25.17248, 293.5445, -101.8321, -116.0076, -133.3893, 156.6139, 105.2367, 6.639952, -9.183207, -2.29771, 25.33588],
[2176, 4095, 3807, 4095, 4095, 284.8978, 79.36382, 325.069, 28.43511, 12.8855, 42.30535, 134.8637, 105.1945, 15.21589, -1.389313, -12.0687, -38.54962],
[2187, 4095, 3917, 4095, 4095, 326.9363, 350.6351, 255.7739, 74.87786, 182.8397, 97.45802, 181.864, 102.3286, 359.5077, -103.0076, 21.98473, 53.0],
[2072, 4095, 3569, 3691, 4095, 328.4314, 356.7047, 264.6664, -39.83969, -45.9084, -35.90076, 132.939, 96.00558, 6.431384, 80.33587, -24.9313, -8.290076],
[2092, 4095, 3599, 3903, 4095, 325.6223, 0.7585073, 271.1738, -16.40458, -132.6183, -33.9084, 167.0559, 104.6287, 3.340878, 49.55725, 7.641222, -26.0229],
[2093, 4095, 3683, 3967, 4095, 252.8308, 93.68739, 347.8367, -5.389313, -51.59542, -67.99236, 151.566, 103.7208, 7.462477, 7.641222, -3.259542, 30.73282],
[2190, 4095, 3889, 4095, 4095, 335.621, 345.5788, 240.3955, 30.46565, 63.64885, 43.52672, 160.1552, 105.3083, 5.55864, -21.45038, -1.763359, 1.832061],
[2077, 4095, 3728, 3951, 4095, 331.5261, 354.5229, 259.9926, -2.938931, 57.35878, 92.60305, 100.1867, 96.24124, 31.36739, -86.25955, 11.35115, -29.35878],
[2066, 4095, 3791, 4071, 4095, 325.58, 352.063, 258.4924, -65.29771, -136.6412, -77.79389, 150.6612, 100.823, 6.070518, 44.83206, -8.145039, -32.08397],
[2032, 4095, 3791, 4095, 4095, 311.7066, 10.02343, 278.9831, -66.05344, -33.35878, -84.87786, 137.3644, 103.7377, 12.63722, 17.96947, -14.9313, 4.877862],
[2117, 4095, 3915, 4095, 4095, 257.7776, 96.89254, 330.3199, 30.61069, 49.62595, 62.58779, 135.4854, 105.2877, 14.99383, 0.8549618, 5.10687, -9.557252],
[2175, 4095, 3959, 4095, 4095, 341.186, 343.9097, 229.6883, 111.5802, 170.3359, 100.8092, 149.9653, 101.7621, 6.801402, -93.32825, 16.62595, 41.44275],
[2117, 4095, 3903, 4095, 4095, 334.9074, 350.0288, 249.4187, -29.96183, -46.59542, -31.78626, 157.5705, 99.63269, 3.936077, 38.42748, -9.748092, -3.480916],
[2103, 4095, 3761, 4017, 4095, 320.972, 354.4779, 263.1906, -91.29008, -115.6412, -78.49618, 158.7893, 103.2999, 5.163157, 45.68702, 3.045802, -29.73283],
[2094, 4095, 3775, 4011, 4095, 122.6171, 103.6256, 20.7167, -74.09924, -75.41985, -90.0458, 142.9378, 104.4894, 10.98655, -10.42748, -2.320611, 26.92366],
[2137, 4095, 3871, 4095, 4095, 342.1235, 2.885025, 279.1215, 48.29771, 105.8321, 78.96183, 156.1246, 105.2392, 6.798397, -18.81679, -4.465649, -17.83969],
[2157, 4095, 3943, 4095, 4095, 338.5977, 344.0171, 233.7933, 44.09924, 159.4504, 97.12214, 200.7923, 97.04528, 357.205, -68.34352, -0.4274809, 65.41222],
[2192, 4095, 3935, 4095, 4095, 331.7782, 347.1647, 246.9755, -59.07634, -74.01527, -32.22137, 159.5695, 98.67354, 3.179318, 30.21374, -6.931298, -14.03817],
[2135, 4095, 3861, 4095, 4095, 321.6765, 359.385, 269.2308, 65.37405, -60.8855, -18.75573, 163.4557, 105.2105, 4.529692, 20.0229, 4.061069, -26.14504],
[2176, 4095, 3855, 4095, 4095, 151.115, 114.3152, 13.91407, -2.091603, -1.206107, -26.08397, 140.9252, 104.0999, 11.4735, 3.480916, -6.633588, 22.8397],
[2177, 4095, 3967, 4095, 4095, 330.2901, 351.5361, 255.3832, 48.45802, 78.0, 87.00764, 183.0278, 106.388, 359.0161, -31.13741, 2.938931, 8.40458],
[2203, 4095, 4021, 4095, 4095, 329.2661, 340.9762, 239.8433, 42.28244, 135.6336, 78.47328, 283.1181, 87.21224, 348.544, -90.58016, -11.63359, 41.49618],
[2206, 4095, 4031, 4095, 4095, 336.4276, 339.3187, 229.0691, -73.36641, -66.24428, -17.12214, 131.8487, 97.72684, 8.592696, 59.8397, -0.519084, -16.78626],
[2205, 4095, 4021, 4095, 4095, 320.9768, 327.7976, 232.0808, -69.21374, -128.3512, -139.6412, 162.0998, 104.7937, 4.790214, 39.66412, -4.946565, 2.717557],
[2073, 4095, 3915, 4095, 4095, 328.6169, 61.18885, 341.4943, 10.77863, 34.07634, -6.648855, 134.0542, 103.6646, 14.06246, -13.59542, -0.5419847, -5.114504],
[2075, 4095, 4023, 4095, 4095, 336.7306, 345.6877, 239.2875, 40.30534, 82.24428, 61.76336, 185.2887, 105.9466, 358.3892, -43.0687, 6.854962, 10.64122],
[2206, 4095, 4071, 4095, 4095, 329.0454, 330.8993, 227.0663, 59.98474, 138.8397, 180.3512, 125.7224, 97.70381, 10.6455, -92.58016, 18.39695, 40.61832],
[2274, 4095, 4049, 4095, 4095, 329.1778, 331.7891, 227.971, -12.46565, -52.67939, -29.9084, 142.7348, 99.80601, 7.44361, 58.43512, -18.33588, -31.48855],
[2207, 4095, 4070, 4095, 4095, 325.9044, 338.5156, 239.7729, -35.73283, -85.92367, -142.5496, 158.4006, 105.2742, 6.090108, 18.85496, 5.587786, -10.78626],
[2107, 4095, 3999, 4095, 4095, 92.65941, 91.6709, 32.50896, 20.61832, 1.381679, -26.31298, 145.4179, 105.8587, 11.01743, -8.175572, -17.56489, 13.80916],
[2096, 4095, 4069, 4095, 4095, 338.9425, 355.1212, 257.5485, 1.961832, 68.1145, 91.29008, 143.5123, 107.661, 13.18748, -32.23664, 6.656488, 1.80916],
[2109, 4095, 4079, 4095, 4095, 331.7858, 321.9388, 214.3334, 119.8244, 103.6641, 42.70229, 172.3022, 99.31883, 1.17783, -85.56489, 6.099236, 70.22138],
[2173, 4095, 4031, 4095, 4095, 333.8572, 330.7158, 221.1116, -60.27481, -68.35114, -30.61069, 188.1708, 102.3693, 358.1016, 88.15268, -15.16031, -30.47328],
[2191, 4095, 3963, 4095, 4095, 320.7348, 335.8397, 241.188, -22.65649, -112.9313, -85.25954, 157.8479, 103.9099, 5.679488, 38.82443, 12.93893, -37.16794],
[2177, 4095, 3919, 4095, 4095, 119.1047, 94.74928, 8.517764, -42.45039, -45.24427, -55.8168, 136.6081, 104.1929, 13.39894, -15.9771, -15.03054, 17.45038],
[2191, 4095, 4043, 4095, 4095, 329.0377, 11.49912, 288.848, 49.54962, 58.48855, 72.73283, 178.268, 104.6697, 0.3444171, -30.32825, 11.38168, 5.145038],
[2171, 4095, 4051, 4095, 4095, 340.0558, 342.9896, 229.8063, 43.771, 156.4886, 82.35114, 129.7375, 98.79849, 10.52632, -85.7939, 5.564886, 26.56489],
[2192, 4095, 4023, 4095, 4095, 335.5009, 348.3072, 245.56, -68.74809, -46.67939, 12.25954, 139.8184, 101.4142, 9.629664, 44.47328, 1.687023, -24.90076],
[2203, 4095, 3999, 4095, 4095, 320.5339, 354.2388, 263.0042, -31.67176, 10.49618, -63.52672, 148.8171, 104.8711, 9.063468, 15.70992, 3.900763, -20.62595],
[2210, 4095, 3985, 4095, 4095, 160.8648, 101.8124, 4.070956, 7.038168, -11.84733, 27.96183, 144.7523, 105.1291, 10.75553, 3.923664, -0.3664122, 10.32061],
[2211, 4095, 4083, 4095, 4095, 319.7158, 8.604882, 280.1819, 137.4886, 156.5802, 103.084, 172.1844, 104.4201, 1.921761, -67.58016, 13.56489, 21.03817],
[2235, 4095, 4045, 4095, 4095, 332.5086, 348.6947, 248.9713, -12.22901, 9.984733, 34.74046, 113.879, 96.83856, 15.18971, 15.91603, 18.10687, -24.62595],
[2201, 4095, 4035, 4095, 4095, 340.2765, 352.3942, 249.5939, 29.41221, 123.3435, 41.70992, 152.9556, 99.98119, 5.068988, -84.58778, 20.87023, 47.83969],
[2160, 4095, 3987, 4095, 4095, 344.5782, 350.2102, 237.9609, 4.206107, -6.08397, -36.74046, 144.6651, 99.29195, 6.566194, 19.98473, 6.587786, 11.45802],
[2112, 4095, 3935, 4095, 4095, 336.3446, 352.8091, 253.9516, -107.6717, -103.5573, -51.67939, 185.3411, 104.1853, 358.5532, 45.49618, -14.8626, -32.87786],
[2097, 4095, 3891, 4095, 4095, 149.1237, 130.221, 26.72794, 3.19084, -87.61069, -72.8626, 159.5117, 107.3042, 6.554896, -10.18321, -11.8855, 39.41221],
[2143, 4095, 3987, 4095, 4095, 329.4923, 3.373091, 275.8103, 136.9008, 175.7252, 58.8855, 221.9548, 110.9052, 340.8594, -38.23664, 19.62595, 26.64886],
[2119, 4095, 3959, 4095, 4095, 327.2819, 351.7019, 257.2039, -54.68702, -13.52672, 67.68702, 147.8364, 99.03841, 5.657343, 49.68702, 7.534351, -13.8626],
[2220, 4095, 3783, 4095, 4095, 338.3359, 334.532, 219.7421, -20.56489, -64.03817, -43.66413, 172.5206, 99.937, 1.223678, 69.41985, -14.74809, -48.30534],
[2165, 4095, 3762, 4095, 4095, 55.74372, 33.1514, 65.93015, 20.09924, -58.20611, -114.7023, 152.4917, 106.1625, 8.508911, -32.0, -6.007634, 33.73283],
[2175, 4095, 3959, 4095, 4095, 320.7278, 9.464307, 281.5891, -1.305344, 106.5038, 56.93893, 197.1195, 107.0954, 354.4698, 21.56489, 3.694656, -14.19084],
[2179, 4095, 4011, 4095, 4095, 351.067, 330.3393, 195.2838, -4.08397, 142.4656, 82.89313, 159.824, 100.9012, 3.971392, -131.9313, 6.78626, 40.76336],
[2107, 4095, 3875, 4095, 4095, 338.4229, 341.1284, 229.0978, -21.99237, -77.15267, -67.16794, 147.3107, 100.0334, 6.421588, 45.77099, -15.83969, -41.38931],
[1986, 4095, 3819, 4095, 4095, 332.8107, 324.7082, 215.8842, -17.40458, -110.1069, -54.46565, 159.3859, 107.1749, 6.546727, 29.71756, 3.977099, 11.00763],
[2065, 4095, 3919, 4095, 4095, 336.028, 60.85152, 346.0964, 19.25954, 53.8168, 20.17557, 140.6997, 104.5065, 11.90318, -9.885496, -2.061069, -1.580153],
[2128, 4095, 4031, 4095, 4095, 338.7317, 344.0032, 233.579, -39.75573, 66.79389, 20.06107, 131.0153, 103.9006, 15.84423, -103.2137, 26.76336, 10.03054],
[2083, 4095, 4043, 4095, 4095, 344.182, 348.2344, 233.6403, 1.40458, -28.46565, -30.64122, 120.8463, 96.21707, 10.35159, 38.9771, 2.610687, 4.274809],
[2213, 4095, 3971, 4095, 4095, 333.9578, 346.4374, 243.6995, -34.64885, -119.9924, -40.58015, 156.6043, 104.2816, 6.208143, 42.51145, -9.694656, -18.47328],
[2235, 4095, 3949, 4095, 4095, 319.6095, 51.51458, 326.0057, 65.78626, -83.16794, -33.60306, 161.35, 105.674, 5.324565, -5.251908, 2.740458, 18.61832],
[2179, 4095, 4055, 4095, 4095, 6.460619, 347.2534, 152.8802, -73.56489, 0.6564885, 27.39695, 166.0919, 107.2267, 4.296095, 4.992366, -5.167939, -7.755725],
[2203, 4095, 4095, 4095, 4095, 354.8792, 341.0907, 194.4559, 53.03053, 169.687, 58.06107, 119.6857, 94.4773, 7.850241, -56.89313, 5.923664, 58.51145],
[2221, 4095, 4095, 4095, 4095, 343.5455, 341.1408, 220.7604, -46.12978, -60.27481, -21.58779, 153.8202, 106.1278, 8.01549, 60.9771, -26.1603, -39.35115],
[2250, 4095, 4095, 4095, 4095, 336.3144, 331.4337, 218.7727, -10.94656, -64.54962, -31.03817, 149.4639, 107.8045, 10.65552, 32.90076, 3.923664, 1.274809],
[2144, 4095, 4087, 4095, 4095, 359.1192, 65.3341, 359.562, 22.33588, 105.084, 41.55725, 159.0869, 109.1253, 7.461507, -3.343511, -11.00763, -6.091603],
[2213, 4095, 4095, 4095, 4095, 326.3884, 354.6126, 261.9297, 76.80153, 47.61832, -28.94657, 180.82, 103.3253, 359.7211, -25.08397, 16.05343, 53.32824],
[2177, 4095, 4095, 4095, 4095, 349.635, 351.4464, 230.5308, -25.81679, -12.22901, 5.839694, 124.8855, 98.95686, 12.72707, 56.47328, 2.778626, 1.091603],
[2187, 4095, 4095, 4095, 4095, 337.5879, 334.1538, 220.3259, -114.9008, -29.0229, -8.007633, 150.6659, 105.0099, 8.499636, 16.58779, -10.54962, -35.76336],
[2167, 4095, 4035, 4095, 4095, 331.4716, 0.6081229, 271.2187, -0.04580153, -98.45038, -84.67175, 153.6354, 104.2113, 7.08198, -20.17557, 5.465649, 18.35878],
[2217, 4095, 4095, 4095, 4095, 354.0158, 349.5913, 209.5231, 21.70992, 39.91603, 49.13741, 159.1119, 107.7794, 6.891772, -7.793893, 1.80916, -11.72519],
[2202, 4095, 4095, 4095, 4095, 344.5413, 351.3959, 241.3205, 41.31298, 125.9542, 18.01527, 127.9546, 102.0139, 15.23187, -64.9542, 30.23664, 16.70992],
[2077, 4095, 4079, 4095, 4095, 341.6348, 344.8906, 230.8248, -34.8168, -16.38168, -14.56489, 146.7481, 104.2582, 9.397352, 55.99237, -21.37405, -25.00763],
[2064, 4095, 4007, 4095, 4095, 331.5629, 332.9797, 226.6474, -29.47328, -115.4885, -53.41221, 183.1091, 105.8242, 359.026, 14.25191, 6.221374, 10.0],
[2151, 4095, 4031, 4095, 4095, 332.8094, 69.28225, 349.0181, -7.824428, 33.9313, 19.33588, 146.9198, 105.4147, 10.11749, -7.496183, -8.580153, -6.351145],
[2167, 4095, 4095, 4095, 4095, 349.9637, 348.3836, 220.6268, 1.458015, 88.01527, 72.9084, 158.7164, 106.4487, 6.47816, -84.0229, 18.55725, 31.49618],
[2186, 4095, 4079, 4095, 4095, 340.4692, 341.689, 226.9185, -56.92367, -14.74809, 13.52672, 104.4678, 96.31882, 23.29053, 23.36641, 10.72519, -49.05344],
[2161, 4095, 3858, 4095, 4095, 343.5266, 342.667, 223.3755, -90.57252, -69.48855, -47.01527, 148.1449, 102.9835, 8.090572, 56.32824, -5.694656, -29.52672],
[2071, 4095, 3879, 4095, 4095, 339.296, 332.4912, 215.8775, -18.59542, -44.28245, -8.465649, 164.0415, 104.6497, 4.187091, -16.51908, 17.39695, 45.76336],
[2137, 4095, 3887, 4095, 4095, 325.8327, 34.41595, 315.3665, 7.389313, 87.50381, 45.76336, 145.6436, 102.7883, 8.761647, 4.374046, 2.412214, -32.03817],
[2161, 4095, 3991, 4095, 4095, 323.463, 343.168, 247.7513, 86.94656, 49.19084, 34.99237, 226.2208, 102.7333, 346.5451, -48.43512, 18.50382, 45.68702],
[2169, 4095, 3965, 4095, 4095, 338.6543, 345.5127, 236.4904, -18.10687, -27.51908, -14.08397, 129.4835, 98.13092, 9.82054, 13.83206, -4.129771, -19.68702],
[2138, 4095, 3839, 4095, 4095, 331.5043, 336.7636, 231.5967, -25.26718, -48.56489, -10.9771, 156.8021, 100.3514, 4.40469, 19.64122, 6.847328, -17.39695],
[2124, 4095, 3851, 4095, 4095, 325.8677, 8.236627, 282.1441, -28.96947, -65.58778, -64.25954, 149.3369, 103.0279, 7.747098, -28.69466, -9.648855, 37.9313],
[2163, 4095, 3935, 4095, 4095, 330.8976, 5.217952, 279.4321, 10.70992, 110.5496, 74.41222, 154.7521, 102.4424, 5.868999, 18.30534, 14.25954, -40.41221],
[2192, 4095, 3975, 4095, 4095, 324.5162, 348.0753, 253.4755, 41.92367, 57.22901, -0.8625955, 174.6763, 100.4695, 0.8886594, -34.0916, 6.396946, 42.08397],
[2090, 4095, 3783, 4095, 4095, 335.8016, 341.2368, 232.8574, -24.18321, -30.19847, -6.59542, 130.738, 98.86383, 10.24006, 24.79389, 4.51145, -14.29771],
[1982, 4095, 3871, 4095, 4095, 336.0338, 337.1257, 226.425, -56.20611, -89.229, -39.44275, 157.0716, 101.2535, 4.738082, 32.31298, -10.78626, -20.13741],
[2096, 4095, 3883, 4095, 4095, 322.0477, 69.20544, 343.5437, -26.87786, -93.17557, -90.21374, 142.8629, 104.2208, 10.80754, -17.68702, -23.64122, 45.59542],
[2160, 4095, 3931, 4095, 4095, 330.0957, 353.738, 259.2086, 41.56488, 52.64885, 48.38932, 178.8718, 107.908, 0.2498257, -5.412214, 2.343511, -42.96184],
[2165, 4095, 4051, 4095, 4095, 340.7043, 352.6209, 249.7257, 95.96183, 92.50381, 2.305344, 166.0144, 102.4031, 3.047404, -46.06107, 6.740458, 45.23664],
[2155, 4095, 3923, 4095, 4095, 339.5914, 347.1088, 238.3739, -18.36641, -42.66412, -31.20611, 157.9871, 100.6859, 4.288978, 54.07634, -7.557252, -20.12977],
[2163, 4095, 4095, 4095, 4095, 339.8375, 345.5687, 234.9337, -4.89313, -11.0916, -23.68702, 126.2331, 96.2069, 8.43988, 24.9771, -7.465649, -2.839695],
[1894, 4095, 3915, 4095, 4095, 328.4378, 338.1977, 236.8739, -38.52672, -47.25954, -35.57252, 166.6935, 103.6845, 3.205357, 37.45802, -6.259542, -16.35878],
[2038, 4095, 3975, 4095, 4095, 313.2071, 51.50028, 319.8292, -56.59542, -115.3664, -74.39695, 137.2717, 105.1191, 13.96189, 5.343512, 1.198473, 31.79389],
[2155, 4095, 4095, 4095, 4095, 343.078, 338.7063, 217.8801, -32.10687, 72.43511, 92.8626, 151.8439, 105.6419, 8.450837, -11.00763, 5.480916, -30.35878],
[2179, 4095, 4095, 4095, 4095, 345.0576, 338.1825, 213.58, 116.8092, 36.52672, 61.93893, 215.1469, 102.4392, 351.0224, -119.1679, -29.41221, 61.9542],
[2064, 4095, 3851, 4095, 4095, 333.6137, 344.2984, 240.4252, -0.7251908, -13.29771, 8.206107, 137.0426, 101.745, 10.91382, 46.12214, 3.496183, -20.45038],
[1930, 4095, 3975, 4095, 4095, 332.4424, 331.3879, 223.6542, -71.35114, -40.70992, -71.16794, 177.4275, 105.3895, 0.5996528, 36.68702, -0.3053435, -1.137405],
[2053, 4095, 3951, 4095, 4095, 128.9506, 107.1877, 20.89211, -34.76336, -47.85496, 0.6564885, 159.5326, 105.6411, 5.882865, 4.580153, -5.900764, 30.09924],
[2143, 4095, 4047, 4095, 4095, 330.4444, 343.3034, 242.0842, 48.40458, 120.0916, 63.64885, 198.7259, 105.8668, 354.3769, -33.61832, 3.091603, 6.236641],
[2147, 4095, 4048, 4095, 4095, 330.6847, 344.6552, 243.9227, -6.694656, 39.43512, 89.35878, 122.2114, 101.5371, 17.93427, -49.14504, 19.42748, 0.3053435],
[2061, 4095, 3887, 4095, 4095, 342.5776, 337.754, 217.4002, -41.35878, -39.0229, -15.51908, 149.8785, 103.3111, 7.750622, 47.46565, -3.984733, -27.78626],
[1799, 4095, 3903, 4095, 4095, 345.5482, 325.1468, 200.1898, -103.0, -103.4198, -78.12214, 149.7043, 106.6782, 9.858164, 24.20611, -12.83206, 20.0],
[1919, 4095, 3859, 4095, 4095, 302.2988, 85.42793, 352.8768, -3.954198, 24.19847, 3.992366, 143.6748, 103.7527, 10.14426, -3.343511, 1.396947, -0.3053435],
[2066, 4095, 4046, 4095, 4095, 328.2605, 352.8058, 258.4678, 50.54199, 142.4275, 91.55725, 206.8081, 102.7986, 353.3209, -50.87786, 5.145038, -3.007634],
[2094, 4095, 4095, 4095, 4095, 336.726, 343.7472, 235.827, -14.63359, 107.5572, 83.58779, 180.472, 101.6566, 359.8209, -64.53435, 8.854961, 28.24427],
[1746, 4095, 3959, 4095, 4095, 330.74, 345.7705, 245.619, -91.60305, -61.33588, -37.65649, 125.1781, 97.96684, 11.22321, 64.32825, 8.137404, -21.68702],
[1866, 4095, 3952, 4095, 4095, 323.0611, 336.8112, 240.2736, 56.93893, -61.16031, -46.45802, 164.365, 104.9757, 4.19246, -4.793893, 7.687023, 4.725191],
[2018, 4095, 3891, 4095, 4095, 314.8349, 66.73881, 336.6884, -51.35115, -23.17557, -30.93893, 148.3117, 102.1046, 7.480769, -17.92366, 4.221374, 15.35878],
[2100, 4095, 4048, 4095, 4095, 349.8864, 338.3377, 204.0385, 34.44275, 139.3206, 89.35115, 160.8291, 105.9509, 5.589774, 7.778626, -2.465649, -13.75573],
[2122, 4095, 4079, 4095, 4095, 335.8326, 329.4814, 217.1923, 45.29008, 51.9313, 22.46565, 195.1081, 100.5248, 357.0248, -88.0687, 28.87786, 82.15267],
[2135, 4095, 3919, 4095, 4095, 341.1498, 336.0553, 217.46, -51.40458, -44.35115, -43.10687, 171.9861, 101.5785, 1.556838, 18.8855, -9.480916, -17.39695],
[2064, 4095, 3923, 4095, 4095, 323.4979, 336.132, 239.0674, -108.9847, -149.5878, -136.3206, 151.5108, 102.5393, 6.816102, 31.94657, -0.09160305, 7.885496],
[2090, 4095, 3887, 4095, 4095, 120.0328, 108.9251, 30.61757, -93.23665, -26.46565, -18.32825, 140.002, 107.9945, 15.18468, 7.442748, -4.877862, 7.862596],
[2141, 4095, 3983, 4095, 4095, 343.0731, 328.2641, 206.0899, 64.40458, 152.1832, 113.084, 162.3665, 107.3981, 5.598681, -77.08397, 13.25191, 14.13741],
[2127, 4095, 3999, 4095, 4095, 336.968, 332.5561, 219.2192, -55.45038, 7.290076, 60.37405, 104.3497, 96.60861, 24.42016, 9.648855, 33.41221, -40.44275],
[2146, 4095, 3967, 4095, 4095, 332.1548, 328.4013, 220.572, -68.32061, -110.7557, -98.47328, 160.3206, 103.5564, 4.847688, 62.44275, -16.92367, -29.68702],
[2122, 4095, 3935, 4095, 4095, 318.1242, 352.5035, 261.6306, -17.78626, -116.1679, -115.1985, 158.1776, 104.9525, 6.024015, -27.51145, 9.480916, 25.20611],
[2151, 4095, 3943, 4095, 4095, 317.063, 29.19766, 301.0722, 7.10687, 47.45039, 75.77863, 137.754, 105.1983, 13.80807, 8.152672, 7.053435, -25.48855],
[2187, 4095, 4019, 4095, 4095, 348.0142, 339.9818, 210.1026, -40.09161, 149.5114, 97.96947, 148.345, 101.6806, 7.203266, -77.92367, 19.21374, 51.75573],
[2181, 4095, 4007, 4095, 4095, 344.6103, 339.2382, 215.8793, -53.29771, -56.1832, -38.52672, 125.4599, 96.26328, 8.759871, 58.08397, 6.328244, -34.54199],
[2086, 4095, 3986, 4095, 4095, 328.946, 336.8949, 234.6223, -88.40458, -117.1145, -87.07633, 147.4806, 103.6154, 8.715895, 7.908397, -0.259542, -2.770992],
[2074, 4095, 3923, 4095, 4095, 307.3255, 58.46977, 321.2761, -15.47328, -102.1527, -98.14504, 151.6175, 104.8425, 8.078086, -6.473282, -1.465649, 22.41221],
[2160, 4095, 3991, 4095, 4095, 349.6046, 352.1383, 233.0124, 11.0687, 69.28244, 59.80917, 150.2828, 104.752, 8.479171, 2.603053, 7.160306, -11.51908],
[2225, 4095, 4031, 4095, 4095, 349.3051, 341.9252, 209.9224, 93.45801, 144.9618, 62.32824, 132.0056, 95.84559, 6.469526, -101.0458, 8.648855, 40.41221],
[2177, 4095, 3989, 4095, 4095, 341.795, 345.621, 232.0138, -47.45039, -45.17557, -14.21374, 154.1698, 100.0001, 4.811949, 28.12214, 3.251908, -21.19847],
[2061, 4095, 3918, 4095, 4095, 331.2239, 342.1243, 239.5326, -47.03053, -128.9466, -89.44275, 171.8936, 101.8663, 1.618601, 19.72519, -16.77863, 15.89313],
[2177, 4095, 3975, 4095, 4095, 324.4286, 49.04079, 328.2439, 7.442748, 74.0458, 62.05344, 156.3128, 106.3689, 7.263417, -5.076336, 12.9542, -19.9542],
[2192, 4095, 4035, 4095, 4095, 330.2823, 343.2093, 242.0989, -7.045802, 122.3359, 83.45038, 199.5388, 104.2556, 354.7295, -19.43511, -2.59542, 31.12977],
[2192, 4095, 4003, 4095, 4095, 338.0042, 342.5695, 232.0889, 6.748092, 17.29008, 13.70229, 105.3892, 93.76015, 13.5552, 5.08397, 6.206107, 4.992366],
[2193, 4095, 3902, 4095, 4095, 328.0893, 332.2797, 229.7728, -3.908397, -110.4733, -87.52672, 157.6783, 101.3873, 4.652999, 56.72519, -19.78626, -11.33588],
[2186, 4095, 3888, 4095, 4095, 322.2047, 336.9251, 241.1649, 1.625954, -81.78626, -51.0687, 164.2166, 102.5259, 3.508052, -2.091603, 5.732824, 27.23664],
[2221, 4095, 3895, 4095, 4095, 325.6243, 7.69636, 281.2619, -42.59542, 32.74809, 55.0458, 158.2944, 104.5092, 5.802085, 15.87786, -8.465649, -29.9771],
[2193, 4095, 3955, 4095, 4095, 330.4205, 343.1625, 241.8954, 78.80153, 116.6718, 89.59542, 142.4416, 101.4457, 8.798396, -55.1145, 23.64122, 40.90076],
[2211, 4095, 3835, 4095, 4095, 335.3673, 345.6456, 240.8023, -30.70229, -25.06107, -11.16794, 132.0462, 97.57037, 8.361314, 52.8168, -8.587787, -4.267176],
[2081, 4095, 3793, 4095, 4095, 317.9917, 345.7027, 254.1649, -79.41985, -46.19848, -86.58015, 162.7267, 103.9929, 4.345768, 34.51909, 5.709924, -11.82443],
[2096, 4095, 3857, 4095, 4095, 313.0239, 76.86985, 346.0245, -37.90076, -45.41221, -98.91603, 134.0062, 103.8414, 14.26721, -7.19084, -2.496183, -1.70229],
[2154, 4095, 3984, 4095, 4095, 347.9786, 341.5384, 212.4098, -15.23664, 31.68702, 51.80916, 149.2371, 106.1881, 9.734857, -13.45802, 3.877863, 5.641222],
[2190, 4095, 4003, 4095, 4095, 333.5038, 356.5125, 263.0672, 13.51908, 137.9084, 43.40458, 133.5387, 101.0616, 11.59044, -91.07634, 7.740458, 24.9313],
[2003, 4095, 4023, 4095, 4095, 339.5115, 356.423, 260.5681, 90.64122, 157.6565, 54.04581, 180.9828, 100.2599, 359.7416, -105.1221, 19.24427, 17.24427],
[1966, 4095, 3984, 4095, 4095, 337.3317, 357.8718, 264.9822, -52.05344, -70.0687, -61.94656, 135.7826, 100.2392, 9.932155, 36.55725, 7.29771, -32.54962],
[1950, 4095, 3951, 4095, 4095, 327.8599, 357.4645, 265.9895, -14.50382, -75.47328, -67.51145, 181.4079, 104.8805, 359.538, 27.87786, 6.305344, 18.62595],
[2106, 4095, 3899, 4095, 4095, 295.1121, 64.36517, 314.4583, -10.9313, 55.66412, 45.87023, 147.6042, 103.5795, 8.651208, -11.45038, -6.770992, -25.35115],
[2148, 4095, 4063, 4095, 4095, 322.5135, 22.03703, 297.9189, 110.0458, 166.5573, 81.00764, 168.6012, 101.9717, 2.356971, -78.39695, 29.03817, 64.94657],
[2115, 4095, 3967, 4095, 4095, 340.9838, 355.4973, 257.1914, -37.42748, -6.832061, -31.58015, 136.6491, 97.52295, 7.074944, 90.24428, 0.2137404, 6.732824],
[1997, 4095, 3921, 4095, 4095, 325.384, 346.9929, 251.4714, -36.77099, -44.9313, -51.67176, 147.0191, 100.3637, 6.711961, 30.07634, 2.419847, -29.67939],
[1994, 4095, 3911, 4095, 4095, 323.9748, 33.52661, 312.4344, -47.35878, -45.71756, -74.13741, 135.1437, 103.1948, 13.08791, -8.061069, -5.419847, 14.15267],
[2113, 4095, 4082, 4095, 4095, 321.5309, 48.14371, 324.6374, -5.59542, 12.0229, 77.55725, 144.9826, 105.3894, 10.85393, -5.496183, -11.37405, -15.45038],
[2130, 4095, 4095, 4095, 4095, 335.0543, 340.8139, 233.1457, 4.648855, 138.4122, 96.1145, 153.5271, 103.3769, 6.682999, -96.31298, 32.78626, 44.98474],
[2047, 4095, 4095, 4095, 4095, 336.2439, 342.3342, 234.0596, -29.64886, -49.41221, -24.79389, 123.5819, 99.59971, 14.28045, 24.71756, -5.251908, -6.312977],
[1887, 4095, 4051, 4095, 4095, 327.8282, 326.0277, 222.9557, -65.31298, -131.7939, -101.8244, 184.1396, 104.3702, 358.8463, 29.9771, 12.35114, 0.961832],
[2043, 4095, 4021, 4095, 4095, 106.0056, 98.03127, 26.21766, 6.129771, 6.427481, 2.740458, 140.6279, 102.6105, 10.35253, 20.73282, -9.580153, 12.50382],
[2109, 4095, 4095, 4095, 4095, 332.9682, 347.4676, 246.439, 3.916031, -62.8626, 17.92366, 199.0752, 106.0732, 354.1894, -40.52672, 2.862595, 21.94657],
[2147, 4095, 4095, 4095, 4095, 339.9276, 344.9247, 233.5572, 30.18321, 26.83969, 37.25954, 119.6684, 98.73485, 15.0962, -49.41221, 3.259542, -8.59542],
[2237, 4095, 4095, 4095, 4095, 334.5142, 328.748, 218.0634, -101.0076, -20.16794, 42.37405, 151.0836, 100.6599, 5.873166, 65.49619, 0.3282443, -31.94657],
[2090, 4095, 4057, 4095, 4095, 338.6515, 346.402, 238.2158, 22.12977, -87.70229, -73.06107, 135.2449, 105.3136, 15.14079, 8.450381, -18.0, 15.9084],
[2170, 4095, 4079, 4095, 4095, 329.8051, 28.52641, 313.1634, -28.92366, 8.656488, 10.60305, 135.3997, 108.1234, 17.83318, 9.702291, -13.69466, -23.29771],
[2159, 4095, 4095, 4095, 4095, 328.9161, 341.4251, 240.8186, 21.48855, 127.5115, 94.7481, 158.0396, 103.9458, 5.639638, -108.7023, 32.84733, 55.45038],
[2038, 4095, 3955, 4095, 4095, 332.1954, 342.0614, 238.409, -17.51145, -54.83206, -12.67939, 179.3332, 101.0765, 0.02489104, 90.29008, -7.847328, -14.17557],
[2003, 4095, 3935, 4095, 4095, 342.9031, 329.6865, 207.6383, -31.91603, -81.87786, -35.8855, 147.5131, 107.9353, 11.57612, -3.129771, -0.3282443, -11.24428],
[2042, 4095, 3887, 4095, 4095, 148.7086, 120.7375, 19.78332, 5.679389, -31.09924, -57.42748, 126.6756, 105.058, 19.82444, 22.58015, -8.954199, 6.412214],
[2111, 4095, 3991, 4095, 4095, 325.8599, 357.8017, 266.7759, 95.74046, 118.9771, 46.64122, 184.0339, 105.5339, 358.784, -55.0458, 2.282443, 34.0687],
[2115, 4095, 3987, 4095, 4095, 342.9751, 337.4854, 216.3556, 38.73283, 80.23664, 62.80916, 122.6594, 99.71838, 14.94939, -58.38168, 12.43512, 1.10687],
[2094, 4095, 3871, 4095, 4095, 330.347, 335.6562, 231.4614, -56.28244, 59.82443, -6.221374, 126.4592, 98.35547, 11.23117, 41.92367, -1.793893, -56.26718],
[2082, 4095, 3863, 4095, 4095, 347.6052, 339.2406, 209.9794, -7.122138, -87.59542, -74.32825, 138.7936, 104.9379, 13.09658, -26.71756, 5.664122, 28.44275],
[2113, 4095, 3999, 4095, 4095, 327.3612, 22.86098, 303.47, -10.54199, 71.26718, 60.21374, 130.1527, 104.6216, 17.14278, -2.374046, -3.916031, -20.18321],
[2166, 4095, 4030, 4095, 4095, 329.6743, 351.4035, 255.5074, 100.5496, 171.0, 80.83206, 160.8425, 100.0081, 3.431467, -69.94657, 24.84733, 70.77863],
[2148, 4095, 3703, 3888, 4095, 336.0601, 352.1168, 252.6921, -34.38931, -32.8855, -13.58015, 142.3693, 98.48775, 6.51857, 9.412213, -8.824428, -6.862596],
[2086, 4095, 3719, 3959, 4095, 328.6362, 342.1997, 242.1802, -82.29008, -94.72519, -48.20611, 164.0064, 104.6295, 4.190889, 34.62595, 4.748092, -10.45038],
[2111, 4095, 3805, 4095, 4095, 316.1727, 74.04932, 344.71, -39.67939, -57.10687, -70.34351, 128.2803, 104.2486, 17.79973, -4.458015, -3.022901, 7.450382],
[2096, 4095, 4043, 4095, 4095, 343.0705, 348.0659, 235.1924, 6.526718, 69.64122, 75.24428, 152.6422, 104.737, 7.678641, -11.34351, -2.038168, -6.679389],
[2109, 4095, 4095, 4095, 4095, 341.381, 334.702, 215.3837, 39.52672, 164.3588, 88.8855, 178.2754, 97.7982, 0.1367641, -80.771, 11.14504, 50.40458],
[1959, 4095, 3991, 4095, 4095, 331.851, 342.1504, 238.9138, -29.03053, -98.53435, -18.13741, 158.9882, 101.5348, 4.405933, 68.68702, -12.31298, -43.38932],
[1936, 4095, 3974, 4095, 4095, 316.8286, 358.5236, 268.4203, -20.85496, -180.0076, -119.2214, 174.9798, 104.9857, 1.242448, 14.76336, -8.488549, 39.86259],
[1963, 4095, 3919, 4095, 4095, 325.3346, 65.65263, 342.6638, -9.687023, 69.73283, 64.18321, 151.5501, 107.4363, 9.583694, 0.1526718, 2.671756, -25.46565],
[2039, 4095, 4047, 4095, 4095, 320.4057, 8.486465, 280.2884, 151.0763, 130.9618, 40.19084, 187.1257, 101.4491, 358.4579, -39.06107, 18.84733, 48.38168],
[2059, 4095, 4016, 4095, 4095, 332.3905, 349.4022, 250.3059, -35.58779, -51.12978, -23.43511, 144.1821, 97.17079, 5.142924, 94.87786, -9.648855, -38.43512],
[2045, 4095, 3991, 4095, 4095, 329.4058, 339.4255, 237.5384, -103.8092, -97.19085, -67.36641, 165.9286, 106.617, 4.184605, 35.52672, -3.351145, -19.38168],
[2058, 4095, 3955, 4095, 4095, 311.6966, 30.39919, 297.6647, -63.00764, -87.03817, -69.23664, 143.2022, 105.4202, 11.59868, 5.641222, 2.21374, 15.81679],
[2115, 4095, 4071, 4095, 4095, 322.5782, 359.0127, 268.7201, -2.320611, 15.19847, 12.58015, 168.5633, 107.9841, 3.658109, -9.038168, -8.969465, -17.80153],
[2112, 4095, 4087, 4095, 4095, 346.0737, 342.9505, 218.8596, 67.1145, 181.626, 88.73282, 138.7572, 101.8648, 10.39122, -88.31298, 27.0458, 39.53435],
[2061, 4095, 3967, 4095, 4095, 334.0064, 345.0521, 241.2644, -51.1374, -51.41222, -21.93893, 135.0994, 100.5825, 10.51031, 60.60306, -8.671756, -32.68702],
[2074, 4095, 3895, 4095, 4095, 335.6257, 334.7387, 223.7591, -39.07634, -100.0382, -102.313, 165.1577, 105.7004, 4.16914, 2.709924, 0.8549618, 5.389313],
[2099, 4095, 3934, 4095, 4095, 318.0628, 64.2643, 336.6478, 8.511451, 67.03053, 40.41221, 145.3932, 106.0998, 11.20029, -11.56489, -6.824428, -20.37405],
[2103, 4095, 4049, 4095, 4095, 341.3724, 347.6554, 236.9759, 97.64886, 143.0992, 71.09161, 175.306, 104.3676, 1.100711, -70.32825, 13.55725, 34.91603],
[2085, 4095, 4007, 4095, 4095, 341.9785, 343.4562, 227.5365, 5.709924, 17.30534, 30.98473, 112.1853, 97.53558, 18.00217, -34.49618, -1.473282, -7.709924],
[2106, 4095, 3965, 4095, 4095, 331.6089, 334.9265, 229.0519, -167.0, -35.0229, 22.54199, 126.674, 102.0033, 15.90819, 45.01527, 6.351145, -69.01527],




