[1543, 4095, 2287, 2183, 1966, 305.5609, 52.98436, 313.571, -13.23664, -31.68702, -23.22138, 180.7202, 110.8336, 359.6302, -17.03817, -14.0916, 27.68702],
[1518, 4095, 2299, 2151, 1974, 331.0698, 45.60389, 331.651, 19.54198, -27.19847, -16.0916, 183.7061, 113.5637, 358.2764, 57.34351, -7.587786, -34.98473],
[1577, 4095, 2299, 2181, 1993, 281.9942, 76.55586, 311.9209, 5.167939, -12.92366, 6.954198, 200.0371, 108.6035, 352.8738, 3.877863, -14.74046, -5.984733],
[1563, 4095, 2320, 2182, 2038, 319.7154, 39.42602, 314.2179, 14.55725, 9.0, 41.44275, 188.2053, 109.7683, 356.9264, -13.9084, 41.8855, -45.54962],
[1568, 4095, 2349, 2225, 1991, 307.3629, 38.83048, 301.6487, -4.877862, 18.58015, -15.22138, 169.6158, 104.2865, 2.5761, 17.87023, -27.53435, -3.427481],
[1644, 4095, 2352, 2255, 1975, 302.1825, 29.2311, 289.4438, -58.49618, 78.75572, -57.28244, 160.6954, 104.3428, 5.035367, -49.81679, -7.862596, 20.74046],
[1595, 4095, 2352, 2253, 1917, 324.8346, 26.28276, 305.1341, -14.41221, 11.67939, -6.923664, 147.3898, 105.8776, 10.24762, -19.9084, 17.08397, 6.832061],
[1569, 4095, 2379, 2257, 1937, 311.8891, 32.54644, 299.8621, 17.68702, -87.8168, -31.89313, 204.828, 104.6268, 352.9853, -17.77863, -3.236641, 60.22138],
[1553, 4095, 2359, 2160, 1954, 314.8824, 50.40469, 320.3759, 6.351145, -22.71756, -28.53435, 202.0031, 107.3158, 352.6905, -3.099237, -8.427481, 3.091603],
[1554, 4095, 2347, 2178, 1951, 324.9222, 37.26685, 317.3905, 109.7176, -16.64122, 44.20611, 186.8186, 112.7484, 357.0201, 81.28244, -19.74046, -24.39695],
[1565, 4095, 2381, 2178, 1963, 316.9022, 60.83283, 332.4968, -14.82443, 10.54199, 13.71756, 205.2716, 106.3161, 351.9977, -16.21374, 0.870229, -40.89313],
[1584, 4095, 2405, 2215, 1962, 317.8191, 41.07505, 313.9757, 21.79389, 75.92367, 72.33588, 156.457, 102.8064, 5.581823, -17.41985, 33.83206, -26.51908],
[1584, 4095, 2423, 2207, 1936, 307.4364, 35.30766, 298.5359, -19.12977, 19.54962, -29.67939, 158.2636, 106.2107, 6.529855, -16.80916, -24.54199, 5.351145],
[1613, 4095, 2411, 2224, 1942, 334.7692, 21.9957, 310.7483, -45.32825, 60.03053, -87.07633, 153.6483, 107.3118, 8.700253, -54.60306, -14.43511, 39.92367],
[1615, 4095, 2397, 2251, 1930, 313.027, 37.50391, 305.6977, -17.40458, -59.12214, 6.80916, 148.6288, 103.8095, 8.458979, -2.496183, 1.290076, -4.526718],
[1557, 4095, 2435, 2226, 1965, 301.8135, 67.28764, 326.1082, -26.75573, -62.8626, -73.46565, 181.2057, 107.0236, 359.5401, -14.61069, -23.8397, 75.15267],
[1590, 4095, 2439, 2217, 1947, 334.3036, 58.09663, 343.3582, 10.45038, -9.167939, 15.03817, 195.7921, 107.7764, 354.7014, 40.38168, 13.77099, -29.9084],
[1629, 4095, 2415, 2233, 1956, 286.7348, 73.31126, 315.2989, 71.82443, -1.229008, 34.49618, 201.1583, 106.7834, 353.2156, 58.25954, -13.80916, -10.54199],
[1600, 4095, 2467, 2234, 1968, 325.8585, 61.05673, 339.4923, -5.557252, 20.38931, 49.25191, 188.5732, 109.514, 356.8346, -12.43512, 22.61069, -20.9084],
[1591, 4095, 2490, 2155, 1967, 317.3993, 33.11356, 305.4344, 1.717557, 70.18321, 35.31298, 144.6143, 104.2467, 10.16389, -26.54198, 36.48092, -31.83206],
[1622, 4095, 2457, 2263, 1966, 300.4421, 28.00516, 287.3928, -26.57252, 25.15267, -33.46565, 163.4622, 105.531, 4.629024, -21.45038, -18.76336, 7.442748],
[1607, 4095, 2457, 2256, 1952, 336.3934, 27.1817, 319.7313, -38.15267, 38.46565, -37.28245, 142.1782, 104.9807, 11.67782, -44.41221, 6.427481, 19.29771],
[1566, 4095, 2451, 2251, 1915, 308.2266, 37.26589, 301.0087, 3.259542, -53.21374, -59.48855, 160.5355, 103.4746, 4.759216, -2.19084, -5.068702, 12.33588],
[1553, 4095, 2453, 2243, 1940, 283.6264, 82.39154, 331.4804, -30.67939, -26.58015, -37.07634, 192.8302, 108.3101, 355.5772, -11.28244, -20.9542, 47.19084],
[1516, 4095, 2437, 2131, 1945, 320.0351, 67.41006, 340.8296, 51.58779, -16.87023, 38.51145, 187.4053, 107.692, 357.5239, 44.01527, 17.35114, -26.8626],
[1552, 4095, 2463, 2159, 1936, 276.5709, 81.9814, 309.8135, 38.0229, -8.038168, 14.23664, 199.9376, 107.5438, 353.3329, 49.57252, -19.25191, -2.618321],
[1553, 4095, 2445, 2141, 1966, 316.0578, 58.6463, 329.6562, -8.061069, 31.46565, 53.0, 183.7175, 108.2035, 358.6793, -0.5648855, 21.63359, -34.43512],
[1569, 4095, 2451, 2161, 1967, 308.427, 36.71959, 300.6896, -12.99237, 21.83206, 28.9313, 148.3536, 105.1816, 9.427967, 8.908397, 3.984733, -13.46565],
[1513, 4095, 2460, 2186, 1959, 296.2072, 36.92699, 290.3483, -46.82443, 32.0229, -34.0, 166.9264, 103.9323, 3.205863, -25.38168, -2.374046, 0.007633588],
[1520, 4095, 2448, 2189, 1969, 329.7564, 23.72524, 307.1314, -45.77099, 33.61832, -6.832061, 146.9227, 104.0304, 9.182199, -47.39695, 12.33588, 11.36641],
[1565, 4095, 2448, 2163, 1945, 306.034, 37.94127, 299.6309, 42.99237, -91.38167, -138.5343, 174.9671, 101.7415, 0.9486192, -20.49618, -5.396946, 24.34351],
[1579, 4095, 2467, 2175, 1953, 294.7553, 71.89013, 324.8106, -38.61832, -33.96183, -30.43511, 178.7947, 108.6352, 0.2907416, -1.229008, -19.84733, 43.67939],
[1578, 4095, 2480, 2153, 1978, 327.0044, 58.4378, 338.306, 102.4733, -16.41985, 14.56489, 208.0532, 110.0097, 348.8692, 54.51909, -6.908397, -27.64122],
[1595, 4095, 2475, 2147, 1984, 285.3122, 77.46927, 321.1968, 3.656489, -10.0, 7.748092, 211.3654, 109.0226, 347.9768, 13.0, -1.610687, -12.33588],
[1584, 4095, 2481, 2159, 1979, 301.5957, 37.52767, 295.3498, 38.58016, 108.4275, 108.1069, 184.9265, 108.094, 358.2883, -1.083969, 30.79389, -38.37405],
[1594, 4095, 2462, 2174, 2006, 311.1626, 42.31148, 308.5997, -29.07634, 8.305344, 10.66412, 158.7322, 104.8725, 5.820993, -0.4961832, -1.687023, -2.122137],
[1559, 4095, 2480, 2189, 2003, 305.189, 21.02218, 285.1968, -43.771, 68.25954, -66.66412, 155.3895, 102.5838, 5.765869, -30.91603, -8.175572, 25.30535],
[1568, 4095, 2471, 2182, 1955, 307.5995, 26.69257, 291.2189, 3.557252, -20.8397, -26.31298, 154.4241, 102.3761, 5.924423, -15.08397, 0.5725191, 2.19084],
[1572, 4095, 2467, 2207, 1966, 299.5994, 45.28898, 299.9247, -23.29771, -59.17557, -79.51145, 194.6803, 106.79, 355.3668, -24.56489, -28.0687, 69.03817],
[1542, 4095, 2439, 2159, 1963, 313.6308, 51.94452, 320.6952, 12.43512, -0.7328244, 19.55725, 194.8548, 108.3581, 354.8533, 25.51145, 5.320611, -19.00763],
[1551, 4095, 2487, 2167, 1982, 281.0746, 72.33311, 301.8032, 71.89313, -44.80917, 23.52672, 199.52, 106.9632, 353.7049, 55.13741, -16.84733, -24.12977],
[1564, 4095, 2474, 2163, 1990, 299.3154, 44.71993, 299.1514, -11.0458, 13.8855, 37.96947, 178.703, 108.6611, 0.322436, -2.137405, 15.9771, -42.67939],
[1563, 4095, 2480, 2160, 1984, 314.4567, 20.44288, 290.1525, 27.83206, 59.83206, 37.68702, 160.1746, 106.9891, 6.200151, -7.076336, 10.0916, -29.32061],
[1548, 4095, 2507, 2162, 2000, 301.2497, 17.01023, 280.5318, -29.44275, 54.21374, -50.93893, 148.5447, 106.0774, 9.930857, -29.49618, -18.25191, 13.42748],
[1564, 4095, 2479, 2162, 1979, 318.4443, 16.29799, 288.3245, -27.24427, 40.72519, -31.03817, 146.3756, 104.3945, 9.623721, -51.34351, 4.282443, 22.1145],
[1557, 4095, 2479, 2162, 1968, 307.1307, 24.94969, 289.453, 11.10687, -35.96947, -63.78626, 166.0348, 103.3986, 3.300987, -4.725191, -13.14504, 20.0229],
[1570, 4095, 2483, 2185, 1997, 305.8166, 45.05798, 305.9553, -17.16794, -65.87786, -69.19084, 188.1945, 109.2461, 357.0157, -10.12977, -22.24427, 48.64885],
[1566, 4095, 2463, 2175, 1993, 330.1331, 49.11657, 333.6314, 76.39695, -52.27481, 44.74046, 201.5878, 113.7769, 349.9698, 31.8855, 3.870229, -25.56489],
[1433, 4095, 2127, 2163, 1741, 317.1556, 35.86236, 308.0218, 28.42748, 93.43512, 87.82443, 178.7974, 109.654, 0.3122583, -5.08397, 25.87786, -37.61832],
[1465, 4095, 2143, 2229, 1750, 319.8172, 24.79875, 298.7699, 1.923664, 27.0458, 28.78626, 139.971, 103.7648, 11.57577, 6.89313, 7.358778, -12.74809],
[1424, 4095, 2169, 2231, 1779, 318.5164, 11.19475, 282.6764, -24.67175, 40.44275, -80.61069, 154.5622, 103.3329, 6.35921, -34.06107, -20.55725, 22.0229],
[1419, 4095, 2162, 2269, 1757, 335.1448, 19.4075, 307.4076, 9.671756, 14.41221, -5.603054, 152.9353, 104.6586, 7.540579, -25.54962, 6.419847, 0.389313],
[1425, 4095, 2183, 2274, 1781, 315.7576, 35.594, 306.3999, -26.13741, -73.25954, -53.65649, 168.0207, 104.3286, 3.008879, -24.0229, -21.09924, 77.67939],
[1481, 4095, 2194, 2273, 1797, 335.8212, 57.34983, 343.9824, -28.70229, 6.290076, -6.541985, 196.1871, 110.0224, 353.8391, 10.34351, -10.15267, -5.351145],
[1472, 4095, 2221, 2261, 1794, 311.8504, 51.11087, 318.0858, 90.43511, -36.54198, 39.45802, 188.9559, 111.6102, 356.3162, 79.61833, -10.10687, -27.51145],
[1445, 4095, 2224, 2218, 1787, 316.3876, 62.48982, 333.6828, -1.419847, 21.51145, -12.43512, 183.7296, 112.5613, 358.3449, 2.496183, -3.633588, -25.70992],
[1467, 4095, 2256, 2245, 1833, 320.7743, 38.91833, 314.7773, 9.480916, 74.73283, 75.36641, 173.7583, 109.6944, 2.132556, -13.90076, 31.0458, -13.87786],
[1497, 4095, 2273, 2269, 1819, 309.9798, 31.75389, 297.4963, -11.76336, 6.977099, -15.69466, 158.5354, 108.4607, 7.392831, -14.33588, -6.137404, -11.72519],
[1494, 4095, 2305, 2259, 1856, 340.3922, 9.424306, 295.2083, -43.13741, 54.07634, -63.46565, 166.0125, 110.3595, 5.182774, -39.16794, -6.732824, 27.86259],
[1518, 4095, 2295, 2303, 1840, 321.8224, 33.79951, 310.5053, -11.98473, -16.89313, -3.748092, 167.5995, 106.4524, 3.619488, -24.12977, -1.366412, 20.22901],
[1520, 4095, 2325, 2307, 1865, 291.7661, 74.05811, 324.6022, -43.44275, -53.35878, -42.08397, 193.8828, 109.4899, 354.8839, -13.09924, -9.778625, 44.94657],
[1517, 4095, 2333, 2281, 1850, 349.1543, 41.19865, 347.7003, 41.80152, -49.03817, -18.59542, 192.1584, 111.887, 354.9352, 49.21374, 4.534351, -39.29008],
[1509, 4095, 2345, 2310, 1872, 295.6705, 65.10335, 316.1359, 40.55725, -9.572519, 15.65649, 196.9551, 109.1833, 353.823, 31.13741, -9.099236, -6.610687],
[1504, 4095, 2299, 2303, 1869, 320.1547, 24.69958, 298.95, 4.877862, 66.55725, 73.21374, 187.5632, 111.8544, 356.8423, -7.450382, 25.67176, -30.89313],
[1516, 4095, 2322, 2338, 1859, 323.0492, 24.07152, 300.8036, -25.58015, 7.29771, 5.007634, 160.9714, 105.5334, 5.391015, -9.137404, 5.610687, -16.03053],
[1530, 4095, 2327, 2370, 1851, 315.5777, 16.94439, 287.3295, -38.28244, 35.07634, -66.00764, 166.6633, 103.2592, 3.107446, -46.25191, -15.54199, 22.64122],
[1493, 4095, 2343, 2371, 1865, 330.0637, 20.878, 303.6448, -5.839694, 13.48092, -20.74809, 161.8025, 104.9727, 4.939191, -21.49618, 10.18321, -1.564886],
[1524, 4095, 2355, 2384, 1872, 309.5463, 30.56665, 296.0626, -14.05344, -71.58016, -42.98473, 195.8975, 106.4214, 355.0866, -20.11451, 1.755725, 69.24428],
[1520, 4095, 2395, 2337, 1875, 318.6943, 63.79395, 336.6749, 7.992366, -8.702291, -6.763359, 200.076, 106.216, 353.8097, 6.442748, 1.564886, -5.80916],
[1479, 4095, 2405, 2335, 1891, 297.7126, 58.14102, 310.3171, 80.60306, -11.29008, 79.1145, 186.2156, 108.9435, 357.7572, 69.09161, -3.122137, -2.954198],
[1424, 4095, 2468, 2268, 1872, 305.773, 68.99499, 332.0465, -37.35878, -29.22901, -12.1374, 178.2348, 107.7116, 0.4504022, -3.664122, 1.152672, -17.99237],
[1451, 4095, 2467, 2283, 1878, 315.8384, 42.00961, 312.9328, 42.54962, 102.7023, 65.08397, 165.4777, 104.6311, 3.77863, 1.732824, 15.51145, -22.31298],
[1498, 4095, 2448, 2355, 1885, 300.5862, 43.82579, 299.6419, -19.78626, 4.129771, -19.39695, 158.7491, 104.5345, 5.677275, -17.26718, -12.09924, 12.1603],
[1533, 4095, 2448, 2341, 1892, 312.8758, 44.75168, 312.7159, -35.56489, 65.32825, 0.5648855, 163.3442, 103.4685, 4.01299, -52.61832, -14.99237, 18.79389],
[1515, 4095, 2403, 2347, 1920, 316.5382, 36.94321, 308.5196, -0.6641222, -26.01527, -28.16794, 160.3806, 104.7527, 5.279688, -11.98473, -2.526718, 3.48855],
[1507, 4095, 2457, 2339, 1909, 306.1931, 62.09441, 324.2041, -0.9312977, -18.24428, -27.51908, 201.9412, 107.6991, 352.5449, -29.58015, -33.84733, 81.60305],
[1523, 4095, 2451, 2221, 1914, 317.9059, 66.48418, 338.6006, 13.47328, -5.526718, -7.312977, 205.2731, 110.0243, 350.0952, 8.259542, 5.603054, -13.29008],
[1498, 4095, 2435, 2224, 1919, 280.67, 80.05198, 317.4252, 125.8168, -15.98473, 14.77099, 201.0159, 111.4192, 351.2943, 68.32825, -22.74046, -18.01527],
[1499, 4095, 2471, 2171, 1920, 329.0366, 61.12117, 341.7296, -4.244275, 24.44275, 31.20611, 192.6329, 112.1521, 354.6669, -9.732824, 12.42748, -22.64122],
[1497, 4095, 2479, 2231, 1909, 322.5034, 24.71213, 301.053, 48.18321, 101.1985, 55.73283, 177.6472, 108.7634, 0.6855829, -23.90076, 23.81679, -30.77099],
[1498, 4095, 2487, 2257, 1907, 303.1291, 33.76652, 293.6296, -29.08397, 17.78626, -36.09924, 162.5028, 106.4685, 5.235889, -20.31298, -10.28244, 1.030534],
[1483, 4095, 2463, 2263, 1911, 342.8418, 33.72725, 335.2762, -30.45802, 37.74809, -37.56489, 159.4009, 104.0455, 5.291273, -52.70229, 11.77099, 34.29008],
[1515, 4095, 2471, 2353, 1915, 310.0474, 39.88127, 305.1618, -4.854962, -31.10687, -17.0687, 181.4474, 102.0638, 359.6068, -13.58015, -9.854961, 17.25954],
[1526, 4095, 2480, 2337, 1925, 287.5934, 83.69313, 341.035, -19.68702, -36.96947, -26.12977, 189.8809, 108.3664, 356.5827, -21.42748, -1.038168, 50.80153],
[1547, 4095, 2451, 2319, 1932, 324.9927, 63.16814, 340.5379, 40.8397, -33.38168, -11.03817, 197.1577, 108.9504, 353.8264, 57.16794, -11.45038, -25.03817],
[1522, 4095, 2475, 2333, 1932, 275.3204, 86.26729, 325.8934, 36.1603, -20.46565, 48.74809, 213.9248, 107.6333, 347.7741, 40.9542, -7.175572, -5.877862],
[1531, 4095, 2477, 2303, 1927, 302.5238, 55.97847, 313.4696, -20.33588, 36.29771, 66.09924, 181.41, 106.6919, 359.4866, -15.30534, 27.99237, -53.65649],
[1519, 4095, 2480, 2335, 1933, 306.3977, 43.29634, 304.8657, -3.854962, 29.42748, 29.87023, 150.0126, 104.2344, 8.26108, 4.320611, 20.74809, -32.80916],
[1523, 4095, 2476, 2345, 1936, 299.409, 36.13115, 292.4205, -39.73283, 63.07634, -41.59542, 154.7347, 103.3433, 6.314633, -42.77099, -8.40458, 27.12214],
[1518, 4095, 2483, 2355, 1915, 319.481, 27.95632, 301.9289, -18.09924, 18.96183, -11.05344, 154.1563, 105.1218, 7.382571, -15.79389, 4.564886, 13.17557],
[1520, 4095, 2483, 2369, 1917, 304.8015, 36.4573, 297.2469, -38.58016, -40.13741, -23.8397, 177.6963, 103.9233, 0.4642002, -22.49618, 3.015267, 22.33588],
[1547, 4095, 2480, 2371, 1931, 286.771, 78.48295, 326.1892, -17.19847, -40.33588, -40.46565, 185.5379, 105.5837, 358.3555, -23.49618, -14.12977, 20.96183],
[1527, 4095, 2411, 2359, 1942, 328.8685, 54.90729, 337.0594, 91.1145, -72.92367, 32.50382, 192.9415, 111.0376, 354.8312, 52.35878, 1.022901, -22.16794],
[1527, 4095, 2338, 2320, 1927, 277.687, 80.00228, 307.8709, 31.70229, -4.061069, 1.816794, 213.5159, 106.3134, 348.8759, 22.58015, -15.99237, -19.72519],
[1522, 4095, 2415, 2275, 1922, 301.0602, 58.58722, 314.7103, 8.198473, 25.67939, 16.0687, 182.4853, 109.1239, 359.0417, -20.96946, 21.98473, -38.54198],
[1520, 4095, 2466, 2299, 1936, 312.778, 40.48452, 308.3883, -16.03817, 22.61832, 19.48855, 152.915, 103.1648, 6.75136, 1.580153, 11.44275, -21.68702],
[1473, 4095, 2160, 2096, 1931, 293.8293, 26.54149, 282.4568, -43.76336, 35.38168, -65.35114, 166.4731, 99.34726, 2.183472, -39.86259, -10.99237, 15.19084],
[1424, 4095, 2151, 2097, 1937, 333.374, 25.7094, 313.9715, -0.5954198, 8.152672, -16.49618, 158.6201, 102.0983, 4.720309, -22.91603, -6.977099, 3.770992],
[1518, 4095, 2146, 2110, 1945, 305.89, 42.81903, 303.9226, -15.63359, -63.32061, -35.26717, 205.4094, 105.3549, 352.4354, -20.9771, -14.67176, 69.0],
[1556, 4095, 2165, 2063, 1955, 325.7306, 56.67654, 335.9268, -18.18321, 4.48855, 5.770992, 193.1237, 111.0684, 354.7494, 5.053435, -6.709924, -4.717557],
[1483, 4095, 2194, 2080, 1962, 302.5569, 67.77828, 327.4997, 64.67175, -50.59542, 11.94656, 206.5519, 110.5205, 349.26, 69.52672, -4.480916, -23.84733],
[1466, 3791, 2179, 2046, 1987, 285.5809, 78.23163, 323.5034, 14.45038, 2.877863, 15.80916, 183.848, 109.1039, 358.5672, 5.076336, 7.870229, -32.99237],
[1456, 4039, 2186, 2066, 1983, 308.5942, 50.95821, 314.6334, 29.44275, 64.0458, 48.70992, 161.0211, 105.1159, 5.223185, -20.79389, 27.69466, -46.34351],
[1427, 4007, 2177, 2083, 1999, 298.8313, 41.50867, 296.0387, -47.29771, 19.17557, -32.47328, 159.3513, 102.3051, 4.621332, -38.92366, -6.21374, 15.43511],
[1448, 4095, 2166, 2096, 1983, 332.5889, 37.16877, 325.7223, -41.26718, 45.63359, -23.19847, 166.9405, 106.0833, 3.732113, -48.18321, 3.183206, 21.77863],
[1444, 4095, 2154, 2097, 1974, 312.1667, 42.31027, 309.5883, 7.580153, -56.24427, -29.99237, 200.3049, 102.6167, 355.1487, -18.0687, 8.916031, 36.67176],
[1456, 4095, 2160, 2068, 1986, 282.7378, 83.19859, 332.5498, -32.48091, -51.46565, -45.87023, 209.798, 105.4248, 350.8784, -28.0458, -22.63359, 45.17557],
[1485, 4079, 2181, 2038, 2013, 295.4427, 72.26291, 326.239, 29.31298, -5.175572, 31.57252, 219.8307, 108.4415, 344.2799, 63.31298, -7.984733, -17.89313],
[1501, 4095, 2209, 2065, 2017, 281.0147, 78.67266, 314.5198, 68.8855, -11.16794, -2.389313, 233.2205, 104.3822, 340.8463, 30.93893, -12.70229, -20.75573],
[1525, 4095, 2191, 2075, 2031, 300.546, 66.26067, 323.4253, 19.08397, 33.8397, 31.31298, 201.2419, 105.678, 353.6492, -3.198473, 24.47328, -51.44275],
[1526, 4095, 2206, 2095, 2000, 305.6536, 49.18811, 309.8066, 22.89313, 42.21374, 54.81679, 162.7681, 99.19196, 2.794764, -3.80916, 31.06107, -35.19848],
[1477, 4095, 2177, 2073, 1999, 289.4874, 47.37857, 291.0979, -33.8168, 37.10687, -37.17557, 158.3388, 98.47468, 3.315823, -19.09924, -24.23664, 7.717557],
[1474, 4095, 2213, 2101, 2000, 319.7427, 38.95269, 313.763, -52.51145, 52.29771, -15.67939, 159.8952, 103.706, 5.02075, -50.1145, 11.58015, 18.69466],
[1437, 4095, 2207, 2122, 2022, 306.9905, 40.94657, 303.2467, -55.91603, -65.46566, -26.0687, 208.3942, 102.0766, 353.2698, -41.22138, -2.152672, 23.99237],
[1515, 4095, 2189, 2119, 2005, 267.6978, 91.62848, 322.4166, 6.435114, -38.40458, -33.79389, 215.1916, 104.1721, 349.7486, 6.0, -20.00763, 36.50382],
[1507, 4095, 2224, 2086, 2031, 315.7636, 66.07626, 336.7051, 17.51145, -15.58779, 14.31298, 217.9833, 107.645, 345.8822, 60.00763, -19.71756, -22.10687],
[1525, 3915, 2245, 2096, 2025, 286.742, 78.87418, 327.0806, 9.763359, 15.55725, -11.0687, 224.5607, 107.8942, 342.1693, 25.63359, -9.664123, -11.92366],
[1550, 4015, 2237, 2083, 2047, 295.392, 70.62378, 323.6142, 49.0687, 94.25191, 57.83969, 192.6675, 109.2667, 355.3936, 23.80153, 13.41221, -62.52672],
[1541, 3991, 2223, 2096, 2031, 304.1495, 42.03504, 301.522, -14.96947, 23.36641, 23.10687, 169.2542, 104.3214, 2.678683, -3.534351, 15.77099, -20.55725],
[1553, 4095, 2225, 2109, 2043, 295.0153, 45.37055, 295.3692, -58.47328, 53.46565, -37.58015, 157.1881, 100.0695, 4.200042, -54.72519, 6.549618, 18.99237],
[1497, 4095, 2111, 2115, 2013, 322.6299, 33.21031, 310.6984, -23.03817, 31.35114, -27.32825, 157.7776, 100.6596, 4.32406, -38.48092, -4.328244, 10.0458],
[1501, 4095, 2250, 2116, 2017, 298.2209, 51.23065, 303.8421, -36.24428, -74.61069, -58.87786, 202.0381, 102.1238, 354.9108, -35.87023, -6.877862, 51.21374],
[1520, 4095, 2223, 2128, 2034, 274.9671, 87.74369, 336.6605, -12.19847, -7.732824, -21.71756, 205.4403, 106.7478, 351.7181, -21.34351, -8.251908, 14.90076],
[1523, 4095, 2256, 2134, 1968, 312.8491, 70.14953, 338.8052, 77.8855, -34.40458, 2.778626, 206.5564, 109.6066, 349.7609, 52.29008, -7.328244, -26.21374],
[1542, 4095, 2246, 2237, 2039, 286.1835, 73.44421, 314.5318, 55.38168, -0.2290076, 28.80153, 221.691, 107.8513, 343.8128, 29.38931, -8.725191, -14.84733],
[1522, 4095, 2246, 2105, 2037, 302.4564, 57.85561, 315.4501, 26.64886, 37.74809, 56.45802, 203.6391, 106.3691, 352.5431, -13.9313, 34.03053, -42.29008],
[1535, 4095, 2256, 2077, 2018, 311.0146, 38.39021, 304.6514, 7.725191, 38.01527, 33.20611, 181.6819, 100.7861, 359.5972, -0.08396947, 10.9084, -24.56489],
[1505, 4095, 2254, 2118, 2019, 294.5512, 46.46248, 295.7468, -38.10687, 17.14504, -21.94657, 163.0147, 99.3612, 2.803507, -37.29008, 2.045802, 15.9084],
[1498, 4095, 2245, 2128, 2027, 321.8762, 36.83291, 313.7572, -44.62595, 64.31298, -37.47328, 190.5773, 99.14724, 358.1838, -63.03817, 0.7328244, 22.0458],
[1494, 4095, 2230, 2137, 2032, 305.4857, 44.97167, 305.5421, -12.00763, -44.13741, -9.679389, 190.0757, 101.4919, 357.8343, -3.152672, 1.267176, 6.503817],
[1507, 4095, 2254, 2139, 2039, 283.95, 78.60737, 321.2467, -25.51145, -69.12977, -62.17557, 215.6959, 109.1807, 345.8014, -33.46565, -30.32061, 74.20611],
[1526, 4095, 2225, 2110, 2026, 327.9414, 67.20749, 345.2858, 40.94656, -17.17557, 20.03817, 215.4816, 112.4985, 343.3784, 23.87786, 9.664123, -23.9771],
[1520, 4095, 2259, 2109, 2041, 273.6558, 87.34735, 325.3857, 56.25191, -18.58779, 23.7939, 224.5435, 108.0552, 342.0201, 40.09923, -11.8626, -18.8855],
[1489, 4095, 2234, 2085, 2032, 295.1891, 74.48366, 329.6046, 30.40458, 25.49618, 17.74046, 213.6183, 108.6113, 347.2203, 6.954198, 16.66412, -32.40458],
[1502, 4095, 2238, 2101, 2057, 304.4182, 40.41107, 300.3308, 45.25191, 78.8168, 54.66413, 206.3075, 102.876, 353.4224, 2.709924, 21.0687, -39.37405],
[1506, 4095, 2235, 2114, 2035, 297.0503, 35.98765, 290.3931, -8.748092, 23.61069, -8.236641, 164.8218, 101.5011, 3.074686, -10.26718, -5.824428, -0.259542],
[1506, 4095, 2254, 2109, 2053, 307.4261, 30.91615, 294.6831, -51.19084, 63.01527, -56.91603, 185.8811, 101.0496, 358.7584, -57.06107, 3.755725, 32.16794],
[1486, 4095, 2253, 2128, 2054, 310.2946, 37.56192, 303.1857, -2.0, 15.80916, -7.839694, 180.4866, 100.5221, 359.8295, -14.41985, -7.91603, -0.7328244],
[1514, 4095, 2275, 2123, 2054, 290.2911, 69.13939, 314.3035, -34.51909, -68.87786, -77.42748, 220.484, 102.4986, 349.1195, -37.76336, -8.755725, 75.0],
[1533, 4095, 2267, 2143, 2066, 296.5081, 72.95282, 328.5643, 6.480916, 0.4122138, -18.64886, 217.3055, 109.6327, 344.6218, -0.6564885, -9.816793, 7.587786],
[1517, 4095, 2275, 2145, 2096, 290.2146, 68.00146, 312.5101, 101.5343, -40.38168, 16.00763, 229.1084, 108.5066, 338.6569, 54.03817, -21.61069, -28.64886],
[1530, 4095, 2261, 2129, 2055, 297.8701, 77.0143, 336.5765, 21.44275, 7.091603, 30.98473, 213.6879, 108.6698, 347.1464, 5.832061, 13.25954, -21.01527],
[1552, 4095, 2263, 2128, 2059, 302.4641, 54.74055, 312.0827, 24.09924, 77.43511, 74.64122, 198.4068, 102.261, 355.7508, 15.22901, 17.0, -73.61833],
[1545, 4095, 2258, 2141, 2057, 300.5243, 37.30651, 294.2514, -14.94656, 16.62595, -19.0, 172.6025, 102.5961, 1.564106, -5.732824, -8.511451, 11.70992],
[1667, 4095, 2151, 2301, 1839, 322.3016, 26.0249, 302.3805, -13.63359, 8.091603, -12.75573, 168.2975, 107.7495, 3.694967, -10.20611, -6.580153, -0.3053435],
[1568, 4095, 2175, 2298, 1851, 330.2641, 13.28934, 292.5925, -42.10687, 53.35878, -74.33588, 182.2252, 105.5588, 359.29, -67.43511, -1.21374, 33.12214],
[1584, 4095, 2158, 2349, 1861, 323.8449, 13.14724, 287.8168, -16.61832, -13.91603, -2.29771, 164.9562, 103.6009, 3.632658, -12.84733, -9.030535, -2.458015],
[1603, 4095, 2175, 2354, 1883, 305.3484, 73.44696, 337.3623, -13.70992, -108.1832, -62.08397, 195.166, 105.9045, 355.4706, -26.99237, -18.0458, 74.22138],
[1601, 4095, 2203, 2367, 1907, 346.959, 37.71119, 343.3899, 66.30535, -30.90076, 58.8397, 185.9533, 112.2908, 357.4449, 70.63359, -0.3816794, -36.0687],
[1583, 4095, 2227, 2359, 1885, 302.7607, 43.86716, 301.8157, 14.0229, -15.16794, 14.45038, 213.7253, 107.9106, 347.6668, 20.19847, -2.763359, -7.045802],
[1558, 4095, 2207, 2385, 1899, 337.3716, 9.764598, 292.6211, 72.06871, 72.67175, 45.03817, 204.4213, 107.4832, 351.726, -2.129771, 31.81679, -43.77862],
[1555, 4095, 2217, 2399, 1904, 333.3544, 17.70048, 302.606, 27.90076, 11.64122, -5.29771, 157.9656, 103.6087, 5.518202, 0.1145038, 17.16031, -18.82443],
[1552, 4095, 2245, 2402, 1886, 323.2054, 7.433897, 279.9688, -44.61832, 18.48092, -80.25954, 160.9379, 100.7236, 3.666005, -45.54199, 1.969466, 24.62595],
[1525, 4095, 2238, 2417, 1871, 351.3893, 15.30392, 331.3103, 3.687023, 17.40458, -52.39695, 157.6704, 101.9511, 4.893781, -20.36641, -23.41985, 13.06107],
[1572, 4095, 2237, 2417, 1897, 324.494, 17.60324, 294.0747, -82.75573, -85.99236, -49.9542, 204.9694, 104.2381, 353.1317, -14.9084, -19.60305, 45.05344],
[1554, 4095, 2256, 2435, 1904, 317.3508, 53.12004, 325.433, 9.236641, -33.43512, 0.7328244, 196.4877, 112.4527, 352.8989, -1.137405, -6.854962, 6.251908],
[1569, 4095, 2290, 2417, 1893, 318.9013, 50.15764, 324.0322, 88.50382, -46.03817, 48.30534, 210.5897, 109.8028, 347.8291, 46.9313, -12.80916, -24.54962],
[1510, 4095, 2369, 2379, 1899, 315.096, 56.81972, 326.9896, 7.251908, 4.114504, 25.08397, 204.8269, 109.2452, 350.6859, 3.954198, -2.137405, -17.29771],
[1534, 4095, 2331, 2387, 1904, 307.1176, 54.2384, 316.5136, 48.82443, 91.7023, 61.85496, 187.5566, 105.4229, 357.8054, -26.05344, 23.45038, -40.8855],
[1520, 4095, 2365, 2407, 1904, 300.6403, 37.77209, 294.7153, -26.72519, 35.20611, 5.251908, 164.5775, 102.5414, 3.425838, -15.24428, -10.18321, 0.2442748],
[1546, 4095, 2303, 2425, 1907, 337.9465, 26.14355, 320.6021, -67.12977, 73.229, -76.44275, 177.9208, 106.0387, 0.4873972, -49.69466, -4.91603, 29.71756],
[1517, 4095, 2274, 2422, 1937, 307.7036, 42.60581, 305.4925, 34.00763, -23.44275, -2.419847, 186.3587, 102.183, 358.5301, -2.412214, -0.2213741, 23.34351],
[1542, 4095, 2261, 2453, 1957, 306.7328, 70.04999, 334.1569, -36.0458, -40.27481, -52.0229, 197.2639, 106.6476, 354.5727, -27.59542, -20.77863, 51.60306],
[1514, 4095, 2255, 2407, 1966, 315.9261, 58.46029, 329.3583, 76.55725, -59.8397, 33.22138, 213.0739, 110.0731, 346.4528, 65.16794, -16.54199, -23.8626],
[1580, 4095, 2315, 2416, 1963, 296.6592, 60.13979, 311.2871, 41.30535, -18.79389, 16.57252, 222.4258, 108.0833, 343.1985, 22.52672, -11.09924, -2.633588],
[1562, 4095, 2338, 2406, 1957, 307.4826, 61.45063, 324.7416, 49.40458, 95.10688, 24.33588, 201.6102, 105.9755, 353.4042, -10.80916, 40.43512, -48.9084],
[1559, 4095, 2345, 2420, 1981, 332.5997, 13.78823, 295.479, 25.41985, 66.0687, 20.03053, 181.127, 104.1459, 359.6296, -5.778626, 7.526718, -20.29008],
[1551, 4095, 2329, 2448, 1965, 318.942, 5.94553, 276.8672, -27.96183, 15.07634, -40.8855, 184.5813, 102.6461, 358.8804, -48.96947, -8.847328, 15.67939],
[1547, 4095, 2351, 2442, 1951, 350.3901, 5.833999, 301.6142, -27.0916, 36.43512, -43.23664, 162.6861, 103.6771, 4.2535, -27.26718, -4.89313, 8.748092],
[1542, 4095, 2357, 2467, 1951, 324.0795, 5.304606, 277.3755, -63.70229, -80.99236, -60.26718, 199.1298, 104.1222, 354.8952, -24.98473, -9.40458, 51.48855],
[1563, 4095, 2343, 2448, 1958, 300.8205, 68.85147, 327.1618, -27.81679, 7.625954, 0.4656488, 209.3351, 108.0271, 349.4883, 4.351145, -7.229008, 8.793893],
[1580, 4095, 2348, 2455, 2000, 322.1391, 43.87538, 321.1305, 80.93894, -13.45802, 48.51145, 199.123, 109.4099, 352.9075, 70.75572, -26.70229, -33.9771],
[1501, 4095, 2358, 2439, 1979, 310.4043, 51.53049, 317.0615, 22.00763, -4.160306, 24.87023, 207.6965, 110.0076, 349.0315, 15.29008, 1.89313, -7.08397],
[1566, 4095, 2399, 2431, 1994, 321.8343, 13.91575, 287.578, 55.22901, 55.06107, 41.89313, 201.8278, 108.3749, 352.2908, -12.52672, -2.045802, -25.00763],
[1571, 4095, 2523, 2431, 1981, 321.8901, 30.00633, 306.4583, -18.54962, 21.82443, 9.61832, 182.9247, 106.0824, 359.0641, -2.068702, 3.366412, -8.40458],
[1577, 4095, 2397, 2416, 1997, 312.8067, 11.01819, 280.2608, -57.75573, 68.35878, -68.771, 193.1249, 103.7209, 356.6362, -60.12977, 1.374046, 34.23664],
[1549, 4095, 2398, 2458, 1984, 338.5876, 15.14516, 304.8038, -1.007634, 28.41985, -43.67176, 192.3328, 105.12, 356.5128, -29.15267, -1.671756, 3.847328],
[1563, 4095, 2387, 2477, 2019, 315.8738, 19.11797, 289.7308, -34.54962, -74.46565, -55.35115, 216.9097, 103.4469, 349.6618, -8.503817, -0.832061, 39.0687],
[1601, 4095, 2399, 2442, 1997, 313.677, 59.69099, 328.6073, -8.122137, -9.106871, -20.52672, 215.9393, 105.1198, 348.7596, 13.64886, -13.03817, 7.19084],
[1582, 4095, 2421, 2431, 1987, 312.3166, 41.22693, 308.6682, 105.9618, -49.18321, 67.93893, 208.9425, 108.9142, 349.1223, 69.62595, -24.27481, -39.16031],
[1559, 4095, 2419, 2375, 1987, 298.7434, 69.37599, 325.6737, 26.08397, 22.25954, 26.51145, 213.1474, 108.894, 347.2415, 2.175573, -0.5801527, -14.0229],
[1564, 4095, 2431, 2391, 2009, 322.9066, 10.07194, 283.298, 75.44275, 92.0458, 42.8855, 188.7626, 106.0506, 357.3591, -23.29771, 14.43511, -18.87023],
[1562, 4095, 2421, 2427, 1985, 318.6366, 2.660309, 273.0604, -25.41985, 21.29008, -16.16794, 186.0575, 104.7127, 358.3088, -30.92366, 2.854962, 7.687023],
[1542, 4095, 2431, 2413, 2000, 326.1807, 351.4987, 257.4143, -70.35114, 78.30534, -110.7634, 192.642, 103.0289, 356.9253, -55.05344, -6.923664, 33.1145],
[1498, 4095, 2411, 2431, 2011, 321.856, 9.354182, 281.9174, -9.106871, -40.71756, -34.87023, 187.6257, 104.0284, 357.9875, 1.21374, -10.49618, -4.038168],
[1563, 4095, 2427, 2411, 2011, 294.2114, 74.35711, 328.253, -19.70229, -67.38168, -59.36641, 201.0299, 106.4073, 353.4159, -15.06107, -18.9771, 35.16794],
[1578, 4095, 2407, 2367, 1992, 331.3122, 43.55726, 330.158, 26.47328, -37.48091, 17.56489, 203.3493, 108.9611, 351.4284, 28.50382, -1.137405, -16.96183],
[1581, 4095, 2430, 2379, 2000, 281.993, 62.814, 292.598, 48.94657, -56.85496, 42.77863, 210.3986, 107.7604, 349.2084, 56.05344, -11.93893, -4.557252],
[1580, 4095, 2431, 2359, 1980, 276.967, 86.14209, 331.8232, 24.18321, 49.32825, 33.05344, 199.9121, 107.6009, 353.3194, -0.08396947, 8.473283, -25.01527],
[1584, 4095, 2438, 2383, 2013, 328.3361, 2.447177, 274.0509, 24.62595, 63.41221, 44.45038, 171.7485, 105.3022, 2.172092, -21.70992, 18.0916, -19.91603],
[1530, 4095, 2433, 2375, 2013, 306.2076, 349.1518, 261.971, -16.16794, 38.41221, -61.12214, 180.3882, 103.542, 359.8222, -17.84733, -8.923664, 3.793893],
[1476, 4095, 2438, 2378, 1989, 340.6219, 4.702385, 283.387, -36.23664, 39.10687, -60.87786, 192.3647, 103.4561, 356.8937, -39.9771, 18.16794, 16.32061],
[1653, 4095, 2255, 2224, 1821, 276.6818, 85.0396, 324.1642, 44.13741, -18.65649, 45.56489, 220.7049, 109.38, 342.9813, 87.70229, -40.17557, 12.39695],
[1513, 4095, 2307, 2196, 1835, 211.4933, 90.19076, 359.766, -23.33588, 9.511451, 42.66412, 190.7077, 110.8231, 355.7732, 2.549618, 3.328244, -45.82443],
[1542, 4095, 2321, 2239, 1817, 314.1157, 34.8448, 304.1021, 39.77863, 44.93893, 40.0, 190.8211, 105.916, 356.775, -15.55725, 28.75573, -8.511451],
[1534, 4095, 2341, 2240, 1844, 307.3532, 16.10019, 282.4549, -49.8397, 36.9771, -51.0458, 183.7236, 105.379, 358.8822, -27.77863, 1.473282, -10.60305],
[1578, 4095, 2321, 2257, 1858, 352.0909, 20.89924, 340.1814, 2.732824, 60.89313, -41.8626, 162.44, 102.2399, 3.84486, -40.19847, 1.068702, 29.09924],
[1616, 4095, 2301, 2282, 1849, 315.4161, 31.84689, 302.303, 26.8855, -28.72519, -45.38168, 200.7797, 105.0287, 354.0606, -27.36641, 3.969466, 31.89313],
[1613, 4095, 2368, 2293, 1897, 311.3373, 73.60794, 341.5804, -29.9313, -39.0916, -28.8855, 219.3902, 106.3877, 346.2529, -18.38931, -12.65649, 38.1832],
[1632, 4095, 2327, 2237, 1906, 318.9375, 58.01199, 331.5196, 44.24428, -121.229, -18.58779, 222.1893, 108.8912, 342.5817, 47.64122, -10.01527, -15.43511],
[1344, 4095, 2369, 2237, 1911, 281.9751, 78.12698, 315.5706, -3.671756, 18.89313, 24.92367, 218.564, 106.9996, 346.1317, 12.28244, -18.51908, -12.39695],
[1379, 4095, 2384, 2191, 1936, 313.2, 44.89377, 313.1817, 79.53435, 73.91603, 93.01527, 209.0238, 108.0136, 349.6258, -18.84733, 23.70229, -33.64122],
[1392, 4095, 2374, 2155, 1927, 318.6963, 29.48489, 302.8504, -7.496183, 18.26718, 6.10687, 177.0642, 104.0497, 0.6288882, 9.748092, 8.267176, -19.9542],
[1385, 4095, 2351, 2142, 1966, 305.0359, 13.41306, 279.5107, -34.1832, 65.63359, -92.73283, 185.2573, 103.3126, 358.6611, -41.89313, -1.847328, 5.572519],
[1424, 4095, 2287, 2221, 1975, 331.2161, 21.50015, 305.7716, 10.80153, 23.33588, -28.72519, 161.4076, 102.5302, 4.194386, -28.47328, -4.48855, -14.09924],
[1418, 4095, 2295, 2227, 1971, 300.0574, 44.45999, 299.6664, -88.03054, -79.24428, -78.25954, 192.9202, 105.2388, 356.3163, -29.80153, -19.8397, 66.63359],
[1453, 4095, 2309, 2186, 1979, 323.2604, 59.26895, 336.1292, 31.64122, -16.92367, -14.30534, 207.5197, 109.1758, 349.5849, 19.12977, -9.992367, -6.320611],
[1444, 4095, 2349, 2223, 1981, 291.0013, 49.34308, 294.1587, 105.626, -31.80153, 43.9771, 213.4205, 111.6972, 345.1224, 103.7557, -34.8168, -13.64886],
[1442, 4095, 2407, 2157, 2004, 295.4928, 72.94242, 327.3926, -3.335878, 40.09161, 59.19847, 189.535, 111.2134, 356.1579, -4.694656, 24.12977, -27.23664],
[1473, 4095, 2384, 2231, 1971, 318.753, 12.38109, 284.1183, 26.09924, 51.45038, 36.32061, 187.7919, 104.718, 357.8435, -31.31298, 27.53435, -23.77099],
[1463, 4095, 2382, 2253, 1984, 305.7401, 0.9372665, 270.6707, -41.70992, 55.51908, -44.78626, 183.8847, 102.5021, 359.0492, -37.98473, -7.709924, 13.24427],
[1485, 4095, 2374, 2256, 1954, 333.2247, 7.304742, 284.3952, -24.41221, 24.83969, -19.19847, 161.9207, 105.6803, 5.149714, -30.98473, 27.16794, 8.358779],
[1474, 4095, 2375, 2286, 1990, 314.4964, 4.751266, 274.6984, -46.0916, -33.68702, -66.79389, 187.9547, 103.5629, 357.9729, -13.0458, -8.969465, 26.00763],
[1501, 4095, 2381, 2274, 1981, 324.651, 53.54318, 332.4103, -14.91603, -0.9694656, -18.23664, 192.004, 110.0811, 355.4408, -14.21374, -16.45038, 13.18321],
[1465, 4095, 2383, 2271, 2002, 319.028, 47.99018, 322.0517, 88.25954, -82.8168, 66.19847, 201.95, 109.9691, 351.5347, 62.80153, 0.9236641, -22.43511],
[1511, 4095, 2433, 2250, 1981, 310.5586, 64.03397, 330.4461, 9.40458, -0.01526718, 18.16031, 203.232, 110.3418, 350.8196, 21.72519, -6.839694, -8.763359],
[1528, 4095, 2417, 2295, 1991, 330.3828, 24.10529, 308.3292, 89.30534, 104.1145, 37.45802, 197.8057, 108.4763, 353.752, -21.01527, 29.15267, -10.1374],
[1526, 4095, 2411, 2321, 1962, 319.2298, 16.23953, 288.7385, -21.87786, 23.0458, -12.40458, 177.3913, 105.5892, 0.6192159, -7.564886, -18.20611, 2.183206],
[1501, 4095, 2419, 2319, 1958, 341.0939, 10.00661, 297.4907, -74.56489, 63.9771, -87.21374, 199.3661, 106.7739, 353.8296, -48.49618, 0.1908397, 21.76336],
[1506, 4095, 2406, 2384, 1959, 320.6288, 10.80371, 283.1604, -42.77099, -39.42748, -14.27481, 171.3678, 102.6046, 1.848344, -0.3129771, 7.748092, 0.07633588],
[1518, 4095, 2403, 2363, 1979, 289.243, 75.87918, 324.4318, -38.89313, -52.54962, -74.19084, 185.0925, 107.6886, 358.2739, -19.0458, -32.68702, 51.59542],
[1531, 4095, 2409, 2373, 1982, 339.4797, 53.75659, 344.6892, 95.17558, -40.80153, 53.46565, 201.049, 111.5376, 351.228, 60.52672, -7.442748, -27.27481],
[1522, 4095, 2455, 2387, 1983, 297.67, 60.72764, 313.2066, 31.65649, -17.48855, 27.30534, 203.1884, 109.4492, 351.2625, 9.282443, -8.015267, -13.23664],
[1529, 4095, 2438, 2381, 2002, 324.0979, 58.60264, 336.22, 44.29008, 42.8626, 55.10687, 205.8311, 110.1948, 349.7603, -15.90076, 26.90076, -12.8397],
[1470, 4095, 2479, 2383, 2001, 320.4397, 17.92424, 291.4642, 0.2442748, 40.65649, 15.39695, 173.0866, 103.4388, 1.559994, -2.137405, 21.62596, -27.29008],
[1543, 4095, 2467, 2398, 2000, 311.0467, 352.43, 263.369, -53.66413, 66.229, -85.50382, 181.4558, 102.8235, 359.5837, -40.40458, -4.656488, 12.67176],
[1498, 4095, 2431, 2417, 1997, 333.9131, 4.008824, 278.2822, 12.9084, -2.717557, -51.32061, 184.8199, 103.8114, 358.7208, -18.41985, -11.51145, 7.10687],
[1501, 4095, 2443, 2437, 1994, 321.8607, 0.1062856, 270.1808, -73.85497, -80.35878, -83.20611, 208.3828, 103.6756, 352.3743, -9.916031, -10.64122, 60.30534],
[1508, 4095, 2448, 2352, 2000, 333.8578, 58.22677, 343.1257, 1.656489, -15.76336, -11.73283, 214.2905, 108.2626, 347.1576, 12.51145, -1.80916, -12.80153],
[1530, 4095, 2467, 2373, 1989, 306.4231, 58.55026, 320.4454, 60.47328, -39.54962, 25.48092, 207.9603, 108.2309, 349.9382, 53.61069, -13.66412, 4.633588],
[1542, 4095, 2479, 2395, 2002, 302.3097, 54.06643, 311.2051, 6.290076, -5.862596, 20.22901, 225.5924, 107.8032, 341.6537, 9.358779, -9.244275, -10.25191],
[1542, 4095, 2487, 2395, 2003, 313.1995, 15.09981, 284.2656, 12.03817, 73.64886, 79.70993, 210.1803, 106.0699, 350.3446, -29.75573, 26.83969, -33.26717],
[1563, 4095, 2531, 2391, 2000, 314.917, 20.48896, 290.499, -19.86259, 17.79389, 28.14504, 182.3491, 104.724, 359.2933, -7.48855, 5.29771, -0.832061],
[1522, 4095, 2467, 2387, 1990, 314.4179, 2.240248, 272.2187, -77.89313, 92.26718, -92.03053, 196.6148, 102.8713, 355.989, -35.16031, -10.20611, 16.00763],
[1547, 4095, 2455, 2442, 2000, 322.7811, 7.932647, 280.4677, 22.54199, -10.65649, -35.36641, 187.1089, 104.5527, 358.0491, -5.564886, -0.8854962, -6.007634],
[1559, 4095, 2471, 2446, 2027, 226.0675, 96.11884, 353.4815, -25.36641, -76.12977, -68.19847, 199.6149, 104.276, 354.7, -21.35878, -15.20611, 51.58779],
[1562, 4095, 2431, 2431, 2023, 336.1648, 47.8819, 338.2825, 33.21374, -60.34351, 37.24427, 204.2646, 108.9733, 351.0531, 39.07634, -9.511451, -9.412213],
[1553, 4095, 2459, 2433, 2023, 292.0845, 58.32747, 303.4438, 30.24427, -12.99237, 18.16031, 215.0124, 107.7212, 347.2208, 26.24428, -17.54962, -5.969466],
[1569, 4095, 2447, 2461, 2004, 315.6004, 56.53057, 327.1619, 98.78627, 79.39695, 82.12977, 197.5257, 109.2511, 353.5829, -14.92366, 20.94657, -35.49618],
[1568, 4095, 2446, 2450, 2031, 322.8132, 18.47507, 293.8607, -67.41222, 44.79389, 40.93893, 164.777, 104.3098, 3.882183, -3.206107, -7.419847, -6.175572],
[1651, 4095, 2303, 2229, 1841, 319.3185, 32.75227, 306.9008, 26.78626, 76.23664, 49.67176, 154.8356, 105.9168, 7.554363, -24.18321, 46.72519, -43.64885],
[1667, 4095, 2320, 2246, 1865, 294.3383, 23.79612, 281.292, -76.85497, 66.16031, -120.2366, 179.5474, 103.3623, -0.001707673, -35.0229, -13.20611, 15.70229],
[1682, 4095, 2293, 2261, 1875, 338.1966, 19.46268, 311.6256, -2.587786, 26.03817, -13.93893, 173.2262, 103.057, 1.478667, -34.96183, 4.076336, -9.465649],
[1668, 4095, 2301, 2263, 1778, 359.1445, 85.76983, 359.8779, -62.0916, -94.48092, -96.06871, 197.8804, 105.5434, 354.7551, -30.21374, -14.68702, 68.96183],
[1651, 4095, 2307, 2225, 1910, 2.283569, 52.48499, 1.726676, 36.22138, -17.16031, 20.8626, 196.6355, 109.4861, 353.8426, 33.12214, -4.480916, -25.58015],
[1642, 4095, 2288, 2239, 1930, 291.0571, 54.73706, 298.665, 78.8855, -23.90076, 56.8168, 225.5493, 106.3773, 343.131, 41.61832, -14.43511, -18.41221],
[1566, 4095, 2335, 2223, 1927, 308.3068, 64.39487, 328.8502, -1.549618, 20.18321, 84.42748, 201.5036, 110.5711, 351.4546, -17.33588, 24.74046, -32.51145],
[1581, 4095, 2357, 2231, 1927, 312.0756, 20.55219, 288.7547, 37.57252, 53.54962, 43.47328, 156.4185, 103.3128, 5.822059, -22.32061, 30.71756, -30.08397],
[1600, 4095, 2358, 2255, 1931, 302.6978, 3.305112, 272.1161, -74.77863, 86.58015, -104.3053, 173.307, 102.1156, 1.34495, -35.57252, -7.633588, 19.65649],
[1585, 4095, 2331, 2309, 1941, 315.6576, 18.92793, 289.3995, 4.282443, 16.35115, -8.320611, 175.4745, 103.7911, 1.009371, -9.114504, 7.885496, -7.984733],
[1613, 4095, 2354, 2303, 1968, 306.7321, 29.75543, 293.1604, -99.64886, -86.20611, -123.3511, 199.9262, 103.6687, 354.8437, -47.0458, -7.664122, 74.19847],
[1629, 4095, 2368, 2240, 1936, 342.6159, 61.28492, 350.275, -9.129771, 25.73282, 20.05343, 206.4198, 106.8866, 351.2852, 35.9084, -6.259542, -32.51145],
[1638, 4095, 2373, 2257, 1947, 306.627, 46.76083, 308.4152, 110.5801, -41.26718, 32.00763, 220.8901, 108.3192, 343.8222, 34.93893, -14.62595, -12.48855],
[1680, 4095, 2351, 2237, 1940, 324.917, 61.25675, 338.9826, -4.694656, 6.48855, 11.00763, 202.9832, 111.1119, 350.561, -2.885496, 13.73282, -13.53435],
[1616, 4095, 2381, 2256, 1949, 320.4076, 16.19498, 289.428, 76.55725, 102.374, 85.60306, 176.3, 108.3232, 1.115507, -26.96183, 44.12977, -25.16031],
[1634, 4095, 2377, 2313, 1955, 305.3406, 10.49488, 277.4969, -25.45038, 38.76336, -61.59542, 178.9915, 100.6634, 0.08536999, -25.74046, -5.725191, -5.343512],
[1637, 4095, 2330, 2306, 1971, 345.0545, 7.217692, 295.697, -16.87786, 61.62595, -33.37405, 161.4951, 101.4839, 3.809982, -53.93893, 11.8855, 26.65649],
[1682, 4095, 2321, 2345, 1968, 311.551, 349.0397, 260.224, -95.03818, -84.80153, -85.19847, 212.3354, 99.38193, 353.8922, -20.53435, 5.175572, 24.8855],
[1664, 4095, 2343, 2283, 1989, 310.855, 41.54645, 307.5508, 34.07634, 3.152672, -2.618321, 213.9078, 106.4602, 348.6118, 1.061069, -16.16031, 9.473283],
[1671, 4095, 2321, 2288, 1991, 322.079, 41.80278, 319.0249, 149.7099, -41.40458, 91.64123, 200.0407, 109.4783, 352.5192, 59.61832, -6.877862, -13.89313],
[1520, 4095, 2383, 2315, 1975, 309.626, 65.91686, 331.7284, -37.85496, 9.221375, -7.061069, 205.9065, 109.1789, 350.2693, 15.0229, -18.03053, -9.0],
[1565, 4095, 2398, 2339, 1988, 332.1206, 14.46657, 296.1395, 41.12214, 121.7328, 64.48092, 196.2415, 106.2858, 355.0198, -33.89313, 31.20611, -3.816794],
[1499, 4095, 2410, 2351, 1984, 325.4091, 358.5015, 267.8448, -38.64885, 18.83206, -12.22137, 192.8051, 102.2221, 357.0789, -23.06107, 0.07633588, -0.7862596],
[1515, 4095, 2403, 2347, 1998, 333.0404, 356.7809, 263.7272, -17.25954, 85.48855, -79.24428, 184.6717, 103.4059, 358.7934, -63.96183, 2.671756, 22.59542],
[1471, 4095, 2384, 2367, 1973, 326.3999, 357.9782, 266.9769, -57.21374, -31.22138, -31.94657, 176.5471, 102.2617, 0.6481917, 1.412214, 1.984733, 3.557252],
[1476, 4095, 2414, 2367, 2002, 253.5709, 93.16865, 348.9742, -22.86259, -140.6412, -123.1679, 185.0646, 102.2295, 358.8099, -5.229008, -17.19084, 56.74046],
[1499, 4095, 2411, 2406, 2014, 10.56838, 56.05182, 7.106775, 70.20611, -45.94656, 50.32825, 210.2424, 109.8797, 347.9422, 40.12214, 9.725191, -18.16794],
[1469, 4095, 2467, 2390, 2005, 287.3959, 70.62979, 311.8964, 17.0458, 6.160306, 33.80916, 219.2565, 102.9469, 349.1965, -0.3282443, -9.625955, -9.19084],
[1476, 4095, 2453, 2381, 2000, 318.6035, 21.50273, 294.1604, 43.26717, 90.68702, 94.0229, 217.1526, 107.0413, 346.7583, -19.68702, 9.106871, -27.00763],
[1515, 4095, 2437, 2384, 1999, 331.3365, 22.46964, 307.2406, -42.8626, 11.96183, 32.0458, 193.33, 105.95, 356.0163, -2.755725, -5.48855, 1.862595],
[1456, 4095, 2461, 2387, 2007, 312.4564, 346.5875, 257.6521, 32.75573, 44.54198, -69.61833, 187.1782, 106.0544, 357.8253, -48.13741, 10.9084, 14.80153],
[1442, 4095, 2438, 2391, 1999, 347.7824, 4.336574, 289.7077, -20.03817, 40.9542, -50.19084, 166.3197, 106.1244, 3.931951, -16.72519, 6.900764, 15.10687],
[1477, 4095, 2435, 2415, 1995, 326.6967, 9.761851, 284.7738, -58.41985, -135.2519, -100.9847, 214.2181, 103.0402, 350.9, 9.503817, -10.40458, 21.03054],
[1509, 4095, 2448, 2371, 2026, 311.4352, 63.83482, 330.9846, -24.12977, -4.946565, -8.335877, 195.4446, 109.5963, 354.2623, -4.534351, -11.25191, 3.076336],
[1531, 4095, 2435, 2383, 2016, 310.4372, 47.70393, 313.216, 116.7786, -44.87786, 71.60305, 217.0182, 105.0826, 348.3519, 98.08397, -13.25191, -21.40458],
[1520, 4095, 2475, 2352, 2022, 306.4062, 70.91455, 334.96, -10.92366, 54.64122, 59.51909, 208.6079, 109.3416, 349.0142, -11.52672, 12.77099, -16.17557],
[1520, 4095, 2478, 2384, 2019, 321.5783, 6.244592, 277.9163, 61.77863, 104.0534, 51.37405, 191.0963, 108.0833, 356.2265, -27.78626, 19.03817, -36.63359],
[1543, 4095, 2448, 2410, 2037, 309.9165, 3.587056, 273.0147, -24.25954, 39.20611, -15.24428, 177.453, 104.738, 0.5624528, -23.87786, 0.1832061, 16.09924],
[1532, 4095, 2448, 2386, 2025, 342.2343, 2.601756, 278.313, -38.83969, 59.57252, -72.82443, 173.786, 106.2895, 1.717824, -47.25954, 1.793893, 26.78626],
[1510, 4095, 2447, 2401, 2019, 312.2985, 7.325576, 276.6995, -111.1908, -64.34351, -17.00763, 162.1847, 103.2818, 4.254688, 9.977099, 21.51145, 3.526718],
[1543, 4095, 2450, 2381, 2029, 256.5468, 94.67912, 340.6285, -15.22901, -50.60306, -71.99236, 196.1439, 105.2228, 355.3826, -5.053435, -22.87023, 48.72519],
[1520, 4095, 2463, 2374, 2033, 328.3866, 52.08777, 334.4496, 110.5878, -76.56489, 66.99236, 208.7074, 109.1709, 349.0717, 50.8855, -15.34351, -27.19084],
[1531, 4095, 2460, 2365, 2035, 279.2746, 77.61356, 306.9738, 10.59542, -11.87786, 2.717557, 215.2753, 105.9842, 348.3869, 14.78626, -13.9313, -0.9541985],
[1542, 4095, 2479, 2367, 2026, 309.3381, 31.94282, 297.135, 53.96947, 76.67939, 75.29771, 215.831, 108.3589, 346.3598, -11.78626, 15.51145, -26.34351],
[1584, 4095, 2480, 2368, 2038, 318.3202, 21.68618, 294.1466, -16.13741, 25.57252, 25.41221, 195.0763, 104.3184, 355.9567, -1.259542, 7.664122, -15.1145],
[1580, 4095, 2486, 2335, 2036, 296.4904, 352.2534, 266.0712, -94.0229, 54.47328, -79.41985, 163.355, 102.3281, 3.654571, -23.05343, 11.32061, -9.557252],
[1555, 4095, 2463, 2383, 2065, 334.8579, 12.99345, 296.3438, -27.48855, 42.83206, -33.16031, 170.6949, 105.3148, 2.470484, -38.74046, -2.847328, 15.54962],
[1520, 4095, 2475, 2384, 2057, 304.85, 19.38822, 283.799, -61.29008, -82.45038, -79.12214, 206.6352, 102.5159, 353.5175, 1.923664, -1.534351, 43.0],