[1584, 3218, 4095, 4095, 4095, 348.0626, 32.10558, 341.4701, -2.877863, 1.427481, 0.3587786, 203.895, 113.9133, 348.7389, -2.656489, 1.229008, 1.312977],
[1595, 3221, 4095, 4095, 4095, 347.5783, 31.96155, 340.6498, -4.641222, 2.80916, 1.412214, 204.5335, 113.5867, 348.5817, -2.389313, 1.51145, 1.664122],
[1584, 3231, 4095, 4095, 4095, 347.6224, 31.83485, 340.6278, -2.923664, 1.916031, -0.4427481, 204.0121, 113.7839, 348.7453, -3.007634, 1.122137, 1.755725],
[1581, 3229, 4095, 4095, 4095, 348.5907, 31.78064, 342.0501, -2.458015, 1.877863, -0.7557252, 204.563, 114.0672, 348.3134, -2.748092, 0.4045802, 1.580153],
[1584, 3259, 4095, 4095, 4095, 347.8566, 32.5903, 341.487, -4.503817, 2.312977, -0.03053435, 203.8156, 113.9748, 348.7481, -3.824427, 1.366412, 1.732824],
[1571, 3216, 4095, 4095, 4095, 348.0069, 33.66899, 342.3953, -3.137405, 1.969466, -0.2213741, 204.7922, 114.3633, 348.0356, -3.305344, 0.778626, 1.503817],
[1570, 3243, 4095, 4095, 4095, 348.0711, 31.21941, 340.8799, -3.908397, 1.664122, 1.343511, 203.9386, 114.9359, 348.1879, -2.564885, 2.343511, 0.5419847],
[1577, 3225, 4095, 4095, 4095, 347.8944, 31.30607, 340.67, -3.427481, 1.832061, -0.3206107, 204.5909, 114.0999, 348.2816, -3.358779, 1.755725, 1.419847],
[1585, 3227, 4095, 4095, 4095, 348.0954, 32.15528, 341.5521, -3.633588, 2.030534, 1.78626, 204.88, 114.1803, 348.0875, -2.091603, 1.717557, 1.175573],
[1584, 3221, 4095, 4095, 4095, 347.215, 31.60568, 339.8545, -2.580153, 1.847328, -0.0610687, 203.7395, 114.2224, 348.6608, -1.832061, 1.656489, 1.206107],
[1573, 3235, 4095, 4095, 4095, 348.9331, 31.83104, 342.6018, -3.175573, 1.137405, -0.3740458, 202.6953, 114.7704, 348.9312, -2.839695, 1.770992, 1.847328],
[1588, 3207, 4095, 4095, 4095, 347.6385, 32.36841, 341.0177, -4.251908, 1.526718, -0.2366412, 203.5638, 114.5859, 348.5672, -4.40458, 1.625954, 1.465649],
[1579, 3239, 4095, 4095, 4095, 347.6699, 32.14928, 340.9152, -3.572519, 2.78626, -0.6870229, 203.2176, 114.2961, 348.894, -3.503817, 1.366412, 0.7938931],
[1569, 3219, 4095, 4095, 4095, 348.0237, 32.37624, 341.5917, -2.358779, 2.21374, 0.4045802, 203.62, 114.0062, 348.8326, -2.961832, 1.290076, 1.534351],
[1596, 3239, 4095, 4095, 4095, 347.916, 32.55623, 341.5517, -4.656488, 2.610687, -0.5343512, 203.5537, 114.6403, 348.5448, -4.78626, 1.068702, 1.442748],
[1584, 3231, 4095, 4095, 4095, 348.833, 31.47408, 342.22, -3.305344, 2.908397, 0.2442748, 202.9646, 114.2556, 349.0448, -3.832061, 1.908397, 1.335878],
[1573, 3243, 4095, 4095, 4095, 348.7349, 31.58503, 342.1419, -3.78626, 2.152672, 0.4351145, 204.1105, 114.5327, 348.3064, -3.015267, 0.5343512, 1.236641],
[1585, 3247, 4095, 4095, 4095, 348.6797, 32.27073, 342.4986, -3.251908, 1.824428, -0.4885496, 203.757, 115.0224, 348.2405, -4.465649, 0.6641222, 2.129771],
[1586, 3253, 4095, 4095, 4095, 349.1404, 31.77697, 342.883, -2.10687, 1.78626, -0.870229, 202.7901, 114.9457, 348.7948, -4.290076, 0.5725191, 1.389313],
[1582, 3254, 4095, 4095, 4095, 348.6831, 31.72436, 342.1537, -3.549618, 1.610687, 0.5496183, 203.8198, 114.4178, 348.5188, -3.030534, 1.916031, 1.412214],
[1607, 3229, 4095, 4095, 4095, 348.5411, 32.21478, 342.2559, -4.40458, 3.267176, 0.4732824, 203.5036, 114.4926, 348.6462, -2.938931, 1.969466, 1.030534],
[1578, 3241, 4095, 4095, 4095, 348.8966, 31.60818, 342.4039, -2.664122, 1.068702, 1.183206, 203.4977, 114.3755, 348.7086, -2.328244, 1.412214, 0.6717557],
[1584, 3199, 4095, 4095, 4095, 348.1641, 31.98896, 341.5443, -1.816794, 1.992366, -1.419847, 202.8543, 114.5182, 348.9722, -2.961832, 0.9236641, 1.694656],
[1584, 3219, 4095, 4095, 4095, 348.3297, 31.16529, 341.2401, -4.51145, 1.48855, -0.06870229, 203.0264, 114.4212, 348.9308, -3.251908, 2.083969, 1.335878],
[1584, 3243, 4095, 4095, 4095, 348.7798, 31.62356, 342.2355, -3.694656, 1.748092, -0.1984733, 204.4176, 114.192, 348.3235, -1.572519, 1.832061, 2.198473],
[1584, 3247, 4095, 4095, 4095, 347.4289, 31.67527, 340.2254, -1.977099, 2.099237, -0.4274809, 203.949, 114.3467, 348.4878, -2.442748, 0.7557252, 1.671756],
[1579, 3223, 4095, 4095, 4095, 349.2531, 31.43985, 342.8442, -2.40458, 1.526718, -1.832061, 203.4919, 115.2352, 348.2738, -4.099236, 0.07633588, 2.320611],
[1577, 3247, 4095, 4095, 4095, 348.6853, 31.02652, 341.6963, -3.396947, 2.305344, -0.7328244, 203.4919, 114.8678, 348.4615, -4.48855, 1.366412, 2.854962],
[1580, 3215, 4095, 4095, 4095, 348.0064, 32.51222, 341.6556, -1.687023, 1.717557, -0.6412213, 203.706, 114.4732, 348.55, -2.251908, 1.290076, 1.610687],
[1552, 3228, 4095, 4095, 4095, 349.3281, 31.7107, 343.1285, -2.946565, 2.007634, 0.7251908, 204.4446, 114.9716, 347.8968, -1.656489, 1.946565, 1.206107],
[1568, 3235, 4095, 4095, 4095, 349.3576, 32.03779, 343.3736, -3.48855, 0.1984733, 1.419847, 204.9704, 114.7195, 347.7487, -2.29771, 2.259542, 1.0],
[1573, 3211, 4095, 4095, 4095, 348.0572, 31.77497, 341.24, -2.755725, 2.267176, 1.19084, 203.274, 114.8604, 348.5811, -2.587786, 1.877863, 0.7328244],
[1587, 3231, 4095, 4095, 4095, 348.8579, 31.81138, 342.4751, -3.091603, 1.694656, -0.3282443, 203.5438, 115.2043, 348.2616, -2.519084, 1.519084, 0.9083969],
[1590, 3245, 4095, 4095, 4095, 348.2598, 31.00946, 341.0248, -3.908397, 1.854962, 0.9389313, 204.9654, 114.4309, 347.9075, -2.083969, 2.312977, 0.7480916],
[1584, 3251, 4095, 4095, 4095, 348.7726, 31.28588, 342.0038, -3.152672, 1.183206, 0.8091603, 204.6457, 114.9027, 347.825, -2.534351, 1.572519, 1.351145],
[1584, 3230, 4095, 4095, 4095, 348.7648, 31.33466, 342.0239, -4.274809, 2.374046, 0.1984733, 204.1477, 114.4705, 348.3192, -4.328244, 0.9541985, 1.007634],
[1573, 3207, 4095, 4095, 4095, 348.9836, 31.13211, 342.2296, -2.21374, 2.633588, -0.1679389, 203.5405, 115.0944, 348.3198, -2.633588, 0.2442748, 1.526718],
[1591, 3239, 4095, 4095, 4095, 349.3075, 31.52058, 342.9786, -3.40458, 1.839695, -2.0, 204.0684, 115.0067, 348.0813, -4.198473, 1.099237, 2.755725],
[1580, 3207, 4095, 4095, 4095, 348.443, 31.75463, 341.8092, -2.832061, 2.076336, 0.5648855, 204.0729, 114.9827, 348.0914, -1.419847, 1.40458, 1.229008],
[1578, 3223, 4095, 4095, 4095, 348.3373, 31.46129, 341.4529, -3.251908, 2.557252, 1.274809, 204.8282, 115.3712, 347.4727, -2.351145, 1.320611, 0.8167939],
[1587, 3246, 4095, 4095, 4095, 349.5092, 31.88239, 343.5099, -3.137405, 1.122137, -0.03816794, 204.6108, 115.2491, 347.6582, -2.21374, 1.48855, 1.572519],
[1584, 3223, 4095, 4095, 4095, 348.6072, 31.62998, 341.9767, -3.709924, 2.259542, 0.1984733, 204.1683, 115.5183, 347.7576, -3.10687, 1.709924, 1.007634],
[1581, 3259, 4095, 4095, 4095, 348.3025, 31.38184, 341.3459, -2.854962, 1.465649, -0.1068702, 204.1543, 115.1036, 347.984, -3.320611, 1.763359, 1.290076],
[1586, 3235, 4095, 4095, 4095, 348.5547, 31.26553, 341.6546, -2.931298, 1.824428, -0.7709923, 204.9919, 114.5144, 347.8483, -2.358779, 1.442748, 1.679389],
[1591, 3227, 4095, 4095, 4095, 348.8388, 31.59235, 342.3055, -4.473282, 1.969466, 2.374046, 204.997, 114.7, 347.745, -2.801527, 2.19084, 1.167939],
[1600, 3213, 4095, 4095, 4095, 348.3218, 30.86033, 341.0175, -2.946565, 1.854962, 0.4427481, 203.9457, 115.6713, 347.7998, -2.0, 1.824428, 1.687023],
[1589, 3237, 4095, 4095, 4095, 348.2145, 31.14535, 341.049, -2.900763, 1.671756, -0.129771, 203.9698, 115.1278, 348.0711, -3.725191, 1.045802, 1.938931],
[1589, 3247, 4095, 4095, 4095, 348.7914, 30.98836, 341.8356, -3.946565, 2.053435, 0.5038168, 205.206, 115.1429, 347.3896, -2.877863, 1.610687, 1.10687],
[1542, 3501, 4095, 4095, 4095, 356.4265, 30.96704, 354.1213, -3.236641, 1.40458, -0.2366412, 205.8279, 113.7315, 347.8362, -3.503817, 0.9541985, 1.900763],
[1552, 3477, 4095, 4095, 4095, 356.5562, 29.76242, 354.0612, -3.709924, 0.01526718, 0.7633588, 204.5632, 113.7405, 348.4857, -1.916031, 1.175573, 1.923664],
[1552, 3487, 4095, 4095, 4095, 355.9435, 30.15932, 353.1115, -3.633588, 2.946565, -0.2213741, 206.3044, 113.418, 347.7639, -2.435115, 1.458015, 1.160305],
[1549, 3485, 4095, 4095, 4095, 355.649, 28.53755, 352.1166, -3.038168, 1.534351, -0.6030535, 206.0878, 113.3229, 347.929, -3.274809, 1.969466, 1.061069],
[1558, 3459, 4095, 4095, 4095, 355.7683, 29.18846, 352.5315, -2.564885, 2.801527, -0.5114504, 205.7033, 113.1591, 348.2161, -3.419847, 1.351145, 1.0],
[1570, 3479, 4095, 4095, 4095, 356.2178, 29.34373, 353.3664, -3.305344, 2.10687, 0.259542, 204.9444, 113.1978, 348.579, -1.961832, 0.9389313, 1.274809],
[1553, 3487, 4095, 4095, 4095, 355.513, 29.90932, 352.3053, -2.80916, 4.076336, -1.480916, 205.8178, 113.5254, 347.9557, -2.526718, 1.40458, 1.526718],
[1552, 3495, 4095, 4095, 4095, 356.8976, 29.52042, 354.6005, -4.053435, 0.7175572, -0.1984733, 206.9938, 113.2706, 347.4906, -3.70229, 2.206107, 1.908397],
[1568, 3475, 4095, 4095, 4095, 355.7347, 29.42086, 352.5419, -1.656489, 2.129771, 0.2442748, 204.9298, 113.5959, 348.3743, -2.419847, 0.5877862, 1.755725],
[1583, 3487, 4095, 4095, 4095, 355.2018, 30.01898, 351.8085, -1.19084, 2.091603, -0.7709923, 204.9407, 113.4791, 348.4311, -0.4580153, 1.114504, 1.503817],
[1552, 3495, 4095, 4095, 4095, 356.4647, 28.9173, 353.693, -3.656489, 2.145038, 0.08396947, 206.2159, 113.9395, 347.516, -2.137405, 1.633588, 1.687023],
[1554, 3495, 4095, 4095, 4095, 355.366, 28.71083, 351.6642, -3.885496, 2.465649, 0.5343512, 205.1695, 113.3799, 348.3676, -2.122137, 1.70229, 1.343511],
[1552, 3503, 4095, 4095, 4095, 356.1209, 29.44263, 353.223, -3.656489, 2.496183, 0.9083969, 205.1546, 113.5662, 348.2749, -3.633588, 1.19084, 1.847328],
[1559, 3493, 4095, 4095, 4095, 356.0173, 30.02074, 353.1998, -2.083969, 4.076336, 1.89313, 205.9861, 113.7416, 347.748, -1.160305, 0.6259542, 1.343511],
[1541, 3493, 4095, 4095, 4095, 356.6516, 30.46789, 354.3848, -2.48855, 1.908397, 1.137405, 207.5422, 113.6604, 346.9741, -2.328244, 0.9770992, 1.610687],
[1533, 3493, 4095, 4095, 4095, 356.6116, 29.79132, 354.1638, -3.076336, 1.137405, -0.9007633, 205.4568, 114.3355, 347.6981, -2.152672, 1.916031, 1.961832],
[1562, 3511, 4095, 4095, 4095, 355.965, 29.49857, 352.9662, -4.160306, 3.992366, 1.251908, 205.7475, 113.7693, 347.8572, -3.053435, 0.9541985, 1.320611],
[1560, 3504, 4095, 4095, 4095, 356.8932, 29.15512, 354.5131, -0.6946565, 2.435115, -1.122137, 205.9998, 114.1806, 347.495, -3.259542, 0.8167939, 2.076336],
[1579, 3507, 4095, 4095, 4095, 356.1098, 29.3561, 353.1801, -2.946565, 1.618321, -1.045802, 205.4798, 114.2565, 347.7293, -3.282443, 1.641221, 2.061069],
[1558, 3479, 4095, 4095, 4095, 356.3963, 29.87582, 353.8126, -3.603053, 2.267176, 0.3358779, 206.7513, 114.5806, 346.8607, -1.305344, 1.687023, 1.648855],
[1568, 3474, 4095, 4095, 4095, 356.1285, 28.85231, 353.0739, -2.328244, 0.8549618, -0.7099237, 206.1871, 114.7363, 347.0796, -3.083969, 1.10687, 1.129771],
[1570, 3479, 4095, 4095, 4095, 354.9739, 27.75542, 350.6029, -3.259542, 2.862595, -1.076336, 205.678, 114.1088, 347.7058, -4.244275, 1.984733, 1.160305],
[1570, 3477, 4095, 4095, 4095, 355.91, 29.07905, 352.7497, -3.068702, 1.419847, 0.2748091, 205.1871, 114.562, 347.718, -1.580153, 1.122137, 1.480916],
[1552, 3473, 4095, 4095, 4095, 355.0936, 29.03752, 351.2916, -3.244275, 2.549618, -0.06870229, 207.6369, 113.4607, 347.0424, -2.633588, 1.030534, 1.458015],
[1553, 3515, 4095, 4095, 4095, 356.2208, 28.44688, 353.127, -4.687023, 6.198473, -0.3129771, 205.8414, 114.6555, 347.3136, -4.358778, 0.4274809, 1.374046],
[1569, 3506, 4095, 4095, 4095, 357.387, 28.87435, 355.3382, -4.236641, 2.083969, 1.312977, 206.0705, 114.7882, 347.114, -3.022901, 0.8244275, 1.877863],
[1574, 3475, 4095, 4095, 4095, 355.5023, 28.63402, 351.8834, -3.854962, 1.381679, 0.1679389, 205.7415, 115.0342, 347.1556, -1.435114, 1.916031, 1.366412],
[1581, 3481, 4095, 4095, 4095, 355.7451, 27.88608, 352.082, -2.114504, 2.045802, -0.5725191, 204.606, 114.9238, 347.8352, -2.687023, 1.992366, 1.580153],
[1563, 3503, 4095, 4095, 4095, 355.2116, 27.78574, 351.0559, -2.801527, 1.175573, 1.290076, 204.9618, 114.7951, 347.7124, -3.053435, 1.824428, 0.9312977],
[1574, 3474, 4095, 4095, 4095, 354.9762, 28.10764, 350.7419, -2.992366, 2.198473, -0.3969466, 205.5907, 114.8309, 347.3518, -3.068702, 1.770992, 1.664122],
[1563, 3499, 4095, 4095, 4095, 355.5872, 28.05995, 351.8473, -3.687023, 2.78626, 0.5343512, 204.6168, 114.6353, 347.9835, -3.312977, 1.801527, 1.51145],
[1574, 3503, 4095, 4095, 4095, 355.4812, 28.4861, 351.7962, -4.007634, 2.847328, 0.4122138, 205.7332, 114.7903, 347.2969, -3.251908, 1.48855, 1.244275],
[1584, 3499, 4095, 4095, 4095, 355.5723, 28.44665, 351.9482, -4.251908, 0.9770992, 0.2290076, 206.1127, 114.3107, 347.3613, -3.465649, 1.21374, 1.832061],
[1567, 3503, 4095, 4095, 4095, 355.3047, 28.01313, 351.3106, -2.664122, 2.870229, -0.129771, 206.0392, 114.5082, 347.2894, -3.137405, 0.8167939, 1.923664],
[1584, 3495, 4095, 4095, 4095, 356.2476, 28.26136, 353.1238, -3.419847, 3.229008, -0.4198473, 206.145, 114.6116, 347.1735, -5.221374, 1.19084, 1.137405],
[1559, 3487, 4095, 4095, 4095, 355.9595, 28.33464, 352.6179, -3.137405, 1.732824, 0.610687, 205.4517, 114.8993, 347.3896, -1.19084, 1.717557, 1.351145],
[1570, 3485, 4095, 4095, 4095, 354.6556, 28.23964, 350.2083, -3.793893, 2.51145, 0.6030535, 205.2408, 114.6197, 347.6577, -2.305344, 1.854962, 1.580153],
[1574, 3501, 4095, 4095, 4095, 355.7708, 27.9819, 352.1608, -3.526718, 3.389313, 1.0, 205.6588, 113.9093, 347.8262, -3.534351, 1.519084, 1.503817],
[1558, 3495, 4095, 4095, 4095, 355.1136, 28.34008, 351.0787, -3.129771, 0.7709923, 0.2137404, 206.05, 114.3366, 347.3803, -1.877863, 1.389313, 1.748092],
[1571, 3510, 4095, 4095, 4095, 355.5819, 27.55508, 351.6655, -1.633588, 0.8625955, -1.10687, 205.9663, 114.7846, 347.1729, -1.870229, 0.6412213, 2.59542],
[1565, 3487, 4095, 4095, 4095, 355.729, 28.56535, 352.2701, -3.076336, 1.587786, 1.419847, 206.5459, 114.37, 347.0942, -2.946565, 1.603053, 1.312977],
[1581, 3502, 4095, 4095, 4095, 355.701, 29.01793, 352.3607, -4.374046, 2.21374, -0.09923664, 206.7006, 114.7561, 346.7866, -3.694656, 0.6717557, 1.29771],
[1579, 3501, 4095, 4095, 4095, 355.5749, 28.61134, 352.0067, -2.816794, 2.10687, -0.351145, 206.339, 114.5826, 347.0845, -2.78626, 1.694656, 1.709924],
[1570, 3486, 4095, 4095, 4095, 355.2106, 27.99207, 351.1296, -2.076336, 0.7175572, -0.3664122, 207.1104, 115.0471, 346.3882, -3.366412, 1.465649, 1.396947],
[1577, 3511, 4095, 4095, 4095, 355.7273, 28.45289, 352.2316, -3.816794, 2.572519, 0.4961832, 205.9477, 114.9747, 347.0757, -2.938931, 1.312977, 1.083969],
[1567, 3505, 4095, 4095, 4095, 355.4246, 28.36423, 351.6525, -3.175573, 1.29771, 0.1679389, 206.4809, 114.4055, 347.1089, -2.732824, 1.549618, 2.015267],
[1580, 3523, 4095, 4095, 4095, 354.9796, 27.73052, 350.6037, -3.534351, 1.290076, 0.1908397, 206.3396, 114.6353, 347.054, -1.091603, 1.40458, 1.656489],
[1578, 3518, 4095, 4095, 4095, 355.33, 28.35104, 351.476, -3.732824, 1.549618, 0.3587786, 206.9727, 114.4718, 346.8032, -2.709924, 2.236641, 0.8625955],
[1485, 3357, 4095, 4095, 4095, 359.0522, 34.69795, 358.6642, -2.374046, 3.183206, 0.1450382, 207.1446, 115.1851, 346.2871, -1.832061, 0.5343512, 1.564886],
[1488, 3365, 4095, 4095, 4095, 358.4632, 34.57512, 357.807, -4.694656, 3.80916, 0.4122138, 208.5023, 114.5352, 345.9195, -1.618321, 1.778626, 1.19084],
[1485, 3358, 4095, 4095, 4095, 358.4507, 34.63854, 357.794, -2.633588, 1.29771, -0.2366412, 208.1338, 115.3821, 345.6043, -3.70229, 1.618321, 1.648855],
[1474, 3367, 4095, 4095, 4095, 358.5194, 34.69007, 357.897, -3.160305, 0.2366412, 0.1068702, 208.4302, 115.0779, 345.623, -1.931298, 1.763359, 1.068702],
[1472, 3371, 4095, 4095, 4095, 357.6797, 33.98343, 356.6024, -3.725191, 1.70229, 0.007633588, 208.2899, 114.3622, 346.1444, -1.839695, 1.366412, 2.061069],
[1472, 3355, 4095, 4095, 4095, 359.339, 35.11334, 359.0902, -4.320611, 3.038168, -0.5648855, 208.2821, 114.9725, 345.7726, -5.183206, 0.6870229, 1.709924],
[1485, 3383, 4095, 4095, 4095, 357.6688, 33.98839, 356.5868, -3.396947, 1.908397, 1.160305, 208.1264, 115.2806, 345.6712, -2.709924, 1.358779, 1.267176],
[1472, 3377, 4095, 4095, 4095, 357.1077, 33.45789, 355.6753, -4.122138, 2.679389, 0.6335878, 209.3669, 114.6116, 345.3839, -2.862595, 1.755725, 1.206107],
[1472, 3447, 4095, 4095, 4095, 357.6019, 34.75012, 356.5849, -3.419847, 3.755725, 0.3282443, 207.9497, 114.8808, 346.0168, -3.328244, 1.870229, 0.9083969],
[1494, 3379, 4095, 4095, 4095, 359.2163, 34.40218, 358.8889, -4.137404, 2.244275, -0.1984733, 207.6174, 115.4086, 345.8844, -2.396947, 1.335878, 1.885496],
[1488, 3375, 4095, 4095, 4095, 357.9414, 34.2389, 357.0167, -4.40458, 1.442748, 1.053435, 209.5967, 114.6576, 345.2235, -2.091603, 1.473282, 1.648855],
[1486, 3371, 4095, 4095, 4095, 357.7009, 34.49446, 356.6962, -2.259542, 1.167939, -0.6641222, 208.2539, 114.9482, 345.8037, -3.236641, 1.21374, 2.160305],
[1487, 3391, 4095, 4095, 4095, 356.5881, 33.98595, 354.9935, -3.839695, 3.526718, -0.02290076, 208.8955, 114.8533, 345.4984, -3.328244, 1.870229, 1.664122],
[1492, 3391, 4095, 4095, 4095, 357.4605, 34.42868, 356.3393, -4.267176, 1.78626, 0.9770992, 209.6061, 114.3209, 345.4354, -2.51145, 1.778626, 1.633588],
[1473, 3391, 4095, 4095, 4095, 356.1116, 33.99891, 354.2951, -1.045802, 0.1526718, -0.8778625, 209.3732, 114.8406, 345.2334, -2.916031, 1.343511, 1.938931],
[1489, 3383, 4095, 4095, 4095, 357.1722, 33.99435, 355.8555, -2.282443, 1.618321, 0.3053435, 209.5989, 114.5372, 345.2999, -3.045802, 1.671756, 1.083969],
[1481, 3383, 4095, 4095, 4095, 356.9082, 34.14254, 355.4911, -2.80916, 2.580153, -0.5114504, 208.8946, 114.6602, 345.6207, -2.557252, 1.175573, 1.221374],
[1476, 3367, 4095, 4095, 4095, 357.6607, 34.168, 356.5975, -3.412214, 3.030534, 0.1145038, 208.4042, 114.6747, 345.888, -1.503817, 1.038168, 1.137405],
[1490, 3397, 4095, 4095, 4095, 356.5093, 33.46061, 354.7767, -1.687023, 0.02290076, -0.1832061, 208.2733, 115.6649, 345.348, -1.816794, 1.564886, 1.671756],
[1481, 3399, 4095, 4095, 4095, 356.5648, 33.56823, 354.8805, -3.961832, 2.832061, 0.3282443, 208.3236, 114.1516, 346.2553, -3.206107, 1.679389, 0.8396947],
[1484, 3408, 4095, 4095, 4095, 358.3648, 33.70795, 357.5898, -3.0, 2.541985, 0.5725191, 209.8828, 114.8869, 344.9098, -3.885496, 1.068702, 0.7480916],
[1477, 3409, 4095, 4095, 4095, 356.6557, 33.1879, 354.9454, -1.916031, -0.7175572, -0.1908397, 208.4084, 114.9433, 345.719, -1.648855, 1.419847, 2.068702],
[1485, 3387, 4095, 4095, 4095, 356.7513, 33.43372, 355.1352, -1.40458, -0.8167939, 0.1221374, 208.4614, 115.0531, 345.6206, -1.641221, 1.610687, 1.885496],
[1482, 3389, 4095, 4095, 4095, 357.1739, 33.57176, 355.7927, -1.656489, -0.1908397, -0.1603053, 207.9009, 115.1659, 345.8704, -2.656489, 0.8931297, 1.694656],
[1485, 3397, 4095, 4095, 4095, 357.4819, 33.51278, 356.2458, -2.549618, 1.549618, 0.2442748, 208.2885, 114.7688, 345.8949, -2.664122, 1.480916, 0.778626],
[1502, 3399, 4095, 4095, 4095, 357.159, 33.90424, 355.8221, -2.21374, 0.7175572, -0.8396947, 209.2356, 114.747, 345.372, -1.442748, 1.748092, 1.78626],
[1498, 3407, 4095, 4095, 4095, 356.4008, 32.7206, 354.4625, -4.396946, 3.061069, 0.4198473, 208.1919, 114.1288, 346.3414, -2.656489, 1.89313, 1.648855],
[1507, 3407, 4095, 4095, 4095, 358.0677, 33.81403, 357.1575, -3.625954, 2.549618, -0.5496183, 209.6764, 114.8191, 345.0732, -2.778626, 1.145038, 1.51145],
[1478, 3409, 4095, 4095, 4095, 357.3904, 33.72005, 356.1381, -2.732824, 2.351145, 0.129771, 210.1045, 113.9531, 345.3942, -2.442748, 0.9770992, 1.824428],
[1500, 3383, 4095, 4095, 4095, 356.8583, 33.73505, 355.3486, -5.175572, 2.824427, 0.09923664, 209.292, 114.995, 345.181, -2.305344, 1.152672, 1.381679],
[1498, 3407, 4095, 4095, 4095, 357.4304, 32.83997, 356.0711, -5.801527, 2.427481, -0.5114504, 206.8791, 114.9178, 346.5934, -3.709924, 2.89313, 0.1374046],
[1490, 3411, 4095, 4095, 4095, 357.6412, 32.22233, 356.3109, -0.04580153, -0.129771, -0.6030535, 208.1966, 114.745, 345.9612, -1.450382, -0.4122138, 3.21374],
[1500, 3423, 4095, 4095, 4095, 356.2737, 32.37732, 354.1918, -2.320611, 2.007634, -1.877863, 205.9663, 115.1346, 346.9749, -5.625954, -0.1450382, 0.6717557],
[1493, 3408, 4095, 4095, 4095, 357.309, 32.11502, 355.7698, -5.053435, 2.625954, 0.7709923, 206.7961, 115.2156, 346.4653, -1.679389, 1.961832, 0.9389313],
[1489, 3407, 4095, 4095, 4095, 357.1592, 32.97528, 355.6756, -0.2748091, 2.916031, -2.267176, 208.4368, 114.9021, 345.7285, -2.458015, -0.5496183, 4.129771],
[1503, 3410, 4095, 4095, 4095, 358.0144, 33.407, 357.034, -6.21374, 5.374046, -0.4351145, 208.774, 114.981, 345.4872, -5.91603, 1.045802, -1.572519],
[1489, 3409, 4095, 4095, 4095, 356.7913, 31.47301, 354.8257, -0.9236641, 1.305344, -1.885496, 209.1408, 114.9622, 345.2889, -3.076336, -1.48855, 5.206107],
[1499, 3434, 4095, 4095, 4095, 358.0108, 32.84604, 356.966, -5.366412, 6.0, 1.580153, 208.2143, 116.3058, 344.9826, -4.91603, 2.465649, -3.78626],
[1503, 3408, 4095, 4095, 4095, 357.1343, 31.64064, 355.4111, -0.1908397, -1.541985, 0.5801527, 209.6828, 116.0138, 344.289, -2.755725, 0.9007633, 2.244275],
[1499, 3427, 4095, 4095, 4095, 357.1318, 32.94492, 355.6286, -3.603053, 1.053435, 2.70229, 207.7909, 115.5907, 345.6738, -2.977099, 3.885496, 0.1832061],
[1510, 3423, 4095, 4095, 4095, 356.8133, 33.36855, 355.2168, -1.419847, -0.5343512, -1.290076, 209.0227, 115.0682, 345.2893, -5.259542, 0.4503817, 3.931298],
[1509, 3419, 4095, 4095, 4095, 356.3847, 33.00801, 354.4974, -6.389313, 2.916031, 1.335878, 208.7961, 114.618, 345.7028, -6.076336, 2.007634, 0.7633588],
[1488, 3439, 4095, 4095, 4095, 356.895, 32.37153, 355.1624, -1.961832, 0.5954198, -1.022901, 208.5731, 115.5419, 345.2502, -3.916031, 0.9923664, -3.030534],
[1511, 3415, 4095, 4095, 4095, 355.9068, 31.41316, 353.3798, -3.564885, 1.908397, -0.6793893, 209.1129, 115.4909, 344.9671, -0.2519084, 0.5343512, 1.89313],
[1504, 3408, 4095, 4095, 4095, 356.6831, 34.23537, 355.1779, -4.167939, 2.160305, 1.977099, 209.0581, 114.8906, 345.3819, -2.496183, 1.053435, 1.435114],
[1505, 3415, 4095, 4095, 4095, 357.6135, 32.51724, 356.3087, -1.290076, 5.221374, -2.610687, 208.9406, 115.5312, 345.0423, -4.946565, -1.137405, 0.7938931],
[1502, 3431, 4095, 4095, 4095, 356.1516, 33.14712, 354.1722, -3.442748, 3.091603, 1.923664, 208.7945, 114.764, 345.612, -1.129771, 1.274809, 0.9923664],
[1509, 3411, 4095, 4095, 4095, 356.2428, 31.98045, 354.0546, -4.427481, 0.2900764, -1.030534, 209.1598, 115.5713, 344.888, -3.59542, 1.541985, 2.709924],
[1584, 3395, 4095, 4095, 4095, 348.8436, 29.45726, 340.8573, -1.778626, 0.4503817, 1.442748, 205.8358, 112.7357, 348.3816, -0.4198473, 0.0610687, 2.038168],
[1589, 3399, 4095, 4095, 4095, 348.4936, 27.90129, 339.0885, -3.854962, 3.641221, 0.4580153, 204.4692, 112.8866, 348.9795, -3.21374, 1.793893, 1.236641],
[1597, 3445, 4095, 4095, 4095, 350.0436, 29.18673, 342.6572, -5.587786, 4.900764, 0.02290076, 207.1505, 112.7715, 347.6987, -1.236641, 1.183206, 2.267176],
[1680, 3611, 4095, 4095, 4095, 347.943, 28.57183, 338.6985, -3.122137, 5.21374, -4.015267, 205.2134, 112.7676, 348.674, -1.51145, -0.1221374, 1.564886],
[1670, 3631, 4095, 4095, 4095, 350.43, 28.32633, 342.7397, -4.312977, 3.160305, 4.40458, 203.3985, 113.1275, 349.3851, -3.641221, 2.969466, 1.610687],
[1675, 3639, 4095, 4095, 4095, 349.7766, 27.72174, 341.1728, -4.465649, 5.694656, -0.740458, 204.099, 113.6979, 348.7453, -4.687023, -0.1526718, 0.5114504],
[1680, 3633, 4095, 4095, 4095, 351.2575, 27.67982, 343.7706, -3.129771, 4.305344, 0.3435115, 203.0731, 114.0664, 349.0827, -4.656488, 0.8625955, 0.4580153],
[1697, 3633, 4095, 4095, 4095, 350.2126, 27.2477, 341.598, -2.29771, 5.282443, 1.312977, 203.9042, 113.7562, 348.8146, -0.6793893, 1.656489, 1.21374],
[1702, 3638, 4095, 4095, 4095, 351.8091, 26.66801, 344.1234, -7.541985, 3.694656, 1.89313, 203.3802, 113.2608, 349.3279, -2.78626, 1.496183, 2.526718],
[1701, 3651, 4095, 4095, 4095, 349.1874, 24.63537, 337.5325, -5.244275, 1.969466, 0.7709923, 204.0443, 114.4631, 348.3775, 1.526718, 0.3129771, 1.312977],
[1709, 3645, 4095, 4095, 4095, 350.6288, 25.34347, 340.921, -2.51145, 2.229008, 0.3435115, 203.2454, 114.1236, 348.9659, -4.419847, 3.427481, 1.549618],
[1712, 3643, 4095, 4095, 4095, 349.9609, 27.20106, 341.1122, -5.10687, 1.824428, 2.160305, 205.8371, 113.6939, 347.8523, -0.6183206, 3.007634, 0.8015267],
[1714, 3639, 4095, 4095, 4095, 351.7557, 27.10154, 344.3038, -4.778626, 4.022901, 0.5954198, 203.6174, 114.0032, 348.8355, -3.580153, 1.923664, 0.9160305],
[1710, 3647, 4095, 4095, 4095, 352.1465, 27.16371, 345.0639, -3.70229, 2.068702, -0.1221374, 203.3537, 113.3877, 349.2779, -0.9847328, 2.312977, 1.305344],
[1717, 3659, 4095, 4095, 4095, 350.4784, 26.74931, 341.7138, -3.961832, 1.854962, -0.1603053, 203.5994, 113.4238, 349.1372, -1.572519, 0.5801527, 2.480916],
[1728, 3654, 4095, 4095, 4095, 352.1678, 26.49275, 344.6865, -3.419847, 0.4045802, 0.6870229, 204.3435, 113.6489, 348.6461, -0.9465649, 0.8167939, 2.847328],
[1728, 3663, 4095, 4095, 4095, 350.1941, 27.02309, 341.399, -4.167939, 0.7709923, 0.6641222, 205.4703, 113.7548, 348.0095, -2.687023, 1.725191, 2.038168],
[1703, 3655, 4095, 4095, 4095, 350.7184, 27.40129, 342.6157, -3.022901, 2.70229, -0.7633588, 204.5139, 113.6546, 348.5561, -3.274809, 1.48855, 1.396947],
[1711, 3664, 4095, 4095, 4095, 351.8022, 27.49817, 344.6386, -3.541985, 2.450382, -0.4961832, 205.0036, 113.9569, 348.1427, -2.763359, 1.0, 1.877863],
[1714, 3675, 4095, 4095, 4095, 351.9646, 27.36746, 344.8539, -4.908397, 0.2290076, 2.328244, 205.7295, 113.8835, 347.8034, -1.977099, 2.038168, 1.557252],
[1726, 3679, 4095, 4095, 4095, 351.1546, 28.05639, 343.8302, -3.977099, 2.671756, 0.2977099, 205.261, 113.5654, 348.2207, -3.29771, 2.083969, 1.40458],
[1715, 3711, 4095, 4095, 4095, 349.4118, 26.84634, 339.8531, -4.351145, -0.351145, -1.251908, 205.8106, 113.9646, 347.7159, -4.717557, 2.717557, 1.091603],
[1712, 3685, 4095, 4095, 4095, 352.4514, 27.00363, 345.5334, -4.503817, 3.0, 3.496183, 205.793, 113.8524, 347.7874, 0.07633588, 1.290076, 0.870229],
[1734, 3699, 4095, 4095, 4095, 352.2478, 27.17973, 345.2607, -4.59542, 2.419847, 0.8854962, 206.2083, 114.5577, 347.1698, -4.51145, 1.694656, 1.664122],
[1709, 3677, 4095, 4095, 4095, 351.6196, 26.54503, 343.6868, -2.59542, 1.954198, -0.7099237, 203.9707, 114.1381, 348.5842, -1.824428, 1.450382, 1.885496],
[1718, 3729, 4095, 4095, 4095, 351.3207, 26.6135, 343.1741, -2.427481, 1.045802, 0.480916, 203.6486, 114.3711, 348.6322, -1.374046, 1.435114, 1.251908],
[1718, 3701, 4095, 4095, 4095, 351.2427, 26.90126, 343.2263, -1.076336, -1.557252, 0.0, 205.0122, 114.2608, 347.9745, -3.374046, 1.267176, 1.679389],
[1732, 3693, 4095, 4095, 4095, 351.3667, 27.661, 343.9544, -2.236641, 1.29771, -0.6946565, 204.1206, 114.2327, 348.4573, -2.251908, 1.480916, 1.793893],
[1742, 3711, 4095, 4095, 4095, 351.3445, 26.18374, 342.9195, -2.374046, 2.473282, -1.351145, 204.2974, 114.3834, 348.286, -3.251908, 0.9160305, 2.19084],
[1730, 3686, 4095, 4095, 4095, 351.4909, 26.98074, 343.7373, -3.679389, 3.549618, -0.1526718, 205.5679, 114.0524, 347.795, -3.320611, 1.236641, 1.366412],
[1730, 3667, 4095, 4095, 4095, 351.9124, 27.14954, 344.623, -3.832061, 2.923664, 0.3282443, 205.3348, 114.37, 347.7441, -3.198473, 1.480916, 1.755725],
[1709, 3703, 4095, 4095, 4095, 351.9739, 27.03913, 344.6675, -3.419847, 2.977099, -0.02290076, 205.9867, 113.4975, 347.8838, -2.832061, 1.099237, 0.9083969],
[1743, 3715, 4095, 4095, 4095, 352.837, 27.81778, 346.7042, -2.977099, 2.21374, -0.4198473, 205.3962, 114.1806, 347.8153, -4.503817, 1.053435, 1.389313],
[1693, 3711, 4095, 4095, 4095, 352.1685, 26.90031, 344.943, -4.770992, 2.824427, 1.007634, 205.0324, 114.4987, 347.8352, -2.793893, 1.251908, 1.969466],
[1667, 3665, 4095, 4095, 4095, 351.024, 26.02591, 342.1984, -5.740458, 1.748092, -0.06870229, 206.2708, 114.1773, 347.3522, -2.839695, 2.519084, 1.480916],
[1698, 3695, 4095, 4095, 4095, 352.2378, 26.96197, 345.1102, -3.832061, 2.145038, -0.06870229, 205.8946, 114.3323, 347.4661, -3.282443, 1.160305, 2.083969],
[1698, 3697, 4095, 4095, 4095, 351.8569, 26.91368, 344.3712, -4.0, 3.183206, 0.7709923, 205.7801, 114.2994, 347.5457, -2.374046, 1.503817, 1.099237],
[1696, 3685, 4095, 4095, 4095, 351.9624, 27.60508, 344.9947, -3.961832, 2.984733, 0.1221374, 205.7373, 114.255, 347.5932, -3.458015, 1.21374, 1.450382],
[1680, 3701, 4095, 4095, 4095, 351.3979, 25.88884, 342.8119, -1.083969, 0.9160305, -0.6183206, 205.8009, 114.5223, 347.41, -3.015267, 1.671756, 1.496183],
[1712, 3679, 4095, 4095, 4095, 351.2787, 26.14954, 342.7706, -2.328244, 2.748092, 0.1068702, 206.0104, 114.2911, 347.4272, -1.358779, 1.290076, 1.839695],
[1708, 3687, 4095, 4095, 4095, 352.3226, 27.1723, 345.3945, -3.450382, 3.694656, 0.09160305, 205.0233, 114.5038, 347.8372, -3.580153, 1.083969, 1.320611],
[1701, 3691, 4095, 4095, 4095, 352.3887, 26.90784, 345.359, -2.885496, 1.068702, 0.6259542, 205.2571, 114.2236, 347.8653, -1.885496, 1.030534, 1.59542],
[1687, 3699, 4095, 4095, 4095, 351.8611, 26.40222, 344.047, -1.145038, 1.877863, -0.5496183, 204.9265, 114.5055, 347.888, -1.854962, 1.091603, 2.038168],
[1701, 3711, 4095, 4095, 4095, 352.4275, 25.96048, 344.8462, -2.732824, 0.7557252, 0.1374046, 205.1502, 114.6934, 347.6662, -2.10687, 2.145038, 1.061069],
[1699, 3696, 4095, 4095, 4095, 351.932, 26.66812, 344.3541, -3.610687, 0.8473283, 0.0, 205.4798, 114.4764, 347.6081, -3.137405, 1.412214, 1.366412],
[1711, 3699, 4095, 4095, 4095, 351.6015, 25.71578, 343.0809, -2.244275, 0.648855, -0.259542, 205.7776, 114.3996, 347.4911, -3.694656, 1.465649, 1.229008],
[1712, 3695, 4095, 4095, 4095, 351.167, 25.97296, 342.4315, -2.80916, 1.465649, 0.5954198, 205.3024, 114.868, 347.4881, -2.022901, 1.770992, 0.961832],
[1701, 3707, 4095, 4095, 4095, 351.4169, 26.33617, 343.1629, -3.839695, 3.351145, 0.8167939, 205.5523, 114.5731, 347.5157, -1.458015, 1.839695, 1.458015],
[1461, 3574, 4095, 4095, 4095, 349.9461, 30.32715, 343.2351, -8.503817, 2.923664, -2.21374, 206.6624, 110.6439, 349.1413, -3.549618, 2.0, 3.419847],
[1471, 3600, 4095, 4095, 4095, 351.0911, 31.57313, 345.7747, -2.290076, 2.053435, 0.07633588, 206.9851, 110.8365, 348.8846, -4.541985, 0.9694656, 0.5343512],
[1480, 3637, 4095, 4095, 4095, 351.2993, 28.41266, 344.3087, -0.9465649, -2.0, 3.961832, 206.7196, 110.9755, 348.93, 0.740458, 0.6183206, 0.6030535],
[1497, 3615, 4095, 4095, 4095, 350.1121, 29.41308, 342.9207, -0.01526718, -1.687023, 2.877863, 209.0614, 110.8581, 347.8921, -3.778626, 0.8091603, 1.557252],
[1501, 3643, 4095, 4095, 4095, 349.3127, 27.08741, 339.8678, -3.587786, 3.007634, 2.175573, 207.2577, 110.8864, 348.7293, -3.625954, 0.8625955, 0.9083969],
[1505, 3647, 4095, 4095, 4095, 349.9514, 28.82357, 342.2569, -5.08397, 6.954198, 2.083969, 208.7282, 110.9793, 347.9783, -2.961832, 1.053435, 0.8091603],
[1514, 3657, 4095, 4095, 4095, 348.1681, 27.12412, 337.8824, -1.572519, 0.2061069, -0.1908397, 206.5993, 111.2622, 348.8264, -2.450382, 3.183206, 2.442748],
[1504, 3655, 4095, 4095, 4095, 348.2036, 27.96654, 338.6469, -2.938931, 2.610687, 0.8244275, 205.9294, 110.5767, 349.5112, -3.473282, 1.969466, 1.435114],
[1520, 3653, 4095, 4095, 4095, 349.8223, 27.67524, 341.2189, -4.984733, 4.870229, 0.5954198, 204.6373, 111.1111, 349.8161, -2.29771, 1.328244, -0.4122138],
[1518, 3643, 4095, 4095, 4095, 348.4363, 26.70033, 337.9902, 0.389313, -1.923664, 0.9312977, 205.6218, 110.7577, 349.5535, 1.80916, 0.6183206, 2.641221],
[1504, 3661, 4095, 4095, 4095, 348.4938, 27.33716, 338.629, -1.374046, 3.961832, -1.480916, 205.6454, 110.9232, 349.4544, -4.633588, 0.1832061, 0.7480916],
[1500, 3667, 4095, 4095, 4095, 349.2311, 27.84406, 340.3136, -4.541985, 1.641221, -0.0610687, 204.0876, 110.7167, 350.2627, -5.732824, 2.030534, 2.061069],
[1503, 3643, 4095, 4095, 4095, 349.2343, 26.09822, 338.9162, 0.4656488, 0.351145, 0.02290076, 203.6885, 111.0564, 350.2724, -3.343511, 0.7709923, 2.061069],
[1527, 3647, 4095, 4095, 4095, 349.0724, 24.81126, 337.4752, -2.870229, 0.6717557, 0.4885496, 205.8454, 111.2978, 349.1605, -3.167939, 0.8625955, 3.21374],
[1509, 3655, 4095, 4095, 4095, 349.5227, 26.94552, 340.1307, -4.70229, 3.061069, 1.419847, 205.454, 111.8741, 349.0352, -3.19084, 0.740458, 1.870229],
[1491, 3623, 4095, 4095, 4095, 348.4621, 27.31117, 338.5523, -2.206107, -0.9465649, -0.5877862, 205.9577, 111.8779, 348.7918, -1.801527, 1.412214, 2.961832],
[1513, 3659, 4095, 4095, 4095, 349.7827, 27.34638, 340.9037, -4.328244, 5.29771, -0.3969466, 204.6759, 112.2783, 349.1949, -6.015267, 1.076336, 0.7251908],
[1546, 3647, 4095, 4095, 4095, 349.6574, 28.21823, 341.3288, 0.1603053, -1.603053, 0.3664122, 205.1308, 112.0002, 349.1225, -2.114504, 1.847328, 2.465649],
[1513, 3539, 4095, 4095, 4095, 350.5078, 27.83366, 342.5396, -4.221374, 0.9923664, 1.900763, 205.6114, 111.872, 348.9611, -0.1603053, 2.564885, 1.992366],
[1517, 3642, 4095, 4095, 4095, 348.8371, 26.85678, 338.8344, -3.480916, 3.580153, -1.305344, 205.414, 111.6255, 349.1869, -2.618321, 1.244275, 2.061069],
[1516, 3669, 4095, 4095, 4095, 349.6415, 28.66536, 341.6214, -5.40458, 3.847328, 0.9007633, 205.3531, 112.1771, 348.9216, -2.816794, 1.183206, 2.030534],
[1517, 3647, 4095, 4095, 4095, 349.0783, 27.87204, 340.0707, -2.725191, 2.015267, 0.3053435, 206.3344, 111.5632, 348.7847, -0.7328244, 1.175573, 2.21374],
[1535, 3662, 4095, 4095, 4095, 349.1627, 28.26136, 340.5119, -4.564886, 1.251908, 0.0610687, 205.1816, 112.2986, 348.9398, -3.664122, 1.351145, 2.274809],
[1543, 3663, 4095, 4095, 4095, 350.0617, 27.95192, 341.8388, -4.931298, 3.954198, 0.8473283, 205.0565, 111.9878, 349.1646, -2.221374, 1.343511, 1.007634],
[1520, 3659, 4095, 4095, 4095, 349.3087, 27.78773, 340.4054, -4.175572, 3.732824, 0.1832061, 206.2231, 112.0867, 348.5485, -2.877863, 0.6870229, 1.465649],
[1513, 3639, 4095, 4095, 4095, 349.3427, 28.28048, 340.8339, -3.557252, 1.21374, -0.5114504, 205.9968, 112.2008, 348.5959, -2.89313, 0.8167939, 2.320611],
[1523, 3665, 4095, 4095, 4095, 349.4, 27.54769, 340.3812, -3.946565, 3.557252, -1.648855, 208.0238, 112.0974, 347.6535, -4.648855, 0.5801527, 2.221374],
[1534, 3637, 4095, 4095, 4095, 350.2458, 27.20837, 341.6286, -4.526718, 3.564885, 0.2900764, 206.9975, 112.3569, 348.0146, -4.274809, 1.183206, 1.748092],
[1533, 3654, 4095, 4095, 4095, 349.2392, 27.8073, 340.2994, -1.816794, 1.984733, 0.2061069, 206.5644, 112.3131, 348.2545, -1.396947, 1.496183, 1.427481],
[1517, 3665, 4095, 4095, 4095, 350.0611, 26.40147, 340.6829, -3.29771, 2.885496, 1.419847, 206.7626, 112.3338, 348.1446, -2.0, 1.0, 1.10687],
[1532, 3643, 4095, 4095, 4095, 349.8811, 27.64202, 341.2979, -4.854962, 1.519084, 0.8473283, 206.1933, 113.1064, 347.9959, -3.557252, 1.229008, 1.10687],
[1542, 3647, 4095, 4095, 4095, 349.3344, 27.53982, 340.26, -0.8167939, 0.9694656, -0.9541985, 205.2486, 112.4269, 348.8388, -2.053435, 1.282443, 1.778626],
[1548, 3646, 4095, 4095, 4095, 349.2457, 26.84286, 339.5524, -5.0, 1.312977, 0.1603053, 206.1635, 112.7598, 348.2043, -4.503817, 0.5038168, 1.832061],
[1556, 3631, 4095, 4095, 4095, 347.9026, 26.59687, 336.9551, -2.40458, 1.122137, -0.06870229, 206.3715, 112.9752, 347.9788, -1.778626, 2.381679, 1.603053],
[1513, 3631, 4095, 4095, 4095, 347.5762, 25.7135, 335.5549, -3.083969, 2.816794, 2.29771, 206.5792, 112.1732, 348.3259, 0.5877862, 3.076336, 1.007634],
[1519, 3619, 4095, 4095, 4095, 348.6802, 26.94159, 338.627, -2.671756, 1.343511, 2.541985, 206.9265, 112.3574, 348.0496, 0.1450382, 1.89313, 0.129771],
[1529, 3647, 4095, 4083, 4095, 349.2304, 26.71301, 339.4195, -4.801527, 2.755725, 3.083969, 206.4122, 112.7162, 348.1038, -0.389313, 1.625954, 0.870229],
[1542, 3633, 4095, 4095, 4095, 347.8291, 27.26364, 337.4145, -4.10687, 1.633588, -0.1450382, 207.5528, 112.5198, 347.6411, -2.603053, 1.381679, 1.664122],
[1552, 3611, 4095, 4095, 4095, 348.8544, 26.6307, 338.6763, -3.977099, 0.9770992, 2.038168, 206.279, 111.7868, 348.6874, -1.78626, 1.992366, 1.160305],
[1530, 3613, 4095, 4095, 4095, 349.9458, 26.75558, 340.7465, -6.412214, 2.870229, 0.06870229, 206.2769, 111.623, 348.779, -4.564886, -0.7022901, 1.267176],
[1525, 3633, 4095, 4095, 4095, 349.0322, 26.61671, 338.9837, -3.236641, 0.2977099, 0.3053435, 206.1076, 112.0572, 348.621, -2.038168, 0.9847328, 2.259542],
[1548, 3631, 4095, 4095, 4095, 348.692, 26.1949, 338.0104, -3.480916, 0.2671756, 0.4503817, 205.614, 112.4108, 348.6687, -3.198473, 1.793893, 1.931298],
[1550, 3615, 4095, 4095, 4095, 348.4766, 25.4749, 336.9705, -3.763359, 2.312977, 0.778626, 206.452, 112.2644, 348.3374, -2.816794, 1.19084, 1.198473],
[1530, 3619, 4095, 4095, 4095, 348.4273, 25.35094, 336.7643, -2.534351, 1.938931, 0.389313, 206.3308, 113.0277, 347.97, -3.045802, 0.4274809, 1.664122],
[1531, 3619, 4095, 4095, 4095, 348.4943, 26.74187, 338.1287, -5.740458, 3.80916, 0.2442748, 205.9851, 112.9673, 348.179, -5.114504, 1.908397, 1.328244],
[1518, 3607, 4095, 4095, 4095, 347.8814, 26.34306, 336.6886, -2.709924, 2.083969, 0.2900764, 206.9554, 112.4052, 348.0079, -0.2519084, 0.778626, 1.229008],
[1552, 3633, 4095, 4095, 4095, 347.4313, 25.22102, 334.8118, -1.70229, 1.770992, 0.7557252, 206.7989, 112.6259, 347.9603, -4.030534, 0.2519084, 1.076336],
[1520, 3632, 4095, 4095, 4095, 347.5451, 25.55221, 335.3432, -4.274809, 3.458015, 0.4198473, 207.1735, 112.617, 347.7765, -2.48855, 1.328244, 1.129771],
[1567, 3413, 4095, 4095, 4095, 348.3436, 30.50255, 340.8008, -3.618321, 0.4961832, 2.251908, 206.408, 111.8899, 348.568, -3.137405, 1.541985, 0.8473283],
[1567, 3413, 4095, 4095, 4095, 349.0817, 30.10037, 341.6948, -0.2671756, 2.770992, -2.717557, 206.2772, 111.7874, 348.688, -3.312977, -0.02290076, 1.435114],
[1570, 3427, 4095, 4095, 4095, 348.3743, 30.5365, 340.8731, 2.709924, 1.045802, -2.099237, 205.1188, 112.4248, 348.9033, -3.374046, 1.328244, 1.251908],
[1561, 3443, 4095, 4095, 4095, 346.9076, 30.28598, 338.3928, -0.8015267, 0.2977099, -0.5877862, 205.4441, 112.0314, 348.9557, -1.503817, 1.358779, 1.335878],
[1571, 3439, 4095, 4095, 4095, 347.699, 28.62776, 338.3394, -0.3664122, 2.21374, 0.2366412, 208.7133, 111.6926, 347.5533, -3.053435, 0.8015267, -0.6717557],
[1576, 3429, 4095, 4095, 4095, 348.3304, 28.3139, 339.1407, -5.366412, 1.473282, 3.358779, 206.8003, 110.9674, 348.897, -1.770992, 3.450382, 0.8625955],
[1591, 3451, 4095, 4095, 4095, 348.5411, 29.88441, 340.6742, -4.442748, 2.083969, 2.801527, 201.5696, 112.8376, 350.4087, -0.01526718, 3.160305, 2.587786],
[1585, 3439, 4095, 4095, 4095, 346.6495, 27.8484, 335.9336, -1.236641, 1.396947, -3.274809, 204.2942, 111.8618, 349.591, -1.160305, 0.2977099, 3.038168],
[1584, 3435, 4095, 4095, 4095, 347.4943, 27.67925, 337.2019, -2.458015, 5.465649, -1.21374, 205.7458, 112.1163, 348.7642, -3.534351, 1.541985, 0.5572519],
[1584, 3441, 4095, 4095, 4095, 348.1789, 29.30002, 339.6554, -1.587786, 3.503817, -0.4198473, 205.2073, 112.1878, 348.9863, -5.480916, -0.2748091, -0.5343512],
[1630, 3459, 4095, 4095, 4095, 346.5331, 27.53923, 335.459, -0.09160305, -2.946565, -0.4045802, 204.1626, 114.2547, 348.4239, 9.870229, -3.038168, -2.160305],
[1581, 3439, 4095, 4095, 4095, 348.2597, 28.00158, 338.7706, -3.648855, 0.961832, 1.259542, 206.7689, 112.6797, 347.9448, -3.007634, 3.007634, 1.832061],
[1596, 3447, 4095, 4095, 4095, 348.7597, 28.71006, 340.168, -3.351145, 5.145038, -2.358779, 204.7221, 112.8202, 348.8893, -0.6717557, -2.969466, 3.221374],
[1586, 3454, 4095, 4095, 4095, 347.7585, 26.91793, 336.989, -0.9923664, 1.984733, -0.9541985, 205.2508, 113.4465, 348.2902, -1.435114, 2.0, 1.152672],
[1570, 3461, 4095, 4095, 4095, 348.8046, 28.02213, 339.7164, -2.21374, 3.167939, 0.4274809, 202.1738, 112.8678, 350.1059, -0.2824428, 0.6335878, 1.587786],
[1597, 3499, 4095, 4095, 4095, 349.8387, 27.78232, 341.3262, -4.358778, 1.419847, 0.02290076, 205.0869, 113.867, 348.1478, -4.366412, 0.7175572, 1.854962],
[1584, 3475, 4095, 4095, 4095, 347.7748, 27.32871, 337.3774, -4.389313, 2.221374, 2.938931, 206.0918, 114.7988, 347.0963, -14.53435, 0.2748091, -6.40458],
[1584, 3491, 4095, 4095, 4095, 350.4195, 28.18764, 342.6275, -1.923664, 1.938931, -2.59542, 204.7239, 113.1485, 348.7159, -4.068702, -1.282443, 2.10687],
[1582, 3505, 4095, 4095, 4095, 349.4966, 27.81335, 340.7516, -4.900764, 3.664122, -3.671756, 203.0598, 113.485, 349.3762, -5.366412, 0.259542, 3.877863],
[1598, 3490, 4095, 4095, 4095, 349.0362, 28.39914, 340.4, -3.015267, 0.1068702, -3.251908, 201.8445, 113.8876, 349.7905, -13.82443, 0.4885496, 1.282443],
[1600, 3487, 4095, 4095, 4095, 350.2564, 27.44807, 341.8219, -0.7633588, 3.732824, 0.4503817, 204.8213, 113.6629, 348.3943, -0.8549618, 0.8778625, 2.091603],
[1600, 3494, 4095, 4095, 4095, 346.7861, 30.02297, 337.9952, -2.587786, 1.396947, -0.5496183, 204.8999, 113.2191, 348.5901, -3.48855, 1.045802, 2.725191],
[1610, 3494, 4095, 4095, 4095, 347.9095, 28.20142, 338.3422, -2.89313, 2.801527, -1.816794, 205.4018, 113.3056, 348.2894, -4.450382, -0.007633588, 1.938931],
[1604, 3505, 4095, 4095, 4095, 350.7935, 30.3783, 344.6364, -7.015267, 0.8778625, 5.21374, 207.3004, 114.0814, 346.8546, -15.0687, 3.305344, -1.21374],
[1590, 3486, 4095, 4095, 4095, 347.8214, 28.22978, 338.2175, -4.519084, 4.549618, 0.3358779, 203.4409, 114.3523, 348.7499, -6.229008, 3.916031, 3.206107],
[1607, 3501, 4095, 4095, 4095, 346.3378, 28.16024, 335.6994, -4.175572, -3.145038, 3.244275, 203.5929, 114.5403, 348.5751, 5.305344, 3.427481, -2.450382],
[1585, 3503, 4095, 4095, 4095, 346.3755, 28.23127, 335.8247, 0.2519084, -2.80916, 1.755725, 209.3038, 113.2242, 346.3004, -5.709924, 4.625954, 0.7557252],
[1619, 3502, 4095, 4095, 4095, 347.1879, 27.19106, 336.2492, -2.923664, -0.7709923, 2.59542, 207.2722, 112.9247, 347.5475, -1.458015, 2.473282, 1.007634],
[1605, 3491, 4095, 4095, 4095, 346.8958, 28.47234, 336.8877, -3.061069, 1.977099, 2.076336, 207.8693, 112.8165, 347.3042, -1.167939, 1.381679, 0.351145],
[1607, 3505, 4095, 4095, 4095, 346.4107, 28.95779, 336.518, -0.0610687, 0.7175572, -0.480916, 208.2781, 112.404, 347.3417, -2.328244, -0.7022901, 1.801527],
[1595, 3503, 4095, 4095, 4095, 348.1385, 27.96647, 338.5362, -4.70229, -0.1603053, 2.732824, 206.0122, 113.117, 348.0823, -3.343511, 0.6946565, -0.2748091],
[1610, 3515, 4095, 4095, 4095, 347.4652, 29.60386, 338.7378, -2.145038, -0.6793893, -2.679389, 207.2628, 112.8973, 347.5683, -4.59542, -0.8854962, 1.977099],
[1609, 3507, 4095, 4095, 4095, 347.0837, 29.02006, 337.6547, -3.40458, 1.946565, 2.374046, 206.52, 113.9754, 347.3343, -3.030534, 2.083969, 0.9007633],
[1606, 3525, 4095, 4095, 4095, 347.0318, 29.2226, 337.7375, -4.877862, 2.328244, 1.572519, 206.882, 113.6273, 347.3429, -3.679389, 0.1145038, 1.709924],
[1606, 3519, 4095, 4095, 4095, 349.2874, 28.90653, 341.1963, -4.114504, 2.496183, -0.6946565, 205.7466, 114.417, 347.4981, -3.603053, 1.282443, 2.946565],
[1619, 3511, 4095, 4095, 4095, 346.2391, 28.03964, 335.4286, -2.725191, 0.1679389, 0.2977099, 208.3661, 113.6644, 346.5307, -2.51145, 1.458015, 1.748092],
[1614, 3515, 4095, 4095, 4095, 347.2179, 28.10266, 337.1025, -2.709924, 0.8778625, 1.015267, 207.672, 113.7396, 346.8577, -4.167939, 1.374046, 1.206107],
[1593, 3507, 4095, 4095, 4095, 347.1876, 28.21722, 337.1503, -4.122138, 2.572519, 0.4122138, 207.8838, 113.5592, 346.8527, -2.89313, 0.778626, 1.0],
[1599, 3522, 4095, 4095, 4095, 346.0593, 27.93716, 335.04, -3.251908, 1.351145, -0.6030535, 207.759, 112.4267, 347.5915, 0.9007633, 0.610687, 3.167939],
[1623, 3519, 4095, 4095, 4095, 347.2864, 28.32547, 337.4062, -3.870229, 3.526718, -0.2442748, 206.9005, 113.8822, 347.1856, -3.755725, 1.679389, 1.366412],
[1617, 3522, 4095, 4095, 4095, 346.7482, 28.48328, 336.6554, -1.610687, 1.030534, -1.030534, 206.3618, 113.8645, 347.4814, -2.755725, 1.290076, 3.122137],
[1598, 3513, 4095, 4095, 4095, 347.6962, 28.65178, 338.3541, -1.59542, 1.282443, -1.038168, 207.0603, 113.8522, 347.1179, -2.259542, 0.3740458, 1.923664],
[1594, 3511, 4095, 4095, 4095, 347.8772, 28.73822, 338.7225, -3.541985, 4.061069, -1.10687, 207.8626, 113.6954, 346.7822, -3.977099, 0.9847328, 1.122137],
[1613, 3511, 4095, 4095, 4095, 347.9487, 27.96647, 338.2144, -3.343511, 3.89313, -0.5954198, 206.6277, 113.4681, 347.5676, -3.366412, 0.1603053, 1.717557],
[1614, 3534, 4095, 4095, 4095, 348.0361, 28.16614, 338.5261, -4.580153, 2.351145, 0.7099237, 206.9211, 114.3211, 346.9192, -1.19084, 1.29771, 1.770992],
[1616, 3509, 4095, 4095, 4095, 347.4175, 28.0817, 337.4177, -3.587786, 2.343511, 0.1450382, 208.1612, 113.4747, 346.7559, -4.389313, 1.435114, 1.21374],
[1607, 3535, 4095, 4095, 4095, 348.3255, 27.67524, 338.6168, -5.709924, 1.969466, -0.01526718, 206.666, 113.844, 347.3322, -3.358779, 2.366412, 1.251908],
[1616, 3535, 4095, 4095, 4095, 347.3614, 28.34192, 337.5442, -3.801527, 1.587786, 1.564886, 207.1864, 114.315, 346.7787, -2.160305, 2.206107, 1.458015],