[1446, 2159, 2453, 2071, 2149, 315.4814, 84.47674, 354.5993, -0.519084, 3.89313, 1.175573, 239.1833, 151.061, 288.0778, -5.770992, -1.274809, 1.122137],
[1424, 2165, 2391, 2071, 2147, 325.6875, 82.53156, 354.8937, 0.5954198, 3.19084, -0.2824428, 239.6268, 151.3025, 287.6135, -2.603053, -1.251908, 1.755725],
[1406, 2157, 2439, 2033, 2189, 322.5906, 82.94436, 354.6057, -3.679389, 2.396947, -0.2290076, 239.1958, 149.6097, 289.0937, -3.381679, 1.89313, 2.206107],
[1418, 2114, 2448, 2091, 2181, 323.8429, 83.59199, 355.3171, -2.236641, 1.954198, 1.305344, 239.2307, 150.0484, 288.7579, -2.412214, 0.7175572, 1.450382],
[1440, 2190, 2442, 1985, 2155, 320.8108, 83.47365, 354.6887, -4.038168, 1.763359, -0.7328244, 239.4347, 151.7826, 287.4096, -0.8091603, 2.541985, 2.122137],
[1413, 2142, 2431, 2085, 2139, 319.0201, 83.06039, 353.9877, -2.290076, 2.48855, 0.8549618, 239.7472, 150.0607, 288.3911, -3.954198, 0.1832061, 1.076336],
[1394, 2135, 2382, 2079, 2186, 325.1127, 82.68321, 354.8912, -3.114504, 1.854962, 0.1908397, 239.0587, 151.6452, 287.7525, -2.427481, 0.1832061, 0.351145],
[1445, 2122, 2418, 2035, 2188, 323.6054, 83.89453, 355.5006, -3.664122, 0.2213741, 0.740458, 239.7143, 150.3596, 288.2061, -3.221374, 3.267176, -0.1374046],
[1442, 2203, 2399, 2034, 2141, 319.1118, 84.46193, 355.221, -2.572519, 2.137405, -0.9770992, 239.9085, 150.654, 287.8706, -3.534351, 1.89313, 1.442748],
[1434, 2124, 2429, 2070, 2170, 310.7241, 84.7254, 353.9266, -3.045802, 1.015267, -0.129771, 240.429, 149.683, 288.1794, -2.061069, 0.8549618, -1.053435],
[1421, 2181, 2483, 2037, 2175, 305.3081, 84.596, 352.4648, -1.351145, 3.473282, 2.633588, 239.9274, 150.2165, 288.159, -0.5038168, 0.06870229, -2.679389],
[1456, 2115, 2423, 2070, 2186, 309.2285, 82.46719, 350.8595, -4.152672, 2.717557, 1.763359, 239.9442, 148.6653, 289.2279, -1.679389, 2.312977, 3.21374],
[1456, 2135, 2490, 2017, 2205, 302.8474, 85.01471, 352.3901, 2.351145, 1.198473, 0.8091603, 239.5907, 149.1965, 289.1068, 0.9923664, -3.396947, 3.351145],
[1434, 2103, 2448, 2047, 2181, 324.531, 82.91766, 354.9497, -1.80916, 3.732824, 3.625954, 237.9537, 149.2318, 290.2571, -4.89313, -0.129771, 1.251908],
[1424, 2111, 2451, 2096, 2161, 316.7029, 84.50708, 354.8496, -3.862595, 1.580153, -0.9007633, 238.832, 150.665, 288.5961, -5.076336, 3.984733, 1.78626],
[1419, 2160, 2431, 2045, 2171, 318.0026, 82.03297, 352.8468, -2.839695, 0.6030535, 0.9694656, 239.073, 149.5826, 289.1998, -2.618321, 1.396947, 1.160305],
[1467, 2145, 2403, 2001, 2179, 318.1648, 83.37119, 354.0857, -3.458015, 3.045802, -1.870229, 238.5539, 149.7483, 289.4481, -3.40458, 1.167939, 2.824427],
[1434, 2174, 2389, 2102, 2135, 324.3514, 82.06213, 354.2996, -7.648855, 1.251908, -0.1984733, 239.5231, 149.3569, 289.0413, -4.389313, 4.053435, 2.0],
[1417, 2145, 2419, 2005, 2167, 323.6799, 82.23501, 354.2876, -3.641221, 1.961832, -0.6870229, 238.8634, 150.3781, 288.7787, -6.48855, 2.022901, 3.19084],
[1445, 2127, 2407, 2089, 2128, 318.4598, 82.20817, 353.1142, -2.870229, 2.732824, 0.1755725, 238.5369, 150.7264, 288.7547, -4.267176, 1.129771, 1.259542],
[1461, 2121, 2395, 2043, 2203, 314.258, 83.56696, 353.437, -6.503817, 0.3740458, -0.4351145, 239.2997, 150.747, 288.2189, -1.984733, 3.045802, 1.312977],
[1437, 2161, 2437, 2032, 2148, 322.3064, 82.64144, 354.3161, -3.419847, 2.870229, 0.4656488, 238.9843, 149.647, 289.2164, -3.175573, 0.8854962, 1.572519],
[1405, 2123, 2473, 2017, 2192, 314.1678, 83.24102, 353.0822, -2.603053, 2.167939, 0.129771, 239.43, 149.6952, 288.8681, -0.9694656, 0.2290076, 0.5725191],
[1431, 2139, 2483, 2041, 2188, 321.9224, 82.49701, 354.1247, -3.526718, 2.282443, 0.7022901, 239.5734, 150.4326, 288.2517, -1.908397, 0.7709923, 0.5343512],
[1438, 2231, 2455, 2071, 2172, 318.2354, 83.97728, 354.6413, -1.061069, 3.351145, 0.5496183, 239.2196, 149.4247, 289.2085, -3.564885, 0.2366412, 2.206107],
[1416, 2155, 2458, 2013, 2203, 313.0976, 83.51985, 353.1204, -3.19084, 2.732824, 0.02290076, 239.1168, 150.344, 288.6277, -4.290076, 0.6717557, 1.068702],
[1442, 2112, 2497, 2071, 2144, 313.4578, 83.63322, 353.3241, -2.992366, 3.206107, -0.2519084, 239.1173, 149.8557, 288.9739, -2.961832, 1.755725, 1.603053],
[1411, 2159, 2442, 2023, 2185, 319.1496, 82.93555, 353.9065, -2.877863, 2.748092, 0.4045802, 238.62, 149.7991, 289.3645, -2.557252, 2.083969, 1.206107],
[1404, 2143, 2407, 2065, 2225, 320.3674, 82.92664, 354.1517, -2.954198, 3.267176, -0.4580153, 239.0223, 149.3442, 289.4065, -3.641221, 1.145038, 2.015267],
[1420, 2174, 2387, 2045, 2179, 316.7887, 82.86801, 353.3264, -1.908397, 2.526718, 0.1221374, 238.2514, 150.6795, 288.9852, -3.412214, 0.7633588, 1.618321],
[1408, 2174, 2401, 2099, 2178, 317.009, 82.8413, 353.3518, -2.854962, 1.274809, 1.618321, 238.7664, 150.3661, 288.8544, -1.0, 1.625954, -0.03053435],
[1430, 2162, 2432, 2014, 2195, 313.3495, 83.74488, 353.4171, -4.625954, 0.519084, 0.2977099, 238.5863, 149.6635, 289.4865, -1.984733, 2.251908, 0.8931297],
[1425, 2160, 2417, 2045, 2109, 314.7097, 83.06885, 353.036, -2.167939, 1.10687, -1.21374, 239.0154, 150.2043, 288.797, -1.412214, 0.8015267, 1.832061],
[1427, 2187, 2781, 2014, 2205, 318.2148, 83.09243, 353.8466, -4.534351, -0.06870229, -1.160305, 239.2912, 149.3649, 289.2003, -1.557252, 2.259542, 2.89313],
[1418, 2157, 2463, 2057, 2221, 319.2133, 83.1965, 354.1454, -4.099236, 0.9389313, -1.129771, 239.095, 149.7102, 289.0931, -3.816794, 2.694656, 2.816794],
[1392, 2183, 2439, 2075, 2160, 312.4718, 83.7187, 353.1872, -5.80916, 1.824428, 0.9389313, 239.7637, 148.9239, 289.1755, -5.496183, 2.244275, 1.763359],
[1452, 2207, 2447, 2082, 2202, 315.2992, 82.93872, 353.0466, -3.129771, 2.015267, 0.2290076, 239.3958, 149.0282, 289.3653, -2.167939, 1.740458, 0.5725191],
[1454, 2210, 2445, 2036, 2185, 324.3062, 81.6851, 354.0174, -3.801527, 1.236641, 1.206107, 239.7645, 149.2528, 288.9436, -2.534351, 0.9236641, 0.5877862],
[1428, 2179, 2427, 2055, 2160, 321.2671, 83.17473, 354.5327, -2.312977, 1.770992, -0.1526718, 238.7563, 150.1468, 289.0185, -2.229008, 1.473282, 1.534351],
[1413, 2143, 2449, 2032, 2215, 318.4654, 83.07783, 353.8867, -5.038168, 1.083969, 0.1374046, 239.1272, 148.8932, 289.6553, -3.030534, 1.320611, 0.9923664],
[1442, 2155, 2431, 2074, 2151, 319.3125, 83.11213, 354.0929, -1.114504, 3.343511, 0.7022901, 239.1576, 149.8706, 288.935, -3.473282, 0.1145038, 0.961832],
[1372, 2153, 2341, 2058, 2192, 316.9257, 83.52616, 353.9727, -3.40458, 3.679389, 1.526718, 239.3845, 149.9431, 288.7251, -4.427481, 1.068702, 0.610687],
[1398, 2160, 2469, 2012, 2206, 317.5063, 82.75922, 353.3893, -1.816794, 1.80916, 1.343511, 238.4029, 150.2406, 289.1977, -2.40458, 1.129771, 1.244275],
[1408, 2127, 2418, 2025, 2192, 324.5114, 81.60424, 354.0037, -4.114504, 2.21374, 1.427481, 238.6203, 150.8121, 288.6361, -2.732824, 1.656489, 0.9083969],
[1457, 2130, 2421, 2045, 2179, 315.6792, 82.60285, 352.809, -2.267176, 2.603053, 1.587786, 239.2374, 148.9798, 289.5136, -1.992366, 0.4885496, 0.961832],
[1441, 2165, 2443, 2093, 2183, 314.6598, 82.86107, 352.8143, -2.564885, 0.3053435, 0.389313, 238.5288, 150.2602, 289.0956, -2.160305, 1.21374, 0.8091603],
[1430, 2175, 2443, 2103, 2192, 323.8204, 81.89293, 354.0647, -3.450382, 1.923664, -1.282443, 238.9278, 149.6072, 289.2849, -2.633588, 1.641221, 2.526718],
[1454, 2181, 2443, 2081, 2205, 314.2696, 83.38689, 353.2554, -3.748092, 1.618321, 1.19084, 238.7449, 149.9537, 289.1651, -3.21374, 1.335878, 1.045802],
[1395, 1885, 2399, 1856, 1967, 336.5072, 81.24874, 356.1567, -7.21374, 2.412214, 1.152672, 236.9967, 156.736, 285.4325, -2.10687, 1.557252, 1.312977],
[1392, 1889, 2378, 1917, 1925, 325.0192, 82.73631, 354.9111, 0.03816794, 1.839695, -3.183206, 236.9592, 158.0754, 284.5043, -0.5725191, 0.0610687, 2.770992],
[1425, 1857, 2400, 1877, 1970, 335.1693, 81.22296, 355.901, -3.854962, 2.183206, 1.389313, 237.6094, 157.5377, 284.5311, -3.832061, 0.9312977, 1.526718],
[1422, 1810, 2419, 1905, 1968, 332.6514, 81.24434, 355.4381, -5.152672, 2.351145, -0.6335878, 236.5891, 157.2274, 285.3097, -2.320611, 2.335878, 2.183206],
[1424, 1898, 2430, 1866, 2000, 333.9037, 81.45133, 355.7786, -3.465649, 1.564886, -0.1832061, 236.8485, 158.5637, 284.2184, -1.687023, 1.221374, 0.9007633],
[1431, 1829, 2391, 1918, 2001, 336.7378, 81.11339, 356.1391, -2.854962, 1.534351, -1.21374, 237.0572, 157.1941, 285.0736, -1.259542, 1.80916, 2.366412],
[1408, 1884, 2425, 1872, 1971, 334.0053, 80.79606, 355.4729, -3.618321, 1.351145, -0.5114504, 237.0672, 158.1384, 284.4025, -1.908397, 0.1450382, 0.6946565],
[1415, 1863, 2421, 1910, 2000, 344.7438, 81.52615, 357.6423, -2.51145, 3.160305, 2.053435, 237.859, 156.5153, 285.1021, -3.10687, 1.671756, -0.08396947],
[1424, 1883, 2431, 1959, 1968, 330.7576, 82.4945, 355.776, -2.885496, 2.992366, 0.5496183, 237.28, 157.0712, 285.0369, -6.78626, 0.5648855, 1.099237],
[1408, 1887, 2416, 1886, 1974, 334.6829, 81.72943, 356.0539, -4.08397, 3.931298, 0.09160305, 236.7342, 157.7821, 284.8332, -4.374046, 1.977099, 2.312977],
[1424, 1894, 2398, 1936, 1991, 333.1952, 80.2107, 355.0111, -4.564886, 1.137405, -0.6870229, 236.6609, 157.3793, 285.1609, -2.496183, 2.587786, 3.160305],
[1424, 1890, 2415, 1887, 2033, 328.6471, 81.36104, 354.7126, -5.679389, 1.381679, -0.03816794, 237.044, 157.7511, 284.6875, -1.557252, 1.778626, 0.6946565],
[1454, 1863, 2431, 1954, 2032, 340.6923, 81.00696, 356.8036, -2.465649, 2.770992, -0.480916, 237.212, 157.5215, 284.7579, -3.251908, 0.3969466, 1.374046],
[1440, 1872, 2434, 1937, 2015, 341.6877, 80.13369, 356.6823, -1.633588, 1.709924, -1.267176, 237.2223, 157.9898, 284.4241, -0.6870229, 0.2213741, 1.694656],
[1462, 1889, 2475, 1912, 2021, 336.6471, 81.27179, 356.192, -1.59542, 2.465649, -0.03053435, 237.0685, 157.9683, 284.5214, -2.305344, 0.1603053, 1.916031],
[1438, 1858, 2443, 1903, 2033, 337.3239, 80.68169, 356.0621, -3.312977, 2.854962, -1.091603, 237.4823, 158.5762, 283.8802, -3.656489, 0.832061, 2.450382],
[1448, 1868, 2475, 1879, 2014, 331.5471, 81.01337, 355.0972, -2.221374, 2.824427, 1.908397, 236.8266, 158.2659, 284.4403, -3.732824, 0.6564885, 0.4122138],
[1433, 1879, 2459, 1905, 2039, 338.1977, 80.48942, 356.1486, -3.633588, 1.969466, 1.221374, 237.4077, 157.3262, 284.788, -2.870229, 1.160305, 1.564886],
[1367, 1877, 2442, 1938, 2053, 330.5208, 80.4775, 354.5816, -1.351145, 2.656489, 3.656489, 236.9812, 155.7953, 286.1137, -7.59542, 0.5725191, 0.6335878],
[1457, 1920, 2480, 1967, 2062, 337.9619, 81.13196, 356.3681, -11.99237, 1.984733, -2.480916, 237.7227, 158.7544, 283.6344, -2.358779, 7.061069, 4.870229],
[1441, 1875, 2421, 1961, 2039, 319.1458, 80.56148, 351.8467, 5.160306, 7.763359, 4.694656, 236.6992, 157.9795, 284.7116, -6.89313, -5.946565, -3.305344],
[1449, 1860, 2455, 1911, 2086, 322.4277, 81.07546, 353.1288, 1.770992, 4.015267, 6.40458, 236.84, 156.6221, 285.6026, -3.969466, -3.312977, -1.526718],
[1440, 1920, 2461, 1954, 2077, 329.6135, 80.02674, 354.1143, -3.89313, 1.061069, 1.335878, 236.8793, 158.8128, 284.027, -3.534351, 0.8244275, 1.633588],
[1405, 1933, 2495, 1929, 2076, 341.4394, 79.45946, 356.403, -1.603053, 5.534351, 2.969466, 236.8045, 158.0108, 284.6328, -3.816794, -0.9923664, -0.4122138],
[1456, 1935, 2479, 1917, 2071, 329.8414, 79.88247, 354.0817, -4.816794, 1.610687, 0.6946565, 236.9841, 158.0628, 284.4999, -3.832061, 2.664122, 1.961832],
[1456, 1929, 2518, 1941, 2043, 330.5925, 79.41806, 353.9891, -2.389313, 1.732824, 0.5343512, 236.8208, 158.4538, 284.3105, -1.48855, 2.748092, 0.3969466],
[1422, 1929, 2514, 1939, 2035, 332.7919, 80.15756, 354.8971, -2.717557, 3.557252, -0.7480916, 236.6785, 158.8461, 284.1074, -3.053435, 1.221374, 2.274809],
[1430, 1911, 2487, 1923, 2059, 326.6281, 81.12714, 354.1356, -3.709924, 2.885496, -0.04580153, 237.1798, 156.4175, 285.5549, -2.29771, 1.068702, 0.5419847],
[1430, 1964, 2465, 1970, 2034, 335.893, 79.41349, 355.2082, -0.4274809, 0.8854962, 0.05343511, 236.4838, 157.7534, 284.9899, -4.564886, 0.7709923, 0.7251908],
[1442, 1957, 2463, 1959, 2055, 332.2937, 80.48022, 354.9618, -3.259542, 3.40458, -0.3969466, 237.1127, 157.6786, 284.7013, -3.198473, 0.2900764, 2.251908],
[1459, 1911, 2499, 1893, 2085, 332.2842, 79.79917, 354.5954, -3.473282, 1.671756, 0.9389313, 236.9139, 158.0356, 284.5566, -3.656489, 1.870229, 0.832061],
[1466, 1978, 2531, 1967, 2032, 334.2133, 80.34141, 355.2903, -4.358778, 0.9694656, 0.2366412, 237.3761, 158.1691, 284.2176, -2.167939, 2.603053, 2.152672],
[1456, 1949, 2482, 1946, 2075, 329.3445, 80.62652, 354.4129, -2.625954, 1.526718, 0.389313, 236.9054, 157.6632, 284.8247, -1.931298, 2.312977, 1.374046],
[1441, 1904, 2479, 1990, 2068, 332.7487, 79.74019, 354.6686, -2.251908, 2.122137, -0.07633588, 236.2421, 157.8723, 285.0361, -1.908397, 0.3282443, 0.8396947],
[1426, 1886, 2511, 1869, 2128, 338.59, 79.62796, 355.8784, -2.778626, 1.374046, 0.3664122, 236.8305, 157.539, 284.9537, -3.022901, 1.351145, 1.648855],
[1448, 1911, 2512, 1975, 2064, 333.2999, 79.70709, 354.775, -5.160306, 0.9389313, 0.3129771, 236.2723, 157.6881, 285.1528, -3.374046, 2.259542, 1.167939],
[1473, 1957, 2583, 1968, 2076, 328.7655, 79.87386, 353.822, -1.442748, 1.328244, 0.6183206, 236.6509, 157.2434, 285.2638, -1.671756, 0.832061, 1.152672],
[1425, 1979, 2483, 1943, 2053, 333.0008, 80.10875, 354.9167, -3.442748, 2.206107, -0.5114504, 237.1242, 156.9275, 285.225, -1.89313, 0.7099237, 1.839695],
[1440, 1958, 2497, 1939, 2080, 335.5361, 79.31664, 355.0841, -3.343511, 2.244275, 0.07633588, 236.6773, 156.754, 285.6005, -4.534351, 1.946565, 1.900763],
[1467, 1955, 2527, 1968, 2129, 329.6809, 79.57864, 353.863, -3.824427, 1.633588, -0.3587786, 236.9982, 157.7181, 284.7355, -2.206107, 1.877863, 2.022901],
[1463, 1895, 2512, 1957, 2099, 333.3642, 79.68179, 354.7764, -1.633588, 0.9847328, 0.5572519, 236.9447, 156.6141, 285.5489, -1.183206, 0.2137404, 0.5877862],
[1462, 1930, 2466, 1991, 2096, 336.552, 79.27651, 355.292, -2.755725, 1.679389, 1.89313, 236.5879, 157.067, 285.4257, -2.381679, 1.312977, 0.2824428],
[1459, 1907, 2453, 1998, 2090, 332.651, 79.8474, 354.7032, -2.763359, 3.473282, -0.6183206, 236.9059, 156.7476, 285.4755, -3.068702, 0.2519084, 2.59542],
[1436, 1959, 2491, 1938, 2096, 334.3539, 79.92739, 355.1166, -2.770992, 1.694656, 0.778626, 237.1274, 157.9298, 284.5168, -1.603053, 1.022901, 0.9007633],
[1455, 1907, 2491, 1978, 2103, 333.171, 79.74521, 354.7659, -3.167939, 1.427481, 0.2748091, 237.0094, 157.9669, 284.5539, -2.320611, 2.129771, 1.29771],
[1469, 1932, 2535, 1959, 2063, 332.8239, 79.64208, 354.6341, -2.10687, 1.19084, -1.015267, 237.2728, 157.1348, 284.9963, -1.664122, 1.29771, 1.954198],
[1443, 1937, 2509, 1926, 2103, 335.1227, 79.55831, 355.1059, -3.229008, 2.671756, -0.3129771, 236.9268, 157.5601, 284.8861, -3.358779, 1.175573, 1.832061],
[1445, 1935, 2539, 1971, 2119, 326.4996, 80.37139, 353.6012, -3.0, 0.7251908, 0.2213741, 237.0009, 157.5327, 284.865, -2.267176, 1.435114, 0.9236641],
[1393, 1971, 2482, 2001, 2039, 18.05465, 77.31374, 4.098839, -4.129771, 2.374046, 1.870229, 235.8028, 162.2254, 282.1292, -5.480916, 0.5648855, 0.5801527],
[1377, 1939, 2467, 1994, 2032, 17.28511, 76.98292, 4.018414, -2.923664, 1.251908, 0.2748091, 235.5438, 162.3854, 282.1296, -2.015267, 0.9312977, 1.603053],
[1405, 2000, 2462, 2034, 2003, 19.11858, 76.47964, 4.66651, -2.458015, 1.854962, 1.412214, 235.2954, 162.409, 282.2229, -2.022901, 0.5038168, 0.6946565],
[1386, 1941, 2437, 2001, 2035, 17.6563, 78.08086, 3.745173, -0.2824428, 1.29771, 3.091603, 235.8189, 161.9704, 282.304, -3.022901, -0.007633588, -1.198473],
[1409, 2036, 2506, 2023, 2003, 21.57512, 77.19007, 5.034753, -2.320611, 0.610687, -0.4198473, 235.4573, 162.1465, 282.3404, -3.129771, 1.236641, 1.648855],
[1424, 1979, 2462, 2017, 2015, 16.45784, 77.25353, 3.727645, -1.770992, -0.259542, -0.9083969, 236.2273, 160.6307, 283.0677, -0.8625955, 1.175573, 1.389313],
[1402, 1959, 2458, 2061, 2039, 26.4083, 78.19917, 5.811416, -2.335878, 2.022901, 0.4198473, 236.6632, 161.5776, 282.1993, -1.923664, 1.358779, 1.152672],
[1440, 1989, 2448, 2035, 2027, 20.40579, 78.20141, 4.340536, -3.541985, 1.412214, 0.1832061, 236.055, 162.2335, 282.0116, -3.175573, 2.519084, 2.290076],
[1422, 1973, 2495, 2021, 2023, 17.8688, 77.69867, 3.922989, -2.236641, 3.320611, 2.21374, 236.183, 160.7161, 283.0282, -3.854962, 0.8396947, 0.4274809],
[1422, 2000, 2464, 2038, 2017, 15.68725, 78.53164, 3.164632, -2.503817, 1.198473, 1.068702, 235.7817, 161.7903, 282.4496, -3.984733, 1.175573, 0.3206107],
[1430, 1966, 2501, 2107, 2019, 16.22691, 77.38506, 3.631251, -3.465649, 2.152672, 0.1526718, 236.2944, 162.1852, 281.9399, -1.40458, 1.419847, 1.282443],
[1424, 2055, 2539, 2030, 2039, 18.3065, 78.8193, 3.640677, -4.267176, 0.8396947, 0.4580153, 235.3753, 160.7514, 283.3915, -1.152672, 2.076336, 1.267176],
[1425, 1987, 2497, 2071, 2009, 21.85705, 79.39229, 4.189291, -2.931298, -3.70229, -1.977099, 237.0155, 159.3269, 283.5976, -3.80916, 2.221374, 3.0],
[1415, 2007, 2448, 2045, 2055, 26.32935, 77.87137, 5.959437, -1.671756, -0.5572519, 3.282443, 236.4643, 160.1274, 283.3093, -3.229008, 1.21374, -1.778626],
[1379, 1985, 2481, 2030, 2074, 19.02188, 79.78927, 3.450005, -6.877862, -2.458015, -1.679389, 236.7898, 159.8686, 283.3315, -2.183206, 5.954198, 2.923664],
[1405, 2010, 2499, 2007, 2077, 13.10639, 80.84476, 2.052609, -3.778626, 0.8473283, 0.8549618, 236.2457, 159.7309, 283.6991, -3.465649, 2.167939, 0.7633588],
[1409, 1987, 2453, 2031, 2065, 10.71507, 78.13348, 2.188458, 0.08396947, 6.396946, 3.977099, 235.9426, 157.9593, 285.1363, -2.358779, -3.458015, -2.709924],
[1383, 2007, 2539, 2064, 2019, 16.66405, 78.5674, 3.366138, -1.664122, 2.175573, -0.5114504, 237.6805, 159.5265, 283.1289, -3.549618, -0.1450382, 1.503817],
[1399, 2032, 2535, 2023, 2047, 15.19598, 78.87575, 2.960955, -2.083969, 0.4045802, -1.10687, 237.5346, 159.4086, 283.2815, -2.557252, 3.015267, 1.824428],
[1428, 2039, 2523, 2015, 2043, 32.80063, 82.8089, 4.517997, -4.717557, -0.1221374, 2.305344, 238.0032, 158.3014, 283.7988, -14.05344, 13.37405, 2.419847],
[1391, 1999, 2522, 1991, 2047, 2.195084, 82.56386, 0.2038415, -0.7175572, 1.122137, 1.312977, 237.6126, 156.6624, 285.138, -3.083969, 0.2366412, 1.229008],
[1441, 2043, 2509, 2069, 2033, 5.616824, 79.83972, 0.9261736, -1.40458, 0.2061069, 3.099237, 237.0685, 157.3117, 284.9843, -4.870229, 0.6717557, -0.3129771],
[1425, 2062, 2511, 2039, 2111, 8.609473, 81.73686, 1.168595, -0.8625955, -0.832061, -0.4961832, 237.2497, 157.2014, 284.9622, -1.564886, 1.343511, 0.389313],
[1403, 2039, 2487, 2016, 2033, 15.19324, 82.56477, 1.927594, -3.038168, 1.664122, 2.366412, 237.4206, 156.3847, 285.4411, -2.0, 1.290076, 0.7251908],
[1440, 1993, 2461, 1986, 2095, 24.59168, 83.55288, 2.842128, -0.03053435, -1.877863, 2.0, 237.5156, 156.1307, 285.5655, -2.183206, 1.992366, 1.519084],
[1410, 2044, 2577, 2041, 2080, 20.54643, 83.2291, 2.436604, -6.10687, -1.732824, 1.908397, 238.6143, 155.4956, 285.3725, -2.0, 2.80916, 4.068702],
[1417, 2005, 2518, 2035, 2061, 19.21153, 83.26386, 2.247462, -9.183207, 2.114504, -0.9465649, 238.4296, 156.6157, 284.7151, -3.870229, 1.282443, 1.045802],
[1440, 1957, 2502, 2021, 2092, 7.423733, 84.8104, 0.5838876, -6.183206, 4.068702, 0.0610687, 238.2094, 156.5694, 284.8689, -7.48855, 4.885496, 2.183206],
[1440, 2045, 2483, 2043, 2090, 0.1338406, 84.06005, -0.06818397, 0.129771, 0.2213741, -0.4122138, 238.1836, 155.0419, 285.9369, 0.8396947, 0.2977099, 0.4885496],
[1418, 2032, 2544, 2003, 2107, 39.85195, 86.0179, 3.17369, -3.435115, 0.1145038, 0.04580153, 238.9933, 155.4861, 285.1605, -2.473282, 1.244275, 1.80916],
[1408, 2015, 2463, 1978, 2110, 16.02661, 84.81412, 1.386316, -2.641221, -1.0, -2.122137, 239.8066, 156.0176, 284.349, 0.4122138, 2.015267, 2.236641],
[1426, 2034, 2455, 2032, 2089, 15.73591, 84.65384, 1.404035, -7.564886, 0.9236641, 2.931298, 239.5058, 153.8222, 285.9766, -1.59542, 0.6335878, 1.343511],
[1446, 2038, 2459, 2075, 2070, 40.78945, 87.61447, 1.900531, -10.82443, 1.709924, 2.061069, 239.5711, 153.3883, 286.2286, -3.870229, 2.778626, 0.9923664],
[1465, 2046, 2534, 2045, 2118, 31.83025, 86.46575, 2.059126, -7.038168, 2.992366, -0.2442748, 239.6223, 153.1101, 286.3845, -1.549618, 0.0610687, 1.625954],
[1434, 2015, 2538, 2064, 2096, 15.97102, 86.04882, 1.023456, -5.625954, 0.7175572, 0.8015267, 239.7418, 153.4314, 286.0945, -2.335878, 2.328244, 1.503817],
[1438, 2060, 2484, 2089, 2088, 9.680388, 85.18319, 0.7254468, -1.648855, 2.679389, 0.480916, 239.2526, 154.4989, 285.6735, -4.007634, 1.557252, 2.007634],
[1432, 2066, 2671, 2011, 2103, 348.6513, 85.64762, 359.0823, -2.396947, 4.282443, 3.816794, 239.6555, 153.581, 286.0472, -4.755725, 0.389313, -0.1526718],
[1466, 2017, 2495, 2021, 2115, 359.2072, 86.13437, 359.8871, -6.992366, 1.381679, 1.587786, 238.296, 153.5105, 286.9377, -4.229008, 1.351145, 0.870229],
[1486, 2000, 2509, 2099, 2098, 359.5651, 84.7406, 359.9017, 2.29771, 6.793893, 6.450382, 240.1992, 155.3668, 284.5506, -1.633588, -4.709924, -4.938931],
[1424, 2071, 2499, 2055, 2055, 341.833, 84.37018, 358.1176, 0.0, 1.267176, 2.80916, 237.5772, 153.804, 287.1798, -4.152672, 0.1755725, -0.4503817],
[1441, 2017, 2527, 2000, 2119, 356.9174, 85.52985, 359.7036, -12.0458, -1.374046, -4.473282, 238.3838, 151.8214, 288.0755, -2.175573, 8.801527, 7.022901],
[1455, 2030, 2502, 2006, 2105, 342.7654, 84.57527, 358.2811, -0.5801527, 3.152672, 2.534351, 236.1039, 154.0771, 287.9088, -5.580153, 0.01526718, -0.6183206],
[1455, 2039, 2495, 2066, 2064, 350.5662, 83.72455, 358.91, -3.877863, 4.21374, 2.992366, 236.0298, 154.1563, 287.8965, -5.473282, 1.847328, 2.442748],
[1442, 2012, 2479, 2043, 2096, 347.7723, 83.82679, 358.6183, -4.343512, 2.480916, 0.1221374, 236.8764, 154.8235, 286.8777, -3.503817, 1.885496, 2.145038],
[1445, 2091, 2541, 2055, 2097, 349.6864, 83.42077, 358.7562, -3.465649, 3.992366, -0.7938931, 236.653, 155.9204, 286.2161, -2.198473, 0.9770992, 2.198473],
[1482, 2072, 2510, 2064, 2096, 3.063811, 83.85969, 0.2437601, -4.030534, 2.48855, -1.961832, 237.2896, 154.3414, 286.9727, -3.480916, 1.59542, 3.732824],
[1458, 2041, 2499, 2041, 2105, 349.435, 82.6316, 358.5783, -2.389313, 1.908397, 1.48855, 236.8866, 155.0962, 286.6739, -4.206107, 1.29771, 0.06870229],
[1460, 2007, 2541, 2095, 2123, 352.7622, 84.89281, 359.3016, -4.839694, 0.1068702, -2.473282, 236.3595, 155.139, 286.962, -2.854962, 3.229008, 2.015267],
[1270, 1881, 2270, 1869, 1968, 357.6529, 81.18599, 359.5846, 1.343511, 1.198473, 1.641221, 234.9229, 163.4428, 281.6323, -0.6870229, 0.9923664, -0.1755725],
[1284, 1874, 2283, 1889, 1999, 5.961896, 80.58692, 0.9065968, -5.458015, 1.931298, 0.1145038, 235.7416, 163.7056, 281.1028, -1.870229, 1.70229, 1.366412],
[1280, 1904, 2261, 1873, 1963, 0.2744572, 79.64302, -0.02498667, -3.732824, -0.2366412, -0.8091603, 235.6234, 163.8233, 281.0675, -2.229008, 1.48855, 1.709924],
[1280, 1872, 2259, 1903, 1966, 1.081476, 80.47063, 0.1038265, -3.068702, 0.9923664, -0.6564885, 236.29, 162.9352, 281.4167, -1.534351, 0.6870229, 2.274809],
[1334, 1908, 2224, 1946, 1998, 9.397612, 79.02843, 1.749859, -5.992366, 2.305344, -0.2061069, 235.5704, 162.8004, 281.8201, -2.366412, 1.679389, 2.053435],
[1291, 1900, 2267, 1917, 2023, 358.7061, 79.83551, 359.7167, -1.984733, 2.473282, 0.6259542, 235.3363, 164.5275, 280.6795, -3.122137, 4.931298, 4.732824],
[1312, 1968, 2224, 1927, 2003, 357.9184, 79.59495, 359.5679, -2.198473, 3.053435, 2.068702, 235.9458, 164.2261, 280.6535, -1.687023, 0.8091603, 0.1221374],
[1318, 1879, 2285, 1909, 2034, 0.04633942, 80.34091, -0.06806102, -2.824427, 3.206107, 1.923664, 235.5683, 163.4659, 281.3449, -4.572519, 0.610687, 0.4122138],
[1302, 1904, 2256, 1909, 2061, 359.3938, 80.37336, 359.8442, -5.732824, 2.030534, -0.1832061, 235.4725, 163.2852, 281.5143, -1.664122, 1.236641, 1.80916],
[1280, 1885, 2298, 1935, 2014, 359.6519, 80.25996, 359.8871, -4.29771, 2.129771, -0.4045802, 235.6704, 163.1346, 281.5384, -3.572519, 2.0, 1.931298],
[1291, 1936, 2325, 1885, 2039, 1.045314, 78.73325, 0.1334307, -3.015267, 3.839695, 1.137405, 235.467, 163.2277, 281.5579, -3.396947, 0.8854962, 1.114504],
[1278, 1950, 2294, 1889, 2058, 358.0757, 78.75897, 359.5684, -3.137405, 3.48855, -0.1908397, 236.0664, 163.6797, 280.9886, -4.70229, 0.8931297, 1.832061],
[1299, 1968, 2331, 1877, 2066, 1.863304, 79.71462, 0.2605499, -2.946565, 2.549618, 0.6870229, 235.6384, 164.3538, 280.6846, -3.083969, 1.824428, 1.679389],
[1290, 1938, 2277, 1937, 2059, 357.7464, 79.11026, 359.5174, -3.259542, 3.877863, 0.6335878, 235.6599, 163.6748, 281.1582, -2.923664, 1.175573, 1.21374],
[1353, 1903, 2306, 2112, 2092, 1.642249, 79.38601, 0.231014, -3.007634, 1.320611, -0.9541985, 235.7946, 163.7853, 281.0247, -1.328244, 1.816794, 1.801527],
[1296, 1941, 2335, 1937, 2063, 357.2862, 79.13117, 359.4304, -3.70229, 2.450382, 0.3816794, 234.7975, 163.9129, 281.3411, -1.244275, 1.519084, 0.9465649],
[1296, 1968, 2304, 1939, 2046, 2.41383, 78.88296, 0.3974097, -3.007634, 1.572519, -0.9541985, 235.3479, 164.1001, 280.9812, -1.908397, 1.358779, 1.603053],
[1297, 1950, 2349, 1955, 2073, 2.601114, 79.07998, 0.4243773, -4.21374, 1.80916, -0.2137404, 235.5572, 163.6913, 281.1886, -3.167939, 2.114504, 1.709924],
[1270, 1962, 2326, 1973, 2071, 359.7002, 78.23257, 359.8866, -3.679389, 1.465649, 0.09160305, 235.4558, 163.3695, 281.4609, -3.183206, 1.832061, 1.70229],
[1345, 1971, 2369, 1963, 2079, 354.3454, 78.72458, 358.826, -1.305344, 3.29771, 0.9236641, 235.6706, 164.0231, 280.9064, -2.587786, 0.1832061, 0.7862596],
[1328, 1973, 2321, 1973, 2065, 359.4685, 78.8781, 359.8442, -1.10687, 4.183206, 1.877863, 235.4135, 163.5707, 281.3342, -2.984733, 0.7938931, 1.083969],
[1328, 1968, 2335, 1920, 2079, 1.280454, 78.35879, 0.1892512, -3.198473, 2.877863, 0.259542, 235.6275, 162.8976, 281.7259, -2.351145, 1.0, 1.358779],
[1285, 1958, 2329, 1902, 2103, 1.207229, 78.94156, 0.1605349, -4.221374, 1.954198, -0.5114504, 235.8021, 163.8511, 280.9751, -2.847328, 1.656489, 1.549618],
[1328, 1932, 2293, 1953, 2080, 357.9499, 78.31053, 359.5274, -3.709924, 2.603053, -0.961832, 235.7175, 162.7204, 281.8136, -2.503817, 1.358779, 2.137405],
[1321, 1948, 2315, 1979, 2094, 1.290564, 78.26577, 0.1936638, -1.557252, 3.198473, -0.07633588, 236.059, 164.1844, 280.6381, -1.839695, 0.4961832, 1.854962],
[1314, 1963, 2327, 1939, 2074, 5.335631, 78.44251, 1.013251, -5.625954, 0.4122138, -1.526718, 235.5239, 163.7219, 281.1804, -3.229008, 1.335878, 2.656489],
[1296, 1959, 2339, 1966, 2101, 1.848604, 79.18657, 0.2763971, -3.824427, 2.625954, -0.1526718, 236.0332, 163.9234, 280.8311, -2.679389, 1.496183, 1.366412],
[1309, 1982, 2379, 1931, 2127, 2.467492, 78.31373, 0.4343364, -3.740458, 2.59542, 1.21374, 235.4655, 164.116, 280.9226, -3.320611, 1.648855, 0.9389313],
[1360, 1982, 2367, 1939, 2138, 2.394786, 77.9749, 0.4347326, -2.427481, 1.526718, 1.221374, 235.7218, 163.8485, 281.0096, -2.984733, 1.450382, 1.29771],
[1346, 1983, 2322, 2007, 2109, 0.03083375, 78.98052, -0.0676785, -2.923664, 0.7022901, 0.7633588, 235.1691, 164.2449, 280.9489, -1.78626, 1.274809, 1.236641],
[1347, 2013, 2363, 1946, 2139, 359.3953, 78.85929, 359.8297, -4.221374, 1.396947, -0.05343511, 235.5386, 164.537, 280.5936, -2.755725, 2.458015, 1.519084],
[1331, 2018, 2337, 1966, 2117, 358.6366, 78.40123, 359.6707, -4.061069, 0.5114504, -1.053435, 235.5028, 164.9339, 280.3254, -3.687023, 2.251908, 1.679389],
[1330, 1979, 2383, 1951, 2157, 2.814819, 78.79478, 0.4804026, -4.465649, 0.3358779, 0.2977099, 235.8128, 163.6785, 281.0929, -1.076336, 2.21374, 1.839695],
[1326, 1983, 2316, 1984, 2147, 0.8672793, 79.06298, 0.09250123, -2.519084, 1.068702, -1.480916, 236.1646, 164.1127, 280.6465, -0.6717557, 0.6793893, 2.160305],
[1361, 1986, 2391, 1948, 2097, 1.196478, 79.3602, 0.1487042, -4.816794, 0.9770992, -1.0, 236.3013, 164.2187, 280.5189, -2.320611, 2.061069, 1.793893],
[1327, 1989, 2338, 2012, 2087, 4.118279, 79.53929, 0.6808014, -5.091603, 2.129771, 0.8549618, 235.8209, 163.7698, 281.025, -4.816794, 1.549618, 1.114504],
[1312, 1995, 2339, 1977, 2135, 356.7391, 78.28829, 359.277, -3.183206, 1.19084, 1.305344, 236.0152, 163.2742, 281.2946, -2.931298, 1.59542, 0.8931297],
[1350, 2000, 2369, 1984, 2155, 359.8375, 78.38006, 359.9153, -3.633588, 1.312977, -1.320611, 235.6404, 163.9546, 280.9672, -1.183206, 1.664122, 2.091603],
[1330, 2003, 2402, 1957, 2123, 359.8446, 77.57596, 359.9154, -2.137405, 2.305344, 0.778626, 236.1425, 162.7833, 281.586, -2.885496, 0.2213741, 1.114504],
[1334, 2038, 2383, 1985, 2150, 359.636, 77.98769, 359.872, -4.419847, 2.862595, 0.8167939, 235.314, 163.8217, 281.195, -2.610687, 2.068702, 1.267176],
[1325, 1952, 2398, 1968, 2143, 3.130397, 78.39559, 0.5659638, -4.709924, 2.839695, -0.351145, 235.8537, 163.5571, 281.162, -2.0, 1.290076, 1.442748],
[1362, 2011, 2381, 2020, 2125, 357.6749, 77.99673, 359.458, -1.80916, 3.603053, 1.152672, 235.3284, 163.4165, 281.4806, -3.618321, 0.5877862, 1.175573],
[1366, 1990, 2365, 2014, 2147, 356.6082, 77.60823, 359.2087, -3.480916, 1.282443, 1.022901, 235.5692, 164.048, 280.9295, -2.389313, 1.152672, 0.8091603],
[1393, 2011, 2343, 1989, 2128, 357.8071, 79.13183, 359.5298, -3.29771, 1.045802, 0.129771, 234.8902, 164.6682, 280.753, -2.755725, 2.236641, 2.022901],
[1344, 1974, 2393, 1920, 2119, 359.354, 78.14513, 359.8141, -2.435115, 2.656489, 0.8396947, 235.325, 163.9827, 281.0748, -1.48855, 0.9312977, 0.7175572],
[1339, 1993, 2395, 1963, 2128, 0.2889793, 77.82578, -0.009822536, -3.045802, 2.427481, 0.2061069, 235.5011, 164.0791, 280.9346, -4.374046, 0.8549618, 1.282443],
[1302, 1991, 2386, 1965, 2154, 355.6308, 77.55354, 358.9903, -3.572519, 2.854962, -0.1755725, 235.3292, 163.4094, 281.4854, -2.51145, 1.312977, 2.251908],
[1372, 2014, 2386, 2017, 2127, 356.9731, 77.76188, 359.2968, -3.21374, 1.610687, 1.473282, 235.0915, 162.8186, 282.0152, -2.282443, 2.671756, 0.9465649],
[1367, 1865, 2403, 1954, 1999, 5.786757, 82.32759, 0.6944082, -2.480916, 1.175573, -0.1374046, 234.774, 170.4613, 276.6212, -0.03816794, 1.137405, 1.335878],
[1302, 1926, 2368, 1973, 1975, 355.2425, 82.27722, 359.3045, -0.9541985, 3.045802, 1.030534, 233.8411, 170.2501, 277.0091, -2.618321, 0.9160305, 1.977099],
[1328, 1903, 2415, 1954, 2011, 5.328568, 82.40994, 0.6248307, -1.366412, 1.40458, 0.2290076, 234.7186, 169.7606, 277.1365, -1.618321, 0.2977099, 0.4351145],
[1341, 1927, 2448, 1946, 2031, 357.3037, 82.66574, 359.6003, -2.229008, 3.267176, 0.3358779, 234.5861, 171.8202, 275.6926, -3.381679, 0.351145, 0.7938931],
[1373, 1922, 2415, 2001, 2025, 355.6182, 81.83274, 359.3211, -0.2748091, 1.969466, 1.076336, 234.4271, 170.8123, 276.4532, -1.450382, 0.3358779, 0.4961832],
[1349, 1947, 2412, 1975, 1989, 1.660528, 82.17082, 0.1470238, -4.709924, 2.022901, 0.3435115, 234.5659, 170.2238, 276.8433, -3.679389, 2.526718, 1.778626],
[1361, 1953, 2383, 1935, 2071, 6.169713, 82.15159, 0.7656386, -2.59542, 1.48855, -0.1068702, 234.6369, 170.2357, 276.8168, -2.236641, 1.045802, 1.671756],
[1344, 1909, 2533, 1968, 2032, 355.6107, 81.79115, 359.3168, -3.572519, 1.862595, -0.01526718, 234.7079, 169.9387, 277.0117, -2.198473, 1.305344, 0.5877862],
[1346, 1969, 2333, 2029, 2033, 5.980025, 81.84402, 0.7728109, -2.419847, 1.580153, 0.6564885, 234.4536, 169.9976, 277.0353, -0.9770992, 1.091603, 0.2748091],
[1341, 1949, 2383, 2015, 2071, 357.543, 82.34148, 359.617, -3.335878, 1.725191, -0.6259542, 235.6246, 169.1853, 277.2991, -0.870229, 1.29771, 1.19084],
[1331, 1892, 2430, 1997, 2031, 355.0383, 83.02531, 359.3421, -2.152672, 0.2977099, 0.7480916, 235.4203, 170.619, 276.3535, -1.839695, 1.053435, 0.1679389],
[1354, 1950, 2401, 2075, 2073, 359.2822, 83.28341, 359.8593, -1.587786, 0.8778625, -0.9847328, 236.1423, 169.2497, 277.1146, -1.40458, 0.6259542, 1.259542],
[1328, 1936, 2391, 2005, 2033, 352.5512, 83.24903, 359.0675, -4.282443, 1.435114, 0.2366412, 236.1004, 167.9359, 278.0253, -4.076336, 2.122137, 0.7480916],
[1381, 1982, 2421, 2000, 2079, 5.669092, 82.31156, 0.680214, -3.206107, 1.977099, 0.1450382, 235.626, 168.924, 277.4804, -2.992366, 0.9160305, 0.9923664],
[1367, 2031, 2435, 2035, 2082, 352.7617, 82.79803, 359.0349, -4.801527, 0.5954198, -0.8167939, 235.7627, 168.4588, 277.7645, -2.51145, 2.40458, 1.290076],
[1354, 1903, 2459, 2017, 2084, 2.016461, 81.61597, 0.2163007, -2.328244, 3.007634, 1.259542, 235.5353, 168.3711, 277.8921, -3.244275, 0.1984733, 0.2442748],
[1358, 2000, 2414, 1997, 2078, 355.9246, 82.00361, 359.377, -3.839695, 1.099237, 0.3282443, 235.1691, 167.1955, 278.8353, -1.206107, -0.007633588, 0.259542],
[1358, 1947, 2404, 1967, 2056, 358.755, 82.88076, 359.7896, -3.328244, 1.458015, 1.022901, 235.8099, 167.6795, 278.2911, -3.045802, 1.450382, 1.076336],
[1391, 1981, 2446, 1984, 2099, 355.2746, 82.04432, 359.2896, -3.78626, 2.374046, 0.5496183, 235.1167, 167.2173, 278.8368, -3.557252, 1.564886, 1.671756],
[1392, 1957, 2431, 2003, 2099, 358.0106, 81.83846, 359.6621, -1.183206, 4.007634, 0.09923664, 235.9646, 166.8077, 278.8463, -1.580153, 0.2137404, 1.129771],
[1386, 1873, 2403, 1989, 2080, 354.3151, 82.96753, 359.2483, -3.381679, 2.137405, -0.8778625, 235.9542, 167.9088, 278.0881, -3.664122, 2.061069, 1.870229],
[1376, 1972, 2423, 1989, 2044, 353.117, 82.94546, 359.0979, -5.061069, 1.381679, 1.244275, 236.0008, 167.2403, 278.5352, -2.625954, 3.122137, 1.770992],
[1374, 2011, 2416, 1985, 2075, 355.2123, 83.1924, 359.3773, -3.198473, 2.755725, -0.1145038, 236.3528, 168.321, 277.6876, -3.969466, 0.961832, 3.70229],
[1397, 1977, 2418, 1936, 2132, 355.7997, 83.49966, 359.4694, -3.534351, 6.229008, 3.526718, 235.682, 168.207, 277.9632, -1.839695, 2.396947, 1.503817],
[1419, 2000, 2459, 2029, 2081, 352.8672, 81.89471, 358.9344, -2.885496, 1.244275, -0.01526718, 236.0517, 168.6898, 277.5224, -1.938931, 1.725191, 1.305344],
[1401, 1968, 2435, 2000, 2096, 355.679, 80.89734, 359.2586, -2.10687, 1.862595, 1.244275, 236.0484, 167.648, 278.2391, -3.175573, 1.221374, 0.778626],
[1362, 1999, 2386, 2096, 2125, 352.0212, 81.4907, 358.7559, -8.297709, -0.5419847, 1.198473, 235.8679, 167.856, 278.1509, -3.122137, 0.9236641, -0.1832061],
[1379, 2003, 2410, 2075, 2084, 349.7942, 82.0775, 358.5249, -3.274809, 0.5801527, -0.740458, 235.6052, 167.4248, 278.533, -0.259542, 2.053435, 1.923664],
[1411, 2033, 2446, 1995, 2112, 346.4896, 82.98807, 358.2716, -3.206107, 0.9847328, -0.9007633, 236.3972, 166.4641, 278.9386, -3.328244, 1.412214, 1.114504],
[1393, 1975, 2446, 2026, 2096, 349.1807, 81.8588, 358.3953, -1.938931, 0.8091603, 0.870229, 236.2236, 167.6319, 278.1961, -2.236641, 1.442748, 0.8396947],
[1390, 1978, 2421, 2045, 2111, 353.5334, 81.42102, 358.9753, -3.198473, 1.083969, -1.755725, 235.7095, 166.6567, 279.0365, -3.580153, 1.022901, 2.648855],
[1411, 1961, 2467, 2000, 1936, 355.9227, 81.83069, 359.3644, -3.969466, 2.053435, -0.6183206, 236.7014, 167.8761, 277.8855, -1.427481, 0.9923664, 2.114504],
[1393, 2015, 2468, 2000, 2112, 338.4109, 83.67021, 357.4641, -5.267176, 0.2748091, 0.4503817, 235.9689, 167.3169, 278.4925, -2.801527, 3.007634, 2.374046],
[1388, 2029, 2454, 2007, 2095, 351.8914, 82.11053, 358.8256, -2.709924, 3.694656, 0.1755725, 236.1871, 167.9098, 278.017, -1.938931, 1.282443, 0.8091603],
[1431, 1937, 2231, 1994, 2135, 352.8042, 83.15328, 359.0854, -5.641222, 1.503817, -0.6641222, 236.0383, 167.1138, 278.6105, -4.358778, 3.564885, 2.625954],
[1387, 2009, 2450, 1995, 2133, 347.0063, 82.86209, 358.3084, -2.778626, 2.396947, -0.9160305, 236.1108, 167.2027, 278.526, -1.59542, 1.274809, 1.633588],
[1376, 1997, 2451, 2013, 2129, 352.7798, 82.0098, 358.9366, -3.259542, 1.51145, 0.1221374, 236.1504, 167.1036, 278.5815, -1.480916, 0.7099237, 0.9389313],
[1383, 2047, 2479, 2066, 2094, 355.5342, 82.20189, 359.338, -0.519084, 1.29771, 0.6793893, 236.5811, 166.6372, 278.7595, -3.580153, -0.778626, -0.7022901],
[1427, 2061, 2438, 2106, 2096, 349.4216, 84.46667, 358.9212, -1.916031, 3.610687, 0.3969466, 236.4406, 166.7808, 278.7081, -3.374046, 1.70229, 1.961832],
[1376, 1999, 2475, 2035, 2079, 344.358, 82.17451, 357.7652, -2.984733, 3.007634, -0.4885496, 236.3847, 167.246, 278.4092, -2.458015, 1.053435, 2.282443],
[1372, 2007, 2431, 2020, 2160, 5.586126, 81.83912, 0.7168812, -4.183206, 0.4732824, 1.59542, 236.2711, 166.2414, 279.1341, -7.267176, 2.557252, 1.061069],
[1361, 2081, 2438, 2041, 2097, 354.7455, 82.59224, 359.2665, -4.198473, 2.175573, 1.412214, 235.7525, 167.2426, 278.6132, -3.465649, 2.206107, 1.358779],
[1394, 2030, 2351, 2069, 2090, 346.8823, 82.68583, 358.2508, -5.08397, 2.679389, -0.1221374, 236.0255, 167.5534, 278.3114, -2.51145, 2.160305, 1.80916],
[1407, 2035, 2417, 1990, 2135, 343.3627, 82.87994, 357.8321, -4.10687, 2.068702, 0.9083969, 235.789, 166.9973, 278.7723, -4.763359, 2.80916, 2.458015],
[1390, 2046, 2485, 2031, 2109, 350.2059, 82.18539, 358.6021, -3.961832, 1.854962, 0.2290076, 236.4964, 166.299, 279.0178, -0.8931297, 1.847328, 1.335878],
[1427, 2017, 2455, 2043, 2143, 343.0926, 82.05922, 357.5435, -3.244275, 1.854962, -1.633588, 235.7082, 167.5001, 278.4477, -3.40458, 1.51145, 1.954198],
[1411, 2059, 2466, 2042, 2112, 345.9011, 82.11955, 357.9754, -4.076336, 2.061069, 0.7022901, 235.8913, 166.5743, 279.0328, -3.19084, 2.236641, 1.503817],
[1443, 1999, 2449, 2087, 2117, 347.0222, 82.72786, 358.2793, -1.526718, 2.152672, 1.068702, 235.7015, 167.0287, 278.779, -1.969466, 1.038168, -0.2442748],
[1367, 1865, 2403, 1954, 1999, 5.786757, 82.32759, 0.6944082, -2.480916, 1.175573, -0.1374046, 234.774, 170.4613, 276.6212, -0.03816794, 1.137405, 1.335878],
[1302, 1926, 2368, 1973, 1975, 355.2425, 82.27722, 359.3045, -0.9541985, 3.045802, 1.030534, 233.8411, 170.2501, 277.0091, -2.618321, 0.9160305, 1.977099],
[1328, 1903, 2415, 1954, 2011, 5.328568, 82.40994, 0.6248307, -1.366412, 1.40458, 0.2290076, 234.7186, 169.7606, 277.1365, -1.618321, 0.2977099, 0.4351145],
[1341, 1927, 2448, 1946, 2031, 357.3037, 82.66574, 359.6003, -2.229008, 3.267176, 0.3358779, 234.5861, 171.8202, 275.6926, -3.381679, 0.351145, 0.7938931],
[1373, 1922, 2415, 2001, 2025, 355.6182, 81.83274, 359.3211, -0.2748091, 1.969466, 1.076336, 234.4271, 170.8123, 276.4532, -1.450382, 0.3358779, 0.4961832],
[1349, 1947, 2412, 1975, 1989, 1.660528, 82.17082, 0.1470238, -4.709924, 2.022901, 0.3435115, 234.5659, 170.2238, 276.8433, -3.679389, 2.526718, 1.778626],
[1361, 1953, 2383, 1935, 2071, 6.169713, 82.15159, 0.7656386, -2.59542, 1.48855, -0.1068702, 234.6369, 170.2357, 276.8168, -2.236641, 1.045802, 1.671756],
[1344, 1909, 2533, 1968, 2032, 355.6107, 81.79115, 359.3168, -3.572519, 1.862595, -0.01526718, 234.7079, 169.9387, 277.0117, -2.198473, 1.305344, 0.5877862],
[1346, 1969, 2333, 2029, 2033, 5.980025, 81.84402, 0.7728109, -2.419847, 1.580153, 0.6564885, 234.4536, 169.9976, 277.0353, -0.9770992, 1.091603, 0.2748091],
[1341, 1949, 2383, 2015, 2071, 357.543, 82.34148, 359.617, -3.335878, 1.725191, -0.6259542, 235.6246, 169.1853, 277.2991, -0.870229, 1.29771, 1.19084],
[1331, 1892, 2430, 1997, 2031, 355.0383, 83.02531, 359.3421, -2.152672, 0.2977099, 0.7480916, 235.4203, 170.619, 276.3535, -1.839695, 1.053435, 0.1679389],
[1354, 1950, 2401, 2075, 2073, 359.2822, 83.28341, 359.8593, -1.587786, 0.8778625, -0.9847328, 236.1423, 169.2497, 277.1146, -1.40458, 0.6259542, 1.259542],
[1328, 1936, 2391, 2005, 2033, 352.5512, 83.24903, 359.0675, -4.282443, 1.435114, 0.2366412, 236.1004, 167.9359, 278.0253, -4.076336, 2.122137, 0.7480916],
[1381, 1982, 2421, 2000, 2079, 5.669092, 82.31156, 0.680214, -3.206107, 1.977099, 0.1450382, 235.626, 168.924, 277.4804, -2.992366, 0.9160305, 0.9923664],
[1367, 2031, 2435, 2035, 2082, 352.7617, 82.79803, 359.0349, -4.801527, 0.5954198, -0.8167939, 235.7627, 168.4588, 277.7645, -2.51145, 2.40458, 1.290076],
[1354, 1903, 2459, 2017, 2084, 2.016461, 81.61597, 0.2163007, -2.328244, 3.007634, 1.259542, 235.5353, 168.3711, 277.8921, -3.244275, 0.1984733, 0.2442748],
[1358, 2000, 2414, 1997, 2078, 355.9246, 82.00361, 359.377, -3.839695, 1.099237, 0.3282443, 235.1691, 167.1955, 278.8353, -1.206107, -0.007633588, 0.259542],
[1358, 1947, 2404, 1967, 2056, 358.755, 82.88076, 359.7896, -3.328244, 1.458015, 1.022901, 235.8099, 167.6795, 278.2911, -3.045802, 1.450382, 1.076336],
[1391, 1981, 2446, 1984, 2099, 355.2746, 82.04432, 359.2896, -3.78626, 2.374046, 0.5496183, 235.1167, 167.2173, 278.8368, -3.557252, 1.564886, 1.671756],
[1392, 1957, 2431, 2003, 2099, 358.0106, 81.83846, 359.6621, -1.183206, 4.007634, 0.09923664, 235.9646, 166.8077, 278.8463, -1.580153, 0.2137404, 1.129771],
[1386, 1873, 2403, 1989, 2080, 354.3151, 82.96753, 359.2483, -3.381679, 2.137405, -0.8778625, 235.9542, 167.9088, 278.0881, -3.664122, 2.061069, 1.870229],
[1376, 1972, 2423, 1989, 2044, 353.117, 82.94546, 359.0979, -5.061069, 1.381679, 1.244275, 236.0008, 167.2403, 278.5352, -2.625954, 3.122137, 1.770992],
[1374, 2011, 2416, 1985, 2075, 355.2123, 83.1924, 359.3773, -3.198473, 2.755725, -0.1145038, 236.3528, 168.321, 277.6876, -3.969466, 0.961832, 3.70229],
[1397, 1977, 2418, 1936, 2132, 355.7997, 83.49966, 359.4694, -3.534351, 6.229008, 3.526718, 235.682, 168.207, 277.9632, -1.839695, 2.396947, 1.503817],
[1419, 2000, 2459, 2029, 2081, 352.8672, 81.89471, 358.9344, -2.885496, 1.244275, -0.01526718, 236.0517, 168.6898, 277.5224, -1.938931, 1.725191, 1.305344],
[1401, 1968, 2435, 2000, 2096, 355.679, 80.89734, 359.2586, -2.10687, 1.862595, 1.244275, 236.0484, 167.648, 278.2391, -3.175573, 1.221374, 0.778626],
[1362, 1999, 2386, 2096, 2125, 352.0212, 81.4907, 358.7559, -8.297709, -0.5419847, 1.198473, 235.8679, 167.856, 278.1509, -3.122137, 0.9236641, -0.1832061],
[1379, 2003, 2410, 2075, 2084, 349.7942, 82.0775, 358.5249, -3.274809, 0.5801527, -0.740458, 235.6052, 167.4248, 278.533, -0.259542, 2.053435, 1.923664],
[1411, 2033, 2446, 1995, 2112, 346.4896, 82.98807, 358.2716, -3.206107, 0.9847328, -0.9007633, 236.3972, 166.4641, 278.9386, -3.328244, 1.412214, 1.114504],
[1393, 1975, 2446, 2026, 2096, 349.1807, 81.8588, 358.3953, -1.938931, 0.8091603, 0.870229, 236.2236, 167.6319, 278.1961, -2.236641, 1.442748, 0.8396947],
[1390, 1978, 2421, 2045, 2111, 353.5334, 81.42102, 358.9753, -3.198473, 1.083969, -1.755725, 235.7095, 166.6567, 279.0365, -3.580153, 1.022901, 2.648855],
[1411, 1961, 2467, 2000, 1936, 355.9227, 81.83069, 359.3644, -3.969466, 2.053435, -0.6183206, 236.7014, 167.8761, 277.8855, -1.427481, 0.9923664, 2.114504],
[1393, 2015, 2468, 2000, 2112, 338.4109, 83.67021, 357.4641, -5.267176, 0.2748091, 0.4503817, 235.9689, 167.3169, 278.4925, -2.801527, 3.007634, 2.374046],
[1388, 2029, 2454, 2007, 2095, 351.8914, 82.11053, 358.8256, -2.709924, 3.694656, 0.1755725, 236.1871, 167.9098, 278.017, -1.938931, 1.282443, 0.8091603],
[1431, 1937, 2231, 1994, 2135, 352.8042, 83.15328, 359.0854, -5.641222, 1.503817, -0.6641222, 236.0383, 167.1138, 278.6105, -4.358778, 3.564885, 2.625954],
[1387, 2009, 2450, 1995, 2133, 347.0063, 82.86209, 358.3084, -2.778626, 2.396947, -0.9160305, 236.1108, 167.2027, 278.526, -1.59542, 1.274809, 1.633588],
[1376, 1997, 2451, 2013, 2129, 352.7798, 82.0098, 358.9366, -3.259542, 1.51145, 0.1221374, 236.1504, 167.1036, 278.5815, -1.480916, 0.7099237, 0.9389313],
[1383, 2047, 2479, 2066, 2094, 355.5342, 82.20189, 359.338, -0.519084, 1.29771, 0.6793893, 236.5811, 166.6372, 278.7595, -3.580153, -0.778626, -0.7022901],
[1427, 2061, 2438, 2106, 2096, 349.4216, 84.46667, 358.9212, -1.916031, 3.610687, 0.3969466, 236.4406, 166.7808, 278.7081, -3.374046, 1.70229, 1.961832],
[1376, 1999, 2475, 2035, 2079, 344.358, 82.17451, 357.7652, -2.984733, 3.007634, -0.4885496, 236.3847, 167.246, 278.4092, -2.458015, 1.053435, 2.282443],
[1372, 2007, 2431, 2020, 2160, 5.586126, 81.83912, 0.7168812, -4.183206, 0.4732824, 1.59542, 236.2711, 166.2414, 279.1341, -7.267176, 2.557252, 1.061069],
[1361, 2081, 2438, 2041, 2097, 354.7455, 82.59224, 359.2665, -4.198473, 2.175573, 1.412214, 235.7525, 167.2426, 278.6132, -3.465649, 2.206107, 1.358779],
[1394, 2030, 2351, 2069, 2090, 346.8823, 82.68583, 358.2508, -5.08397, 2.679389, -0.1221374, 236.0255, 167.5534, 278.3114, -2.51145, 2.160305, 1.80916],
[1407, 2035, 2417, 1990, 2135, 343.3627, 82.87994, 357.8321, -4.10687, 2.068702, 0.9083969, 235.789, 166.9973, 278.7723, -4.763359, 2.80916, 2.458015],
[1390, 2046, 2485, 2031, 2109, 350.2059, 82.18539, 358.6021, -3.961832, 1.854962, 0.2290076, 236.4964, 166.299, 279.0178, -0.8931297, 1.847328, 1.335878],
[1427, 2017, 2455, 2043, 2143, 343.0926, 82.05922, 357.5435, -3.244275, 1.854962, -1.633588, 235.7082, 167.5001, 278.4477, -3.40458, 1.51145, 1.954198],
[1411, 2059, 2466, 2042, 2112, 345.9011, 82.11955, 357.9754, -4.076336, 2.061069, 0.7022901, 235.8913, 166.5743, 279.0328, -3.19084, 2.236641, 1.503817],
[1443, 1999, 2449, 2087, 2117, 347.0222, 82.72786, 358.2793, -1.526718, 2.152672, 1.068702, 235.7015, 167.0287, 278.779, -1.969466, 1.038168, -0.2442748],
[1367, 1865, 2403, 1954, 1999, 5.786757, 82.32759, 0.6944082, -2.480916, 1.175573, -0.1374046, 234.774, 170.4613, 276.6212, -0.03816794, 1.137405, 1.335878],
[1302, 1926, 2368, 1973, 1975, 355.2425, 82.27722, 359.3045, -0.9541985, 3.045802, 1.030534, 233.8411, 170.2501, 277.0091, -2.618321, 0.9160305, 1.977099],
[1328, 1903, 2415, 1954, 2011, 5.328568, 82.40994, 0.6248307, -1.366412, 1.40458, 0.2290076, 234.7186, 169.7606, 277.1365, -1.618321, 0.2977099, 0.4351145],
[1341, 1927, 2448, 1946, 2031, 357.3037, 82.66574, 359.6003, -2.229008, 3.267176, 0.3358779, 234.5861, 171.8202, 275.6926, -3.381679, 0.351145, 0.7938931],
[1373, 1922, 2415, 2001, 2025, 355.6182, 81.83274, 359.3211, -0.2748091, 1.969466, 1.076336, 234.4271, 170.8123, 276.4532, -1.450382, 0.3358779, 0.4961832],
[1349, 1947, 2412, 1975, 1989, 1.660528, 82.17082, 0.1470238, -4.709924, 2.022901, 0.3435115, 234.5659, 170.2238, 276.8433, -3.679389, 2.526718, 1.778626],
[1361, 1953, 2383, 1935, 2071, 6.169713, 82.15159, 0.7656386, -2.59542, 1.48855, -0.1068702, 234.6369, 170.2357, 276.8168, -2.236641, 1.045802, 1.671756],
[1344, 1909, 2533, 1968, 2032, 355.6107, 81.79115, 359.3168, -3.572519, 1.862595, -0.01526718, 234.7079, 169.9387, 277.0117, -2.198473, 1.305344, 0.5877862],
[1346, 1969, 2333, 2029, 2033, 5.980025, 81.84402, 0.7728109, -2.419847, 1.580153, 0.6564885, 234.4536, 169.9976, 277.0353, -0.9770992, 1.091603, 0.2748091],
[1341, 1949, 2383, 2015, 2071, 357.543, 82.34148, 359.617, -3.335878, 1.725191, -0.6259542, 235.6246, 169.1853, 277.2991, -0.870229, 1.29771, 1.19084],
[1331, 1892, 2430, 1997, 2031, 355.0383, 83.02531, 359.3421, -2.152672, 0.2977099, 0.7480916, 235.4203, 170.619, 276.3535, -1.839695, 1.053435, 0.1679389],
[1354, 1950, 2401, 2075, 2073, 359.2822, 83.28341, 359.8593, -1.587786, 0.8778625, -0.9847328, 236.1423, 169.2497, 277.1146, -1.40458, 0.6259542, 1.259542],
[1328, 1936, 2391, 2005, 2033, 352.5512, 83.24903, 359.0675, -4.282443, 1.435114, 0.2366412, 236.1004, 167.9359, 278.0253, -4.076336, 2.122137, 0.7480916],
[1381, 1982, 2421, 2000, 2079, 5.669092, 82.31156, 0.680214, -3.206107, 1.977099, 0.1450382, 235.626, 168.924, 277.4804, -2.992366, 0.9160305, 0.9923664],
[1367, 2031, 2435, 2035, 2082, 352.7617, 82.79803, 359.0349, -4.801527, 0.5954198, -0.8167939, 235.7627, 168.4588, 277.7645, -2.51145, 2.40458, 1.290076],
[1354, 1903, 2459, 2017, 2084, 2.016461, 81.61597, 0.2163007, -2.328244, 3.007634, 1.259542, 235.5353, 168.3711, 277.8921, -3.244275, 0.1984733, 0.2442748],
[1358, 2000, 2414, 1997, 2078, 355.9246, 82.00361, 359.377, -3.839695, 1.099237, 0.3282443, 235.1691, 167.1955, 278.8353, -1.206107, -0.007633588, 0.259542],
[1358, 1947, 2404, 1967, 2056, 358.755, 82.88076, 359.7896, -3.328244, 1.458015, 1.022901, 235.8099, 167.6795, 278.2911, -3.045802, 1.450382, 1.076336],
[1391, 1981, 2446, 1984, 2099, 355.2746, 82.04432, 359.2896, -3.78626, 2.374046, 0.5496183, 235.1167, 167.2173, 278.8368, -3.557252, 1.564886, 1.671756],
[1392, 1957, 2431, 2003, 2099, 358.0106, 81.83846, 359.6621, -1.183206, 4.007634, 0.09923664, 235.9646, 166.8077, 278.8463, -1.580153, 0.2137404, 1.129771],
[1386, 1873, 2403, 1989, 2080, 354.3151, 82.96753, 359.2483, -3.381679, 2.137405, -0.8778625, 235.9542, 167.9088, 278.0881, -3.664122, 2.061069, 1.870229],
[1376, 1972, 2423, 1989, 2044, 353.117, 82.94546, 359.0979, -5.061069, 1.381679, 1.244275, 236.0008, 167.2403, 278.5352, -2.625954, 3.122137, 1.770992],
[1374, 2011, 2416, 1985, 2075, 355.2123, 83.1924, 359.3773, -3.198473, 2.755725, -0.1145038, 236.3528, 168.321, 277.6876, -3.969466, 0.961832, 3.70229],
[1397, 1977, 2418, 1936, 2132, 355.7997, 83.49966, 359.4694, -3.534351, 6.229008, 3.526718, 235.682, 168.207, 277.9632, -1.839695, 2.396947, 1.503817],
[1419, 2000, 2459, 2029, 2081, 352.8672, 81.89471, 358.9344, -2.885496, 1.244275, -0.01526718, 236.0517, 168.6898, 277.5224, -1.938931, 1.725191, 1.305344],
[1401, 1968, 2435, 2000, 2096, 355.679, 80.89734, 359.2586, -2.10687, 1.862595, 1.244275, 236.0484, 167.648, 278.2391, -3.175573, 1.221374, 0.778626],
[1362, 1999, 2386, 2096, 2125, 352.0212, 81.4907, 358.7559, -8.297709, -0.5419847, 1.198473, 235.8679, 167.856, 278.1509, -3.122137, 0.9236641, -0.1832061],
[1379, 2003, 2410, 2075, 2084, 349.7942, 82.0775, 358.5249, -3.274809, 0.5801527, -0.740458, 235.6052, 167.4248, 278.533, -0.259542, 2.053435, 1.923664],
[1411, 2033, 2446, 1995, 2112, 346.4896, 82.98807, 358.2716, -3.206107, 0.9847328, -0.9007633, 236.3972, 166.4641, 278.9386, -3.328244, 1.412214, 1.114504],
[1393, 1975, 2446, 2026, 2096, 349.1807, 81.8588, 358.3953, -1.938931, 0.8091603, 0.870229, 236.2236, 167.6319, 278.1961, -2.236641, 1.442748, 0.8396947],
[1390, 1978, 2421, 2045, 2111, 353.5334, 81.42102, 358.9753, -3.198473, 1.083969, -1.755725, 235.7095, 166.6567, 279.0365, -3.580153, 1.022901, 2.648855],
[1411, 1961, 2467, 2000, 1936, 355.9227, 81.83069, 359.3644, -3.969466, 2.053435, -0.6183206, 236.7014, 167.8761, 277.8855, -1.427481, 0.9923664, 2.114504],
[1393, 2015, 2468, 2000, 2112, 338.4109, 83.67021, 357.4641, -5.267176, 0.2748091, 0.4503817, 235.9689, 167.3169, 278.4925, -2.801527, 3.007634, 2.374046],
[1388, 2029, 2454, 2007, 2095, 351.8914, 82.11053, 358.8256, -2.709924, 3.694656, 0.1755725, 236.1871, 167.9098, 278.017, -1.938931, 1.282443, 0.8091603],
[1431, 1937, 2231, 1994, 2135, 352.8042, 83.15328, 359.0854, -5.641222, 1.503817, -0.6641222, 236.0383, 167.1138, 278.6105, -4.358778, 3.564885, 2.625954],
[1387, 2009, 2450, 1995, 2133, 347.0063, 82.86209, 358.3084, -2.778626, 2.396947, -0.9160305, 236.1108, 167.2027, 278.526, -1.59542, 1.274809, 1.633588],
[1376, 1997, 2451, 2013, 2129, 352.7798, 82.0098, 358.9366, -3.259542, 1.51145, 0.1221374, 236.1504, 167.1036, 278.5815, -1.480916, 0.7099237, 0.9389313],
[1383, 2047, 2479, 2066, 2094, 355.5342, 82.20189, 359.338, -0.519084, 1.29771, 0.6793893, 236.5811, 166.6372, 278.7595, -3.580153, -0.778626, -0.7022901],
[1427, 2061, 2438, 2106, 2096, 349.4216, 84.46667, 358.9212, -1.916031, 3.610687, 0.3969466, 236.4406, 166.7808, 278.7081, -3.374046, 1.70229, 1.961832],
[1376, 1999, 2475, 2035, 2079, 344.358, 82.17451, 357.7652, -2.984733, 3.007634, -0.4885496, 236.3847, 167.246, 278.4092, -2.458015, 1.053435, 2.282443],
[1372, 2007, 2431, 2020, 2160, 5.586126, 81.83912, 0.7168812, -4.183206, 0.4732824, 1.59542, 236.2711, 166.2414, 279.1341, -7.267176, 2.557252, 1.061069],
[1361, 2081, 2438, 2041, 2097, 354.7455, 82.59224, 359.2665, -4.198473, 2.175573, 1.412214, 235.7525, 167.2426, 278.6132, -3.465649, 2.206107, 1.358779],
[1394, 2030, 2351, 2069, 2090, 346.8823, 82.68583, 358.2508, -5.08397, 2.679389, -0.1221374, 236.0255, 167.5534, 278.3114, -2.51145, 2.160305, 1.80916],
[1407, 2035, 2417, 1990, 2135, 343.3627, 82.87994, 357.8321, -4.10687, 2.068702, 0.9083969, 235.789, 166.9973, 278.7723, -4.763359, 2.80916, 2.458015],
[1390, 2046, 2485, 2031, 2109, 350.2059, 82.18539, 358.6021, -3.961832, 1.854962, 0.2290076, 236.4964, 166.299, 279.0178, -0.8931297, 1.847328, 1.335878],
[1427, 2017, 2455, 2043, 2143, 343.0926, 82.05922, 357.5435, -3.244275, 1.854962, -1.633588, 235.7082, 167.5001, 278.4477, -3.40458, 1.51145, 1.954198],
[1411, 2059, 2466, 2042, 2112, 345.9011, 82.11955, 357.9754, -4.076336, 2.061069, 0.7022901, 235.8913, 166.5743, 279.0328, -3.19084, 2.236641, 1.503817],
[1443, 1999, 2449, 2087, 2117, 347.0222, 82.72786, 358.2793, -1.526718, 2.152672, 1.068702, 235.7015, 167.0287, 278.779, -1.969466, 1.038168, -0.2442748],
[1367, 1865, 2403, 1954, 1999, 5.786757, 82.32759, 0.6944082, -2.480916, 1.175573, -0.1374046, 234.774, 170.4613, 276.6212, -0.03816794, 1.137405, 1.335878],
[1302, 1926, 2368, 1973, 1975, 355.2425, 82.27722, 359.3045, -0.9541985, 3.045802, 1.030534, 233.8411, 170.2501, 277.0091, -2.618321, 0.9160305, 1.977099],
[1328, 1903, 2415, 1954, 2011, 5.328568, 82.40994, 0.6248307, -1.366412, 1.40458, 0.2290076, 234.7186, 169.7606, 277.1365, -1.618321, 0.2977099, 0.4351145],
[1341, 1927, 2448, 1946, 2031, 357.3037, 82.66574, 359.6003, -2.229008, 3.267176, 0.3358779, 234.5861, 171.8202, 275.6926, -3.381679, 0.351145, 0.7938931],
[1373, 1922, 2415, 2001, 2025, 355.6182, 81.83274, 359.3211, -0.2748091, 1.969466, 1.076336, 234.4271, 170.8123, 276.4532, -1.450382, 0.3358779, 0.4961832],
[1349, 1947, 2412, 1975, 1989, 1.660528, 82.17082, 0.1470238, -4.709924, 2.022901, 0.3435115, 234.5659, 170.2238, 276.8433, -3.679389, 2.526718, 1.778626],
[1361, 1953, 2383, 1935, 2071, 6.169713, 82.15159, 0.7656386, -2.59542, 1.48855, -0.1068702, 234.6369, 170.2357, 276.8168, -2.236641, 1.045802, 1.671756],
[1344, 1909, 2533, 1968, 2032, 355.6107, 81.79115, 359.3168, -3.572519, 1.862595, -0.01526718, 234.7079, 169.9387, 277.0117, -2.198473, 1.305344, 0.5877862],
[1346, 1969, 2333, 2029, 2033, 5.980025, 81.84402, 0.7728109, -2.419847, 1.580153, 0.6564885, 234.4536, 169.9976, 277.0353, -0.9770992, 1.091603, 0.2748091],
[1341, 1949, 2383, 2015, 2071, 357.543, 82.34148, 359.617, -3.335878, 1.725191, -0.6259542, 235.6246, 169.1853, 277.2991, -0.870229, 1.29771, 1.19084],
[1331, 1892, 2430, 1997, 2031, 355.0383, 83.02531, 359.3421, -2.152672, 0.2977099, 0.7480916, 235.4203, 170.619, 276.3535, -1.839695, 1.053435, 0.1679389],
[1354, 1950, 2401, 2075, 2073, 359.2822, 83.28341, 359.8593, -1.587786, 0.8778625, -0.9847328, 236.1423, 169.2497, 277.1146, -1.40458, 0.6259542, 1.259542],
[1328, 1936, 2391, 2005, 2033, 352.5512, 83.24903, 359.0675, -4.282443, 1.435114, 0.2366412, 236.1004, 167.9359, 278.0253, -4.076336, 2.122137, 0.7480916],
[1381, 1982, 2421, 2000, 2079, 5.669092, 82.31156, 0.680214, -3.206107, 1.977099, 0.1450382, 235.626, 168.924, 277.4804, -2.992366, 0.9160305, 0.9923664],
[1367, 2031, 2435, 2035, 2082, 352.7617, 82.79803, 359.0349, -4.801527, 0.5954198, -0.8167939, 235.7627, 168.4588, 277.7645, -2.51145, 2.40458, 1.290076],
[1354, 1903, 2459, 2017, 2084, 2.016461, 81.61597, 0.2163007, -2.328244, 3.007634, 1.259542, 235.5353, 168.3711, 277.8921, -3.244275, 0.1984733, 0.2442748],
[1358, 2000, 2414, 1997, 2078, 355.9246, 82.00361, 359.377, -3.839695, 1.099237, 0.3282443, 235.1691, 167.1955, 278.8353, -1.206107, -0.007633588, 0.259542],
[1358, 1947, 2404, 1967, 2056, 358.755, 82.88076, 359.7896, -3.328244, 1.458015, 1.022901, 235.8099, 167.6795, 278.2911, -3.045802, 1.450382, 1.076336],
[1391, 1981, 2446, 1984, 2099, 355.2746, 82.04432, 359.2896, -3.78626, 2.374046, 0.5496183, 235.1167, 167.2173, 278.8368, -3.557252, 1.564886, 1.671756],
[1392, 1957, 2431, 2003, 2099, 358.0106, 81.83846, 359.6621, -1.183206, 4.007634, 0.09923664, 235.9646, 166.8077, 278.8463, -1.580153, 0.2137404, 1.129771],
[1386, 1873, 2403, 1989, 2080, 354.3151, 82.96753, 359.2483, -3.381679, 2.137405, -0.8778625, 235.9542, 167.9088, 278.0881, -3.664122, 2.061069, 1.870229],
[1376, 1972, 2423, 1989, 2044, 353.117, 82.94546, 359.0979, -5.061069, 1.381679, 1.244275, 236.0008, 167.2403, 278.5352, -2.625954, 3.122137, 1.770992],
[1374, 2011, 2416, 1985, 2075, 355.2123, 83.1924, 359.3773, -3.198473, 2.755725, -0.1145038, 236.3528, 168.321, 277.6876, -3.969466, 0.961832, 3.70229],
[1397, 1977, 2418, 1936, 2132, 355.7997, 83.49966, 359.4694, -3.534351, 6.229008, 3.526718, 235.682, 168.207, 277.9632, -1.839695, 2.396947, 1.503817],
[1419, 2000, 2459, 2029, 2081, 352.8672, 81.89471, 358.9344, -2.885496, 1.244275, -0.01526718, 236.0517, 168.6898, 277.5224, -1.938931, 1.725191, 1.305344],
[1401, 1968, 2435, 2000, 2096, 355.679, 80.89734, 359.2586, -2.10687, 1.862595, 1.244275, 236.0484, 167.648, 278.2391, -3.175573, 1.221374, 0.778626],
[1362, 1999, 2386, 2096, 2125, 352.0212, 81.4907, 358.7559, -8.297709, -0.5419847, 1.198473, 235.8679, 167.856, 278.1509, -3.122137, 0.9236641, -0.1832061],
[1379, 2003, 2410, 2075, 2084, 349.7942, 82.0775, 358.5249, -3.274809, 0.5801527, -0.740458, 235.6052, 167.4248, 278.533, -0.259542, 2.053435, 1.923664],
[1411, 2033, 2446, 1995, 2112, 346.4896, 82.98807, 358.2716, -3.206107, 0.9847328, -0.9007633, 236.3972, 166.4641, 278.9386, -3.328244, 1.412214, 1.114504],
[1393, 1975, 2446, 2026, 2096, 349.1807, 81.8588, 358.3953, -1.938931, 0.8091603, 0.870229, 236.2236, 167.6319, 278.1961, -2.236641, 1.442748, 0.8396947],
[1390, 1978, 2421, 2045, 2111, 353.5334, 81.42102, 358.9753, -3.198473, 1.083969, -1.755725, 235.7095, 166.6567, 279.0365, -3.580153, 1.022901, 2.648855],
[1411, 1961, 2467, 2000, 1936, 355.9227, 81.83069, 359.3644, -3.969466, 2.053435, -0.6183206, 236.7014, 167.8761, 277.8855, -1.427481, 0.9923664, 2.114504],
[1393, 2015, 2468, 2000, 2112, 338.4109, 83.67021, 357.4641, -5.267176, 0.2748091, 0.4503817, 235.9689, 167.3169, 278.4925, -2.801527, 3.007634, 2.374046],
[1388, 2029, 2454, 2007, 2095, 351.8914, 82.11053, 358.8256, -2.709924, 3.694656, 0.1755725, 236.1871, 167.9098, 278.017, -1.938931, 1.282443, 0.8091603],
[1431, 1937, 2231, 1994, 2135, 352.8042, 83.15328, 359.0854, -5.641222, 1.503817, -0.6641222, 236.0383, 167.1138, 278.6105, -4.358778, 3.564885, 2.625954],
[1387, 2009, 2450, 1995, 2133, 347.0063, 82.86209, 358.3084, -2.778626, 2.396947, -0.9160305, 236.1108, 167.2027, 278.526, -1.59542, 1.274809, 1.633588],
[1376, 1997, 2451, 2013, 2129, 352.7798, 82.0098, 358.9366, -3.259542, 1.51145, 0.1221374, 236.1504, 167.1036, 278.5815, -1.480916, 0.7099237, 0.9389313],
[1383, 2047, 2479, 2066, 2094, 355.5342, 82.20189, 359.338, -0.519084, 1.29771, 0.6793893, 236.5811, 166.6372, 278.7595, -3.580153, -0.778626, -0.7022901],
[1427, 2061, 2438, 2106, 2096, 349.4216, 84.46667, 358.9212, -1.916031, 3.610687, 0.3969466, 236.4406, 166.7808, 278.7081, -3.374046, 1.70229, 1.961832],
[1376, 1999, 2475, 2035, 2079, 344.358, 82.17451, 357.7652, -2.984733, 3.007634, -0.4885496, 236.3847, 167.246, 278.4092, -2.458015, 1.053435, 2.282443],
[1372, 2007, 2431, 2020, 2160, 5.586126, 81.83912, 0.7168812, -4.183206, 0.4732824, 1.59542, 236.2711, 166.2414, 279.1341, -7.267176, 2.557252, 1.061069],
[1361, 2081, 2438, 2041, 2097, 354.7455, 82.59224, 359.2665, -4.198473, 2.175573, 1.412214, 235.7525, 167.2426, 278.6132, -3.465649, 2.206107, 1.358779],
[1394, 2030, 2351, 2069, 2090, 346.8823, 82.68583, 358.2508, -5.08397, 2.679389, -0.1221374, 236.0255, 167.5534, 278.3114, -2.51145, 2.160305, 1.80916],
[1407, 2035, 2417, 1990, 2135, 343.3627, 82.87994, 357.8321, -4.10687, 2.068702, 0.9083969, 235.789, 166.9973, 278.7723, -4.763359, 2.80916, 2.458015],
[1390, 2046, 2485, 2031, 2109, 350.2059, 82.18539, 358.6021, -3.961832, 1.854962, 0.2290076, 236.4964, 166.299, 279.0178, -0.8931297, 1.847328, 1.335878],
[1427, 2017, 2455, 2043, 2143, 343.0926, 82.05922, 357.5435, -3.244275, 1.854962, -1.633588, 235.7082, 167.5001, 278.4477, -3.40458, 1.51145, 1.954198],
[1411, 2059, 2466, 2042, 2112, 345.9011, 82.11955, 357.9754, -4.076336, 2.061069, 0.7022901, 235.8913, 166.5743, 279.0328, -3.19084, 2.236641, 1.503817],
[1443, 1999, 2449, 2087, 2117, 347.0222, 82.72786, 358.2793, -1.526718, 2.152672, 1.068702, 235.7015, 167.0287, 278.779, -1.969466, 1.038168, -0.2442748],
[1367, 1865, 2403, 1954, 1999, 5.786757, 82.32759, 0.6944082, -2.480916, 1.175573, -0.1374046, 234.774, 170.4613, 276.6212, -0.03816794, 1.137405, 1.335878],
[1302, 1926, 2368, 1973, 1975, 355.2425, 82.27722, 359.3045, -0.9541985, 3.045802, 1.030534, 233.8411, 170.2501, 277.0091, -2.618321, 0.9160305, 1.977099],
[1328, 1903, 2415, 1954, 2011, 5.328568, 82.40994, 0.6248307, -1.366412, 1.40458, 0.2290076, 234.7186, 169.7606, 277.1365, -1.618321, 0.2977099, 0.4351145],
[1341, 1927, 2448, 1946, 2031, 357.3037, 82.66574, 359.6003, -2.229008, 3.267176, 0.3358779, 234.5861, 171.8202, 275.6926, -3.381679, 0.351145, 0.7938931],
[1373, 1922, 2415, 2001, 2025, 355.6182, 81.83274, 359.3211, -0.2748091, 1.969466, 1.076336, 234.4271, 170.8123, 276.4532, -1.450382, 0.3358779, 0.4961832],
[1349, 1947, 2412, 1975, 1989, 1.660528, 82.17082, 0.1470238, -4.709924, 2.022901, 0.3435115, 234.5659, 170.2238, 276.8433, -3.679389, 2.526718, 1.778626],
[1361, 1953, 2383, 1935, 2071, 6.169713, 82.15159, 0.7656386, -2.59542, 1.48855, -0.1068702, 234.6369, 170.2357, 276.8168, -2.236641, 1.045802, 1.671756],
[1344, 1909, 2533, 1968, 2032, 355.6107, 81.79115, 359.3168, -3.572519, 1.862595, -0.01526718, 234.7079, 169.9387, 277.0117, -2.198473, 1.305344, 0.5877862],
[1346, 1969, 2333, 2029, 2033, 5.980025, 81.84402, 0.7728109, -2.419847, 1.580153, 0.6564885, 234.4536, 169.9976, 277.0353, -0.9770992, 1.091603, 0.2748091],
[1341, 1949, 2383, 2015, 2071, 357.543, 82.34148, 359.617, -3.335878, 1.725191, -0.6259542, 235.6246, 169.1853, 277.2991, -0.870229, 1.29771, 1.19084],
[1331, 1892, 2430, 1997, 2031, 355.0383, 83.02531, 359.3421, -2.152672, 0.2977099, 0.7480916, 235.4203, 170.619, 276.3535, -1.839695, 1.053435, 0.1679389],
[1354, 1950, 2401, 2075, 2073, 359.2822, 83.28341, 359.8593, -1.587786, 0.8778625, -0.9847328, 236.1423, 169.2497, 277.1146, -1.40458, 0.6259542, 1.259542],
[1328, 1936, 2391, 2005, 2033, 352.5512, 83.24903, 359.0675, -4.282443, 1.435114, 0.2366412, 236.1004, 167.9359, 278.0253, -4.076336, 2.122137, 0.7480916],
[1381, 1982, 2421, 2000, 2079, 5.669092, 82.31156, 0.680214, -3.206107, 1.977099, 0.1450382, 235.626, 168.924, 277.4804, -2.992366, 0.9160305, 0.9923664],
[1367, 2031, 2435, 2035, 2082, 352.7617, 82.79803, 359.0349, -4.801527, 0.5954198, -0.8167939, 235.7627, 168.4588, 277.7645, -2.51145, 2.40458, 1.290076],
[1354, 1903, 2459, 2017, 2084, 2.016461, 81.61597, 0.2163007, -2.328244, 3.007634, 1.259542, 235.5353, 168.3711, 277.8921, -3.244275, 0.1984733, 0.2442748],
[1358, 2000, 2414, 1997, 2078, 355.9246, 82.00361, 359.377, -3.839695, 1.099237, 0.3282443, 235.1691, 167.1955, 278.8353, -1.206107, -0.007633588, 0.259542],
[1358, 1947, 2404, 1967, 2056, 358.755, 82.88076, 359.7896, -3.328244, 1.458015, 1.022901, 235.8099, 167.6795, 278.2911, -3.045802, 1.450382, 1.076336],
[1391, 1981, 2446, 1984, 2099, 355.2746, 82.04432, 359.2896, -3.78626, 2.374046, 0.5496183, 235.1167, 167.2173, 278.8368, -3.557252, 1.564886, 1.671756],
[1392, 1957, 2431, 2003, 2099, 358.0106, 81.83846, 359.6621, -1.183206, 4.007634, 0.09923664, 235.9646, 166.8077, 278.8463, -1.580153, 0.2137404, 1.129771],
[1386, 1873, 2403, 1989, 2080, 354.3151, 82.96753, 359.2483, -3.381679, 2.137405, -0.8778625, 235.9542, 167.9088, 278.0881, -3.664122, 2.061069, 1.870229],
[1376, 1972, 2423, 1989, 2044, 353.117, 82.94546, 359.0979, -5.061069, 1.381679, 1.244275, 236.0008, 167.2403, 278.5352, -2.625954, 3.122137, 1.770992],
[1374, 2011, 2416, 1985, 2075, 355.2123, 83.1924, 359.3773, -3.198473, 2.755725, -0.1145038, 236.3528, 168.321, 277.6876, -3.969466, 0.961832, 3.70229],
[1397, 1977, 2418, 1936, 2132, 355.7997, 83.49966, 359.4694, -3.534351, 6.229008, 3.526718, 235.682, 168.207, 277.9632, -1.839695, 2.396947, 1.503817],
[1419, 2000, 2459, 2029, 2081, 352.8672, 81.89471, 358.9344, -2.885496, 1.244275, -0.01526718, 236.0517, 168.6898, 277.5224, -1.938931, 1.725191, 1.305344],
[1401, 1968, 2435, 2000, 2096, 355.679, 80.89734, 359.2586, -2.10687, 1.862595, 1.244275, 236.0484, 167.648, 278.2391, -3.175573, 1.221374, 0.778626],
[1362, 1999, 2386, 2096, 2125, 352.0212, 81.4907, 358.7559, -8.297709, -0.5419847, 1.198473, 235.8679, 167.856, 278.1509, -3.122137, 0.9236641, -0.1832061],
[1379, 2003, 2410, 2075, 2084, 349.7942, 82.0775, 358.5249, -3.274809, 0.5801527, -0.740458, 235.6052, 167.4248, 278.533, -0.259542, 2.053435, 1.923664],
[1411, 2033, 2446, 1995, 2112, 346.4896, 82.98807, 358.2716, -3.206107, 0.9847328, -0.9007633, 236.3972, 166.4641, 278.9386, -3.328244, 1.412214, 1.114504],
[1393, 1975, 2446, 2026, 2096, 349.1807, 81.8588, 358.3953, -1.938931, 0.8091603, 0.870229, 236.2236, 167.6319, 278.1961, -2.236641, 1.442748, 0.8396947],
[1390, 1978, 2421, 2045, 2111, 353.5334, 81.42102, 358.9753, -3.198473, 1.083969, -1.755725, 235.7095, 166.6567, 279.0365, -3.580153, 1.022901, 2.648855],
[1411, 1961, 2467, 2000, 1936, 355.9227, 81.83069, 359.3644, -3.969466, 2.053435, -0.6183206, 236.7014, 167.8761, 277.8855, -1.427481, 0.9923664, 2.114504],
[1393, 2015, 2468, 2000, 2112, 338.4109, 83.67021, 357.4641, -5.267176, 0.2748091, 0.4503817, 235.9689, 167.3169, 278.4925, -2.801527, 3.007634, 2.374046],
[1388, 2029, 2454, 2007, 2095, 351.8914, 82.11053, 358.8256, -2.709924, 3.694656, 0.1755725, 236.1871, 167.9098, 278.017, -1.938931, 1.282443, 0.8091603],
[1431, 1937, 2231, 1994, 2135, 352.8042, 83.15328, 359.0854, -5.641222, 1.503817, -0.6641222, 236.0383, 167.1138, 278.6105, -4.358778, 3.564885, 2.625954],
[1387, 2009, 2450, 1995, 2133, 347.0063, 82.86209, 358.3084, -2.778626, 2.396947, -0.9160305, 236.1108, 167.2027, 278.526, -1.59542, 1.274809, 1.633588],
[1376, 1997, 2451, 2013, 2129, 352.7798, 82.0098, 358.9366, -3.259542, 1.51145, 0.1221374, 236.1504, 167.1036, 278.5815, -1.480916, 0.7099237, 0.9389313],
[1383, 2047, 2479, 2066, 2094, 355.5342, 82.20189, 359.338, -0.519084, 1.29771, 0.6793893, 236.5811, 166.6372, 278.7595, -3.580153, -0.778626, -0.7022901],
[1427, 2061, 2438, 2106, 2096, 349.4216, 84.46667, 358.9212, -1.916031, 3.610687, 0.3969466, 236.4406, 166.7808, 278.7081, -3.374046, 1.70229, 1.961832],
[1376, 1999, 2475, 2035, 2079, 344.358, 82.17451, 357.7652, -2.984733, 3.007634, -0.4885496, 236.3847, 167.246, 278.4092, -2.458015, 1.053435, 2.282443],
[1372, 2007, 2431, 2020, 2160, 5.586126, 81.83912, 0.7168812, -4.183206, 0.4732824, 1.59542, 236.2711, 166.2414, 279.1341, -7.267176, 2.557252, 1.061069],
[1361, 2081, 2438, 2041, 2097, 354.7455, 82.59224, 359.2665, -4.198473, 2.175573, 1.412214, 235.7525, 167.2426, 278.6132, -3.465649, 2.206107, 1.358779],
[1394, 2030, 2351, 2069, 2090, 346.8823, 82.68583, 358.2508, -5.08397, 2.679389, -0.1221374, 236.0255, 167.5534, 278.3114, -2.51145, 2.160305, 1.80916],
[1407, 2035, 2417, 1990, 2135, 343.3627, 82.87994, 357.8321, -4.10687, 2.068702, 0.9083969, 235.789, 166.9973, 278.7723, -4.763359, 2.80916, 2.458015],
[1390, 2046, 2485, 2031, 2109, 350.2059, 82.18539, 358.6021, -3.961832, 1.854962, 0.2290076, 236.4964, 166.299, 279.0178, -0.8931297, 1.847328, 1.335878],
[1427, 2017, 2455, 2043, 2143, 343.0926, 82.05922, 357.5435, -3.244275, 1.854962, -1.633588, 235.7082, 167.5001, 278.4477, -3.40458, 1.51145, 1.954198],
[1411, 2059, 2466, 2042, 2112, 345.9011, 82.11955, 357.9754, -4.076336, 2.061069, 0.7022901, 235.8913, 166.5743, 279.0328, -3.19084, 2.236641, 1.503817],
[1443, 1999, 2449, 2087, 2117, 347.0222, 82.72786, 358.2793, -1.526718, 2.152672, 1.068702, 235.7015, 167.0287, 278.779, -1.969466, 1.038168, -0.2442748],
[1367, 1865, 2403, 1954, 1999, 5.786757, 82.32759, 0.6944082, -2.480916, 1.175573, -0.1374046, 234.774, 170.4613, 276.6212, -0.03816794, 1.137405, 1.335878],
[1302, 1926, 2368, 1973, 1975, 355.2425, 82.27722, 359.3045, -0.9541985, 3.045802, 1.030534, 233.8411, 170.2501, 277.0091, -2.618321, 0.9160305, 1.977099],
[1328, 1903, 2415, 1954, 2011, 5.328568, 82.40994, 0.6248307, -1.366412, 1.40458, 0.2290076, 234.7186, 169.7606, 277.1365, -1.618321, 0.2977099, 0.4351145],
[1341, 1927, 2448, 1946, 2031, 357.3037, 82.66574, 359.6003, -2.229008, 3.267176, 0.3358779, 234.5861, 171.8202, 275.6926, -3.381679, 0.351145, 0.7938931],
[1373, 1922, 2415, 2001, 2025, 355.6182, 81.83274, 359.3211, -0.2748091, 1.969466, 1.076336, 234.4271, 170.8123, 276.4532, -1.450382, 0.3358779, 0.4961832],
[1349, 1947, 2412, 1975, 1989, 1.660528, 82.17082, 0.1470238, -4.709924, 2.022901, 0.3435115, 234.5659, 170.2238, 276.8433, -3.679389, 2.526718, 1.778626],
[1361, 1953, 2383, 1935, 2071, 6.169713, 82.15159, 0.7656386, -2.59542, 1.48855, -0.1068702, 234.6369, 170.2357, 276.8168, -2.236641, 1.045802, 1.671756],
[1344, 1909, 2533, 1968, 2032, 355.6107, 81.79115, 359.3168, -3.572519, 1.862595, -0.01526718, 234.7079, 169.9387, 277.0117, -2.198473, 1.305344, 0.5877862],
[1346, 1969, 2333, 2029, 2033, 5.980025, 81.84402, 0.7728109, -2.419847, 1.580153, 0.6564885, 234.4536, 169.9976, 277.0353, -0.9770992, 1.091603, 0.2748091],
[1341, 1949, 2383, 2015, 2071, 357.543, 82.34148, 359.617, -3.335878, 1.725191, -0.6259542, 235.6246, 169.1853, 277.2991, -0.870229, 1.29771, 1.19084],
[1331, 1892, 2430, 1997, 2031, 355.0383, 83.02531, 359.3421, -2.152672, 0.2977099, 0.7480916, 235.4203, 170.619, 276.3535, -1.839695, 1.053435, 0.1679389],
[1354, 1950, 2401, 2075, 2073, 359.2822, 83.28341, 359.8593, -1.587786, 0.8778625, -0.9847328, 236.1423, 169.2497, 277.1146, -1.40458, 0.6259542, 1.259542],
[1328, 1936, 2391, 2005, 2033, 352.5512, 83.24903, 359.0675, -4.282443, 1.435114, 0.2366412, 236.1004, 167.9359, 278.0253, -4.076336, 2.122137, 0.7480916],
[1381, 1982, 2421, 2000, 2079, 5.669092, 82.31156, 0.680214, -3.206107, 1.977099, 0.1450382, 235.626, 168.924, 277.4804, -2.992366, 0.9160305, 0.9923664],
[1367, 2031, 2435, 2035, 2082, 352.7617, 82.79803, 359.0349, -4.801527, 0.5954198, -0.8167939, 235.7627, 168.4588, 277.7645, -2.51145, 2.40458, 1.290076],
[1354, 1903, 2459, 2017, 2084, 2.016461, 81.61597, 0.2163007, -2.328244, 3.007634, 1.259542, 235.5353, 168.3711, 277.8921, -3.244275, 0.1984733, 0.2442748],
[1358, 2000, 2414, 1997, 2078, 355.9246, 82.00361, 359.377, -3.839695, 1.099237, 0.3282443, 235.1691, 167.1955, 278.8353, -1.206107, -0.007633588, 0.259542],
[1358, 1947, 2404, 1967, 2056, 358.755, 82.88076, 359.7896, -3.328244, 1.458015, 1.022901, 235.8099, 167.6795, 278.2911, -3.045802, 1.450382, 1.076336],
[1391, 1981, 2446, 1984, 2099, 355.2746, 82.04432, 359.2896, -3.78626, 2.374046, 0.5496183, 235.1167, 167.2173, 278.8368, -3.557252, 1.564886, 1.671756],
[1392, 1957, 2431, 2003, 2099, 358.0106, 81.83846, 359.6621, -1.183206, 4.007634, 0.09923664, 235.9646, 166.8077, 278.8463, -1.580153, 0.2137404, 1.129771],
[1386, 1873, 2403, 1989, 2080, 354.3151, 82.96753, 359.2483, -3.381679, 2.137405, -0.8778625, 235.9542, 167.9088, 278.0881, -3.664122, 2.061069, 1.870229],
[1376, 1972, 2423, 1989, 2044, 353.117, 82.94546, 359.0979, -5.061069, 1.381679, 1.244275, 236.0008, 167.2403, 278.5352, -2.625954, 3.122137, 1.770992],
[1374, 2011, 2416, 1985, 2075, 355.2123, 83.1924, 359.3773, -3.198473, 2.755725, -0.1145038, 236.3528, 168.321, 277.6876, -3.969466, 0.961832, 3.70229],
[1397, 1977, 2418, 1936, 2132, 355.7997, 83.49966, 359.4694, -3.534351, 6.229008, 3.526718, 235.682, 168.207, 277.9632, -1.839695, 2.396947, 1.503817],
[1419, 2000, 2459, 2029, 2081, 352.8672, 81.89471, 358.9344, -2.885496, 1.244275, -0.01526718, 236.0517, 168.6898, 277.5224, -1.938931, 1.725191, 1.305344],
[1401, 1968, 2435, 2000, 2096, 355.679, 80.89734, 359.2586, -2.10687, 1.862595, 1.244275, 236.0484, 167.648, 278.2391, -3.175573, 1.221374, 0.778626],
[1362, 1999, 2386, 2096, 2125, 352.0212, 81.4907, 358.7559, -8.297709, -0.5419847, 1.198473, 235.8679, 167.856, 278.1509, -3.122137, 0.9236641, -0.1832061],
[1379, 2003, 2410, 2075, 2084, 349.7942, 82.0775, 358.5249, -3.274809, 0.5801527, -0.740458, 235.6052, 167.4248, 278.533, -0.259542, 2.053435, 1.923664],
[1411, 2033, 2446, 1995, 2112, 346.4896, 82.98807, 358.2716, -3.206107, 0.9847328, -0.9007633, 236.3972, 166.4641, 278.9386, -3.328244, 1.412214, 1.114504],
[1393, 1975, 2446, 2026, 2096, 349.1807, 81.8588, 358.3953, -1.938931, 0.8091603, 0.870229, 236.2236, 167.6319, 278.1961, -2.236641, 1.442748, 0.8396947],
[1390, 1978, 2421, 2045, 2111, 353.5334, 81.42102, 358.9753, -3.198473, 1.083969, -1.755725, 235.7095, 166.6567, 279.0365, -3.580153, 1.022901, 2.648855],
[1411, 1961, 2467, 2000, 1936, 355.9227, 81.83069, 359.3644, -3.969466, 2.053435, -0.6183206, 236.7014, 167.8761, 277.8855, -1.427481, 0.9923664, 2.114504],
[1393, 2015, 2468, 2000, 2112, 338.4109, 83.67021, 357.4641, -5.267176, 0.2748091, 0.4503817, 235.9689, 167.3169, 278.4925, -2.801527, 3.007634, 2.374046],
[1388, 2029, 2454, 2007, 2095, 351.8914, 82.11053, 358.8256, -2.709924, 3.694656, 0.1755725, 236.1871, 167.9098, 278.017, -1.938931, 1.282443, 0.8091603],
[1431, 1937, 2231, 1994, 2135, 352.8042, 83.15328, 359.0854, -5.641222, 1.503817, -0.6641222, 236.0383, 167.1138, 278.6105, -4.358778, 3.564885, 2.625954],
[1387, 2009, 2450, 1995, 2133, 347.0063, 82.86209, 358.3084, -2.778626, 2.396947, -0.9160305, 236.1108, 167.2027, 278.526, -1.59542, 1.274809, 1.633588],
[1376, 1997, 2451, 2013, 2129, 352.7798, 82.0098, 358.9366, -3.259542, 1.51145, 0.1221374, 236.1504, 167.1036, 278.5815, -1.480916, 0.7099237, 0.9389313],
[1383, 2047, 2479, 2066, 2094, 355.5342, 82.20189, 359.338, -0.519084, 1.29771, 0.6793893, 236.5811, 166.6372, 278.7595, -3.580153, -0.778626, -0.7022901],
[1427, 2061, 2438, 2106, 2096, 349.4216, 84.46667, 358.9212, -1.916031, 3.610687, 0.3969466, 236.4406, 166.7808, 278.7081, -3.374046, 1.70229, 1.961832],
[1376, 1999, 2475, 2035, 2079, 344.358, 82.17451, 357.7652, -2.984733, 3.007634, -0.4885496, 236.3847, 167.246, 278.4092, -2.458015, 1.053435, 2.282443],
[1372, 2007, 2431, 2020, 2160, 5.586126, 81.83912, 0.7168812, -4.183206, 0.4732824, 1.59542, 236.2711, 166.2414, 279.1341, -7.267176, 2.557252, 1.061069],
[1361, 2081, 2438, 2041, 2097, 354.7455, 82.59224, 359.2665, -4.198473, 2.175573, 1.412214, 235.7525, 167.2426, 278.6132, -3.465649, 2.206107, 1.358779],
[1394, 2030, 2351, 2069, 2090, 346.8823, 82.68583, 358.2508, -5.08397, 2.679389, -0.1221374, 236.0255, 167.5534, 278.3114, -2.51145, 2.160305, 1.80916],
[1407, 2035, 2417, 1990, 2135, 343.3627, 82.87994, 357.8321, -4.10687, 2.068702, 0.9083969, 235.789, 166.9973, 278.7723, -4.763359, 2.80916, 2.458015],
[1390, 2046, 2485, 2031, 2109, 350.2059, 82.18539, 358.6021, -3.961832, 1.854962, 0.2290076, 236.4964, 166.299, 279.0178, -0.8931297, 1.847328, 1.335878],
[1427, 2017, 2455, 2043, 2143, 343.0926, 82.05922, 357.5435, -3.244275, 1.854962, -1.633588, 235.7082, 167.5001, 278.4477, -3.40458, 1.51145, 1.954198],
[1411, 2059, 2466, 2042, 2112, 345.9011, 82.11955, 357.9754, -4.076336, 2.061069, 0.7022901, 235.8913, 166.5743, 279.0328, -3.19084, 2.236641, 1.503817],
[1443, 1999, 2449, 2087, 2117, 347.0222, 82.72786, 358.2793, -1.526718, 2.152672, 1.068702, 235.7015, 167.0287, 278.779, -1.969466, 1.038168, -0.2442748],
[1367, 1865, 2403, 1954, 1999, 5.786757, 82.32759, 0.6944082, -2.480916, 1.175573, -0.1374046, 234.774, 170.4613, 276.6212, -0.03816794, 1.137405, 1.335878],
[1302, 1926, 2368, 1973, 1975, 355.2425, 82.27722, 359.3045, -0.9541985, 3.045802, 1.030534, 233.8411, 170.2501, 277.0091, -2.618321, 0.9160305, 1.977099],
[1328, 1903, 2415, 1954, 2011, 5.328568, 82.40994, 0.6248307, -1.366412, 1.40458, 0.2290076, 234.7186, 169.7606, 277.1365, -1.618321, 0.2977099, 0.4351145],
[1341, 1927, 2448, 1946, 2031, 357.3037, 82.66574, 359.6003, -2.229008, 3.267176, 0.3358779, 234.5861, 171.8202, 275.6926, -3.381679, 0.351145, 0.7938931],
[1373, 1922, 2415, 2001, 2025, 355.6182, 81.83274, 359.3211, -0.2748091, 1.969466, 1.076336, 234.4271, 170.8123, 276.4532, -1.450382, 0.3358779, 0.4961832],
[1349, 1947, 2412, 1975, 1989, 1.660528, 82.17082, 0.1470238, -4.709924, 2.022901, 0.3435115, 234.5659, 170.2238, 276.8433, -3.679389, 2.526718, 1.778626],
[1361, 1953, 2383, 1935, 2071, 6.169713, 82.15159, 0.7656386, -2.59542, 1.48855, -0.1068702, 234.6369, 170.2357, 276.8168, -2.236641, 1.045802, 1.671756],
[1344, 1909, 2533, 1968, 2032, 355.6107, 81.79115, 359.3168, -3.572519, 1.862595, -0.01526718, 234.7079, 169.9387, 277.0117, -2.198473, 1.305344, 0.5877862],
[1346, 1969, 2333, 2029, 2033, 5.980025, 81.84402, 0.7728109, -2.419847, 1.580153, 0.6564885, 234.4536, 169.9976, 277.0353, -0.9770992, 1.091603, 0.2748091],
[1341, 1949, 2383, 2015, 2071, 357.543, 82.34148, 359.617, -3.335878, 1.725191, -0.6259542, 235.6246, 169.1853, 277.2991, -0.870229, 1.29771, 1.19084],
[1331, 1892, 2430, 1997, 2031, 355.0383, 83.02531, 359.3421, -2.152672, 0.2977099, 0.7480916, 235.4203, 170.619, 276.3535, -1.839695, 1.053435, 0.1679389],
[1354, 1950, 2401, 2075, 2073, 359.2822, 83.28341, 359.8593, -1.587786, 0.8778625, -0.9847328, 236.1423, 169.2497, 277.1146, -1.40458, 0.6259542, 1.259542],
[1328, 1936, 2391, 2005, 2033, 352.5512, 83.24903, 359.0675, -4.282443, 1.435114, 0.2366412, 236.1004, 167.9359, 278.0253, -4.076336, 2.122137, 0.7480916],
[1381, 1982, 2421, 2000, 2079, 5.669092, 82.31156, 0.680214, -3.206107, 1.977099, 0.1450382, 235.626, 168.924, 277.4804, -2.992366, 0.9160305, 0.9923664],
[1367, 2031, 2435, 2035, 2082, 352.7617, 82.79803, 359.0349, -4.801527, 0.5954198, -0.8167939, 235.7627, 168.4588, 277.7645, -2.51145, 2.40458, 1.290076],
[1354, 1903, 2459, 2017, 2084, 2.016461, 81.61597, 0.2163007, -2.328244, 3.007634, 1.259542, 235.5353, 168.3711, 277.8921, -3.244275, 0.1984733, 0.2442748],
[1358, 2000, 2414, 1997, 2078, 355.9246, 82.00361, 359.377, -3.839695, 1.099237, 0.3282443, 235.1691, 167.1955, 278.8353, -1.206107, -0.007633588, 0.259542],
[1358, 1947, 2404, 1967, 2056, 358.755, 82.88076, 359.7896, -3.328244, 1.458015, 1.022901, 235.8099, 167.6795, 278.2911, -3.045802, 1.450382, 1.076336],
[1391, 1981, 2446, 1984, 2099, 355.2746, 82.04432, 359.2896, -3.78626, 2.374046, 0.5496183, 235.1167, 167.2173, 278.8368, -3.557252, 1.564886, 1.671756],
[1392, 1957, 2431, 2003, 2099, 358.0106, 81.83846, 359.6621, -1.183206, 4.007634, 0.09923664, 235.9646, 166.8077, 278.8463, -1.580153, 0.2137404, 1.129771],
[1386, 1873, 2403, 1989, 2080, 354.3151, 82.96753, 359.2483, -3.381679, 2.137405, -0.8778625, 235.9542, 167.9088, 278.0881, -3.664122, 2.061069, 1.870229],
[1376, 1972, 2423, 1989, 2044, 353.117, 82.94546, 359.0979, -5.061069, 1.381679, 1.244275, 236.0008, 167.2403, 278.5352, -2.625954, 3.122137, 1.770992],
[1374, 2011, 2416, 1985, 2075, 355.2123, 83.1924, 359.3773, -3.198473, 2.755725, -0.1145038, 236.3528, 168.321, 277.6876, -3.969466, 0.961832, 3.70229],
[1397, 1977, 2418, 1936, 2132, 355.7997, 83.49966, 359.4694, -3.534351, 6.229008, 3.526718, 235.682, 168.207, 277.9632, -1.839695, 2.396947, 1.503817],
[1419, 2000, 2459, 2029, 2081, 352.8672, 81.89471, 358.9344, -2.885496, 1.244275, -0.01526718, 236.0517, 168.6898, 277.5224, -1.938931, 1.725191, 1.305344],
[1401, 1968, 2435, 2000, 2096, 355.679, 80.89734, 359.2586, -2.10687, 1.862595, 1.244275, 236.0484, 167.648, 278.2391, -3.175573, 1.221374, 0.778626],
[1362, 1999, 2386, 2096, 2125, 352.0212, 81.4907, 358.7559, -8.297709, -0.5419847, 1.198473, 235.8679, 167.856, 278.1509, -3.122137, 0.9236641, -0.1832061],
[1379, 2003, 2410, 2075, 2084, 349.7942, 82.0775, 358.5249, -3.274809, 0.5801527, -0.740458, 235.6052, 167.4248, 278.533, -0.259542, 2.053435, 1.923664],
[1411, 2033, 2446, 1995, 2112, 346.4896, 82.98807, 358.2716, -3.206107, 0.9847328, -0.9007633, 236.3972, 166.4641, 278.9386, -3.328244, 1.412214, 1.114504],
[1393, 1975, 2446, 2026, 2096, 349.1807, 81.8588, 358.3953, -1.938931, 0.8091603, 0.870229, 236.2236, 167.6319, 278.1961, -2.236641, 1.442748, 0.8396947],
[1390, 1978, 2421, 2045, 2111, 353.5334, 81.42102, 358.9753, -3.198473, 1.083969, -1.755725, 235.7095, 166.6567, 279.0365, -3.580153, 1.022901, 2.648855],
[1411, 1961, 2467, 2000, 1936, 355.9227, 81.83069, 359.3644, -3.969466, 2.053435, -0.6183206, 236.7014, 167.8761, 277.8855, -1.427481, 0.9923664, 2.114504],
[1393, 2015, 2468, 2000, 2112, 338.4109, 83.67021, 357.4641, -5.267176, 0.2748091, 0.4503817, 235.9689, 167.3169, 278.4925, -2.801527, 3.007634, 2.374046],
[1388, 2029, 2454, 2007, 2095, 351.8914, 82.11053, 358.8256, -2.709924, 3.694656, 0.1755725, 236.1871, 167.9098, 278.017, -1.938931, 1.282443, 0.8091603],
[1431, 1937, 2231, 1994, 2135, 352.8042, 83.15328, 359.0854, -5.641222, 1.503817, -0.6641222, 236.0383, 167.1138, 278.6105, -4.358778, 3.564885, 2.625954],
[1387, 2009, 2450, 1995, 2133, 347.0063, 82.86209, 358.3084, -2.778626, 2.396947, -0.9160305, 236.1108, 167.2027, 278.526, -1.59542, 1.274809, 1.633588],
[1376, 1997, 2451, 2013, 2129, 352.7798, 82.0098, 358.9366, -3.259542, 1.51145, 0.1221374, 236.1504, 167.1036, 278.5815, -1.480916, 0.7099237, 0.9389313],
[1383, 2047, 2479, 2066, 2094, 355.5342, 82.20189, 359.338, -0.519084, 1.29771, 0.6793893, 236.5811, 166.6372, 278.7595, -3.580153, -0.778626, -0.7022901],
[1427, 2061, 2438, 2106, 2096, 349.4216, 84.46667, 358.9212, -1.916031, 3.610687, 0.3969466, 236.4406, 166.7808, 278.7081, -3.374046, 1.70229, 1.961832],
[1376, 1999, 2475, 2035, 2079, 344.358, 82.17451, 357.7652, -2.984733, 3.007634, -0.4885496, 236.3847, 167.246, 278.4092, -2.458015, 1.053435, 2.282443],
[1372, 2007, 2431, 2020, 2160, 5.586126, 81.83912, 0.7168812, -4.183206, 0.4732824, 1.59542, 236.2711, 166.2414, 279.1341, -7.267176, 2.557252, 1.061069],
[1361, 2081, 2438, 2041, 2097, 354.7455, 82.59224, 359.2665, -4.198473, 2.175573, 1.412214, 235.7525, 167.2426, 278.6132, -3.465649, 2.206107, 1.358779],
[1394, 2030, 2351, 2069, 2090, 346.8823, 82.68583, 358.2508, -5.08397, 2.679389, -0.1221374, 236.0255, 167.5534, 278.3114, -2.51145, 2.160305, 1.80916],
[1407, 2035, 2417, 1990, 2135, 343.3627, 82.87994, 357.8321, -4.10687, 2.068702, 0.9083969, 235.789, 166.9973, 278.7723, -4.763359, 2.80916, 2.458015],
[1390, 2046, 2485, 2031, 2109, 350.2059, 82.18539, 358.6021, -3.961832, 1.854962, 0.2290076, 236.4964, 166.299, 279.0178, -0.8931297, 1.847328, 1.335878],
[1427, 2017, 2455, 2043, 2143, 343.0926, 82.05922, 357.5435, -3.244275, 1.854962, -1.633588, 235.7082, 167.5001, 278.4477, -3.40458, 1.51145, 1.954198],
[1411, 2059, 2466, 2042, 2112, 345.9011, 82.11955, 357.9754, -4.076336, 2.061069, 0.7022901, 235.8913, 166.5743, 279.0328, -3.19084, 2.236641, 1.503817],
[1443, 1999, 2449, 2087, 2117, 347.0222, 82.72786, 358.2793, -1.526718, 2.152672, 1.068702, 235.7015, 167.0287, 278.779, -1.969466, 1.038168, -0.2442748],
[1367, 1865, 2403, 1954, 1999, 5.786757, 82.32759, 0.6944082, -2.480916, 1.175573, -0.1374046, 234.774, 170.4613, 276.6212, -0.03816794, 1.137405, 1.335878],
[1302, 1926, 2368, 1973, 1975, 355.2425, 82.27722, 359.3045, -0.9541985, 3.045802, 1.030534, 233.8411, 170.2501, 277.0091, -2.618321, 0.9160305, 1.977099],
[1328, 1903, 2415, 1954, 2011, 5.328568, 82.40994, 0.6248307, -1.366412, 1.40458, 0.2290076, 234.7186, 169.7606, 277.1365, -1.618321, 0.2977099, 0.4351145],
[1341, 1927, 2448, 1946, 2031, 357.3037, 82.66574, 359.6003, -2.229008, 3.267176, 0.3358779, 234.5861, 171.8202, 275.6926, -3.381679, 0.351145, 0.7938931],
[1373, 1922, 2415, 2001, 2025, 355.6182, 81.83274, 359.3211, -0.2748091, 1.969466, 1.076336, 234.4271, 170.8123, 276.4532, -1.450382, 0.3358779, 0.4961832],
[1349, 1947, 2412, 1975, 1989, 1.660528, 82.17082, 0.1470238, -4.709924, 2.022901, 0.3435115, 234.5659, 170.2238, 276.8433, -3.679389, 2.526718, 1.778626],
[1361, 1953, 2383, 1935, 2071, 6.169713, 82.15159, 0.7656386, -2.59542, 1.48855, -0.1068702, 234.6369, 170.2357, 276.8168, -2.236641, 1.045802, 1.671756],
[1344, 1909, 2533, 1968, 2032, 355.6107, 81.79115, 359.3168, -3.572519, 1.862595, -0.01526718, 234.7079, 169.9387, 277.0117, -2.198473, 1.305344, 0.5877862],
[1346, 1969, 2333, 2029, 2033, 5.980025, 81.84402, 0.7728109, -2.419847, 1.580153, 0.6564885, 234.4536, 169.9976, 277.0353, -0.9770992, 1.091603, 0.2748091],
[1341, 1949, 2383, 2015, 2071, 357.543, 82.34148, 359.617, -3.335878, 1.725191, -0.6259542, 235.6246, 169.1853, 277.2991, -0.870229, 1.29771, 1.19084],
[1331, 1892, 2430, 1997, 2031, 355.0383, 83.02531, 359.3421, -2.152672, 0.2977099, 0.7480916, 235.4203, 170.619, 276.3535, -1.839695, 1.053435, 0.1679389],
[1354, 1950, 2401, 2075, 2073, 359.2822, 83.28341, 359.8593, -1.587786, 0.8778625, -0.9847328, 236.1423, 169.2497, 277.1146, -1.40458, 0.6259542, 1.259542],
[1328, 1936, 2391, 2005, 2033, 352.5512, 83.24903, 359.0675, -4.282443, 1.435114, 0.2366412, 236.1004, 167.9359, 278.0253, -4.076336, 2.122137, 0.7480916],
[1381, 1982, 2421, 2000, 2079, 5.669092, 82.31156, 0.680214, -3.206107, 1.977099, 0.1450382, 235.626, 168.924, 277.4804, -2.992366, 0.9160305, 0.9923664],
[1367, 2031, 2435, 2035, 2082, 352.7617, 82.79803, 359.0349, -4.801527, 0.5954198, -0.8167939, 235.7627, 168.4588, 277.7645, -2.51145, 2.40458, 1.290076],
[1354, 1903, 2459, 2017, 2084, 2.016461, 81.61597, 0.2163007, -2.328244, 3.007634, 1.259542, 235.5353, 168.3711, 277.8921, -3.244275, 0.1984733, 0.2442748],
[1358, 2000, 2414, 1997, 2078, 355.9246, 82.00361, 359.377, -3.839695, 1.099237, 0.3282443, 235.1691, 167.1955, 278.8353, -1.206107, -0.007633588, 0.259542],
[1358, 1947, 2404, 1967, 2056, 358.755, 82.88076, 359.7896, -3.328244, 1.458015, 1.022901, 235.8099, 167.6795, 278.2911, -3.045802, 1.450382, 1.076336],
[1391, 1981, 2446, 1984, 2099, 355.2746, 82.04432, 359.2896, -3.78626, 2.374046, 0.5496183, 235.1167, 167.2173, 278.8368, -3.557252, 1.564886, 1.671756],
[1392, 1957, 2431, 2003, 2099, 358.0106, 81.83846, 359.6621, -1.183206, 4.007634, 0.09923664, 235.9646, 166.8077, 278.8463, -1.580153, 0.2137404, 1.129771],
[1386, 1873, 2403, 1989, 2080, 354.3151, 82.96753, 359.2483, -3.381679, 2.137405, -0.8778625, 235.9542, 167.9088, 278.0881, -3.664122, 2.061069, 1.870229],
[1376, 1972, 2423, 1989, 2044, 353.117, 82.94546, 359.0979, -5.061069, 1.381679, 1.244275, 236.0008, 167.2403, 278.5352, -2.625954, 3.122137, 1.770992],
[1374, 2011, 2416, 1985, 2075, 355.2123, 83.1924, 359.3773, -3.198473, 2.755725, -0.1145038, 236.3528, 168.321, 277.6876, -3.969466, 0.961832, 3.70229],
[1397, 1977, 2418, 1936, 2132, 355.7997, 83.49966, 359.4694, -3.534351, 6.229008, 3.526718, 235.682, 168.207, 277.9632, -1.839695, 2.396947, 1.503817],
[1419, 2000, 2459, 2029, 2081, 352.8672, 81.89471, 358.9344, -2.885496, 1.244275, -0.01526718, 236.0517, 168.6898, 277.5224, -1.938931, 1.725191, 1.305344],
[1401, 1968, 2435, 2000, 2096, 355.679, 80.89734, 359.2586, -2.10687, 1.862595, 1.244275, 236.0484, 167.648, 278.2391, -3.175573, 1.221374, 0.778626],
[1362, 1999, 2386, 2096, 2125, 352.0212, 81.4907, 358.7559, -8.297709, -0.5419847, 1.198473, 235.8679, 167.856, 278.1509, -3.122137, 0.9236641, -0.1832061],
[1379, 2003, 2410, 2075, 2084, 349.7942, 82.0775, 358.5249, -3.274809, 0.5801527, -0.740458, 235.6052, 167.4248, 278.533, -0.259542, 2.053435, 1.923664],
[1411, 2033, 2446, 1995, 2112, 346.4896, 82.98807, 358.2716, -3.206107, 0.9847328, -0.9007633, 236.3972, 166.4641, 278.9386, -3.328244, 1.412214, 1.114504],
[1393, 1975, 2446, 2026, 2096, 349.1807, 81.8588, 358.3953, -1.938931, 0.8091603, 0.870229, 236.2236, 167.6319, 278.1961, -2.236641, 1.442748, 0.8396947],
[1390, 1978, 2421, 2045, 2111, 353.5334, 81.42102, 358.9753, -3.198473, 1.083969, -1.755725, 235.7095, 166.6567, 279.0365, -3.580153, 1.022901, 2.648855],
[1411, 1961, 2467, 2000, 1936, 355.9227, 81.83069, 359.3644, -3.969466, 2.053435, -0.6183206, 236.7014, 167.8761, 277.8855, -1.427481, 0.9923664, 2.114504],
[1393, 2015, 2468, 2000, 2112, 338.4109, 83.67021, 357.4641, -5.267176, 0.2748091, 0.4503817, 235.9689, 167.3169, 278.4925, -2.801527, 3.007634, 2.374046],
[1388, 2029, 2454, 2007, 2095, 351.8914, 82.11053, 358.8256, -2.709924, 3.694656, 0.1755725, 236.1871, 167.9098, 278.017, -1.938931, 1.282443, 0.8091603],
[1431, 1937, 2231, 1994, 2135, 352.8042, 83.15328, 359.0854, -5.641222, 1.503817, -0.6641222, 236.0383, 167.1138, 278.6105, -4.358778, 3.564885, 2.625954],
[1387, 2009, 2450, 1995, 2133, 347.0063, 82.86209, 358.3084, -2.778626, 2.396947, -0.9160305, 236.1108, 167.2027, 278.526, -1.59542, 1.274809, 1.633588],
[1376, 1997, 2451, 2013, 2129, 352.7798, 82.0098, 358.9366, -3.259542, 1.51145, 0.1221374, 236.1504, 167.1036, 278.5815, -1.480916, 0.7099237, 0.9389313],
[1383, 2047, 2479, 2066, 2094, 355.5342, 82.20189, 359.338, -0.519084, 1.29771, 0.6793893, 236.5811, 166.6372, 278.7595, -3.580153, -0.778626, -0.7022901],
[1427, 2061, 2438, 2106, 2096, 349.4216, 84.46667, 358.9212, -1.916031, 3.610687, 0.3969466, 236.4406, 166.7808, 278.7081, -3.374046, 1.70229, 1.961832],
[1376, 1999, 2475, 2035, 2079, 344.358, 82.17451, 357.7652, -2.984733, 3.007634, -0.4885496, 236.3847, 167.246, 278.4092, -2.458015, 1.053435, 2.282443],
[1372, 2007, 2431, 2020, 2160, 5.586126, 81.83912, 0.7168812, -4.183206, 0.4732824, 1.59542, 236.2711, 166.2414, 279.1341, -7.267176, 2.557252, 1.061069],
[1361, 2081, 2438, 2041, 2097, 354.7455, 82.59224, 359.2665, -4.198473, 2.175573, 1.412214, 235.7525, 167.2426, 278.6132, -3.465649, 2.206107, 1.358779],
[1394, 2030, 2351, 2069, 2090, 346.8823, 82.68583, 358.2508, -5.08397, 2.679389, -0.1221374, 236.0255, 167.5534, 278.3114, -2.51145, 2.160305, 1.80916],
[1407, 2035, 2417, 1990, 2135, 343.3627, 82.87994, 357.8321, -4.10687, 2.068702, 0.9083969, 235.789, 166.9973, 278.7723, -4.763359, 2.80916, 2.458015],
[1390, 2046, 2485, 2031, 2109, 350.2059, 82.18539, 358.6021, -3.961832, 1.854962, 0.2290076, 236.4964, 166.299, 279.0178, -0.8931297, 1.847328, 1.335878],
[1427, 2017, 2455, 2043, 2143, 343.0926, 82.05922, 357.5435, -3.244275, 1.854962, -1.633588, 235.7082, 167.5001, 278.4477, -3.40458, 1.51145, 1.954198],
[1411, 2059, 2466, 2042, 2112, 345.9011, 82.11955, 357.9754, -4.076336, 2.061069, 0.7022901, 235.8913, 166.5743, 279.0328, -3.19084, 2.236641, 1.503817],
[1443, 1999, 2449, 2087, 2117, 347.0222, 82.72786, 358.2793, -1.526718, 2.152672, 1.068702, 235.7015, 167.0287, 278.779, -1.969466, 1.038168, -0.2442748],