[1691, 3979, 3087, 2907, 3469, 262.2226, 91.49296, 348.4297, -3.931298, 1.954198, 3.435115, 240.0692, 112.6464, 323.8117, 0.1526718, 1.183206, 0.6259542],
[1692, 4007, 3027, 2882, 3445, 256.3384, 92.40945, 349.7205, -7.40458, 2.618321, -0.5725191, 239.2244, 112.5882, 324.8077, -5.564886, 3.053435, 2.59542],
[1701, 3999, 3056, 2895, 3439, 267.9207, 90.29742, 349.1652, -8.206107, 1.961832, -0.5725191, 239.1157, 113.3424, 323.9342, -3.122137, 1.839695, 3.755725],
[1683, 4005, 3063, 2903, 3355, 272.0387, 89.56355, 350.4731, -4.160306, 3.061069, -0.3053435, 239.1383, 113.0397, 324.3055, -5.587786, 2.48855, 1.549618],
[1680, 4027, 3090, 2883, 3366, 266.6196, 90.49537, 350.0032, -5.0, 2.0, -1.770992, 239.3953, 113.14, 323.8959, -1.48855, 1.625954, 2.450382],
[1690, 4031, 3056, 2901, 3383, 251.7535, 93.39515, 349.4409, -2.267176, 1.40458, -0.7099237, 238.7457, 113.6675, 323.9113, -2.885496, 1.916031, 1.671756],
[1671, 4059, 3067, 2887, 3399, 263.4857, 91.10935, 349.4773, -2.091603, -0.4198473, -0.9236641, 239.7444, 113.1193, 323.5415, -2.290076, 1.763359, 1.671756],
[1686, 4055, 3088, 2899, 3391, 264.6922, 90.83917, 349.956, -2.244275, 1.259542, 0.4427481, 240.1332, 112.3772, 324.1019, -2.152672, 0.3358779, -1.244275],
[1705, 4075, 3091, 2885, 3419, 259.063, 91.9008, 349.6971, -0.6870229, 1.954198, 1.480916, 239.2704, 112.8837, 324.3682, -3.099237, 1.48855, 1.442748],
[1696, 4055, 3099, 2907, 3399, 251.4741, 93.29698, 349.8934, 3.549618, 1.053435, 0.7328244, 238.9079, 113.3698, 324.1226, 1.061069, -2.335878, -0.648855],
[1705, 4063, 3109, 2902, 3399, 260.646, 91.71661, 349.0433, -7.21374, 3.053435, -3.10687, 239.247, 113.2128, 323.9615, -1.320611, 4.854962, 3.320611],
[1702, 4059, 3089, 2903, 3401, 256.2332, 92.25142, 350.4311, -3.763359, 2.801527, -0.351145, 239.5482, 113.1989, 323.6518, -2.549618, -0.2977099, 1.725191],
[1698, 4051, 3061, 2864, 3335, 270.0537, 89.89222, 349.4481, -2.900763, 2.335878, 0.832061, 238.7558, 113.4708, 324.1545, -1.022901, -0.1450382, -0.03053435],
[1687, 4047, 3118, 2891, 3359, 258.5482, 91.94671, 349.9407, -3.671756, -2.091603, -1.175573, 239.2969, 112.6631, 324.6308, -3.496183, 1.343511, 0.7099237],
[1710, 4006, 3119, 2913, 3391, 259.0682, 91.96188, 349.3837, -3.954198, 0.9847328, 1.259542, 239.3105, 113.0858, 324.0591, -2.89313, 1.70229, 1.083969],
[1698, 4031, 3103, 2911, 3415, 259.0788, 91.86233, 349.8769, -6.633588, 2.549618, 0.4885496, 238.838, 113.1277, 324.5125, -3.732824, 2.709924, 1.916031],
[1720, 4015, 3123, 2925, 3439, 260.6263, 91.39979, 350.9444, -2.610687, 0.610687, -0.8473283, 238.9669, 114.0445, 323.1869, -0.5648855, 2.839695, 1.587786],
[1714, 4055, 3152, 2943, 3442, 256.8404, 92.29274, 349.8096, -1.335878, -1.870229, -0.3664122, 238.0448, 113.4096, 324.9865, -4.770992, 3.099237, 1.358779],
[1728, 4079, 3155, 2929, 3415, 254.8331, 92.70103, 349.7089, -5.229008, 2.045802, -1.030534, 239.0554, 113.4396, 323.8728, -2.755725, 3.549618, 1.748092],
[1754, 4055, 3143, 2937, 3427, 257.9545, 92.04585, 349.9855, -1.80916, 1.206107, -0.389313, 239.5996, 112.286, 324.8059, -1.763359, 0.5267176, 1.763359],
[1751, 4095, 3143, 2943, 3435, 256.3445, 92.52997, 349.2325, -0.02290076, 0.9160305, -0.2061069, 240.3368, 111.7758, 324.6925, -0.4045802, 0.2824428, 0.740458],
[1742, 4083, 3135, 2923, 3427, 253.3939, 92.79861, 350.3059, -3.732824, 0.4351145, -0.08396947, 239.4354, 113.2572, 323.6984, -2.648855, 1.938931, 1.885496],
[1745, 4087, 3131, 2922, 3421, 260.288, 91.54819, 350.4083, -2.022901, 2.442748, 0.6793893, 239.322, 113.2512, 323.8298, -2.679389, 0.2442748, 2.137405],
[1725, 4077, 3157, 2929, 3431, 257.0339, 92.35379, 349.3972, -0.610687, 2.259542, 0.7251908, 238.9061, 112.9609, 324.6576, -2.129771, 0.8091603, 0.8473283],
[1734, 4095, 3159, 2918, 3403, 256.4526, 92.41897, 349.594, -2.366412, 1.229008, 0.4580153, 239.0983, 113.3832, 323.8999, -2.938931, 1.312977, 1.160305],
[1749, 4069, 3147, 2943, 3439, 258.2102, 92.018, 349.897, -2.694656, 1.694656, -0.1832061, 238.6899, 113.492, 324.1977, -2.549618, 1.129771, 1.290076],
[1744, 4087, 3149, 2928, 3439, 254.5496, 92.73254, 349.7912, -2.961832, 0.6259542, 0.3664122, 238.3447, 113.5126, 324.5383, -2.244275, 3.465649, 0.3969466],
[1745, 4059, 3166, 2939, 3421, 252.5728, 93.20999, 349.4981, -4.0, 2.290076, 0.5954198, 239.3533, 112.6961, 324.5263, -3.129771, 1.572519, 1.335878],
[1749, 4091, 3151, 2954, 3439, 257.5558, 92.25549, 349.3818, -1.473282, 2.442748, 0.03816794, 238.985, 112.8193, 324.7591, -2.625954, 1.366412, 1.480916],
[1744, 4053, 3147, 2929, 3439, 256.3791, 92.48215, 349.3968, -2.70229, 2.29771, 0.0, 238.7004, 113.4165, 324.2841, -1.877863, 0.648855, 1.389313],
[1742, 4081, 3125, 2938, 3439, 256.6034, 92.32822, 349.8469, -3.282443, 1.40458, 0.1145038, 238.9457, 112.8485, 324.7628, -3.183206, 1.748092, 1.244275],
[1739, 4091, 3147, 2907, 3423, 258.4971, 91.90443, 350.1888, -3.015267, 2.091603, 0.3969466, 239.5918, 112.5006, 324.5281, -3.435115, 1.007634, 1.137405],
[1752, 4095, 3169, 2947, 3430, 253.7308, 93.03974, 349.2921, -3.687023, 1.648855, 0.5267176, 238.6612, 112.9634, 324.9148, -4.709924, 0.8091603, 1.175573],
[1747, 4083, 3167, 2927, 3440, 254.914, 92.73902, 349.5151, -0.8625955, 2.442748, -0.5648855, 239.1236, 112.9074, 324.4951, -2.198473, 1.0, 1.793893],
[1786, 4051, 3171, 2937, 3441, 257.2644, 92.29935, 349.4379, -3.709924, 1.664122, -0.5572519, 239.1301, 112.974, 324.4006, -2.610687, 1.80916, 1.549618],
[1750, 4079, 3154, 2967, 3440, 256.7946, 92.2169, 350.1614, -4.038168, 2.557252, 0.259542, 238.6765, 112.8797, 325.0079, -2.435115, 1.175573, 1.381679],
[1753, 4070, 3143, 2943, 3391, 255.0651, 92.65162, 349.726, -3.541985, 1.694656, -0.3587786, 237.9162, 113.5587, 324.9298, -2.969466, 1.648855, 1.534351],
[1744, 4080, 3211, 2935, 3365, 254.5311, 92.75858, 349.7119, -2.732824, 1.648855, 0.1679389, 239.6582, 112.5874, 324.3404, -2.335878, 1.427481, 1.083969],
[1744, 4083, 3142, 2927, 3375, 257.3297, 92.02798, 350.5626, -4.900764, 1.526718, 0.2290076, 239.3842, 112.4001, 324.8857, -3.641221, 1.557252, 0.870229],
[1770, 4083, 3154, 2947, 3391, 254.5333, 92.76166, 349.6995, -2.175573, 1.671756, 0.6030535, 239.2929, 112.5945, 324.7259, -2.541985, 0.870229, 0.9083969],
[1757, 4075, 3151, 2931, 3407, 253.848, 92.92272, 349.6057, -3.70229, 1.847328, 0.5496183, 239.5843, 112.7992, 324.1398, -3.396947, 1.717557, 1.908397],
[1755, 4082, 3165, 2955, 3390, 253.3882, 92.98787, 349.6893, -2.938931, 1.854962, 0.480916, 239.0409, 112.8939, 324.6015, -2.801527, 1.580153, 1.29771],
[1749, 4095, 3167, 2943, 3402, 255.1217, 92.70621, 349.4857, -3.015267, 1.580153, -0.4427481, 238.5842, 112.8098, 325.1968, -3.198473, 1.358779, 1.847328],
[1765, 4059, 3159, 2933, 3399, 255.3669, 92.58448, 349.7603, -3.778626, 2.129771, 0.4961832, 238.5904, 113.3187, 324.5281, -2.48855, 1.129771, 0.7709923],
[1738, 4095, 3159, 2929, 3403, 256.1267, 92.49721, 349.5333, -3.259542, 1.832061, -0.01526718, 238.7415, 113.3116, 324.3763, -3.183206, 0.9236641, 1.114504],
[1749, 4095, 3163, 2957, 3419, 258.2893, 92.01644, 349.8357, -2.175573, 0.6412213, -0.2671756, 238.6289, 113.1048, 324.7649, -2.679389, 1.160305, 1.152672],
[1745, 4071, 3163, 2960, 3423, 255.5053, 92.79455, 348.8698, -4.061069, 2.152672, 0.8778625, 238.9454, 112.7469, 324.8964, -2.862595, 1.320611, 1.946565],
[1742, 4095, 3157, 2928, 3419, 257.2821, 92.35109, 349.1999, -3.19084, 2.717557, 0.9541985, 239.0604, 112.8069, 324.6949, -2.770992, 0.5954198, 1.534351],
[1794, 4095, 3211, 3231, 3953, 256.1917, 92.73067, 348.5603, -0.8854962, 1.458015, 0.7862596, 236.622, 115.3911, 323.9845, -2.656489, -0.4427481, 1.412214],
[1778, 4095, 3199, 3219, 3951, 257.016, 92.43175, 349.083, -6.763359, 1.389313, -0.7709923, 236.7697, 114.699, 324.6842, -5.610687, 3.725191, 2.244275],
[1776, 4095, 3217, 3223, 3923, 260.1844, 91.85843, 348.7592, -1.78626, 1.328244, 1.503817, 236.6588, 114.6936, 324.8048, -3.274809, 0.3358779, -0.129771],
[1795, 4095, 3221, 3183, 3930, 258.4036, 92.55181, 347.209, -0.1603053, 0.1832061, 0.5877862, 236.2685, 114.3791, 325.5909, -1.916031, 0.3969466, -0.08396947],
[1792, 4095, 3223, 3183, 3943, 254.0004, 93.50481, 347.5376, -3.137405, 2.305344, 0.6564885, 236.268, 115.2811, 324.4836, -3.007634, 0.0610687, 1.137405],
[1840, 4095, 3217, 3159, 3955, 257.461, 92.83257, 346.9555, -3.442748, 2.740458, 1.625954, 236.0239, 115.1937, 324.8391, -4.198473, 1.030534, 1.938931],
[1843, 4095, 3243, 3187, 3917, 259.9913, 92.45185, 345.7444, 0.4198473, -0.1221374, -0.480916, 235.0317, 116.1542, 324.6857, -2.183206, 1.51145, 0.3129771],
[1835, 4095, 3216, 3199, 3903, 256.5266, 93.04523, 347.0092, -3.78626, 0.259542, -0.02290076, 235.5644, 115.2251, 325.2652, -2.083969, 1.839695, 0.9312977],
[1825, 4095, 3227, 3195, 3887, 256.9251, 92.97676, 346.8948, -0.8015267, 2.763359, 0.4503817, 235.6783, 114.8829, 325.5665, -1.320611, 0.870229, 0.8854962],
[1856, 4095, 3227, 3185, 3889, 258.3378, 92.52571, 347.4023, -3.206107, 2.267176, 0.05343511, 235.3444, 115.8478, 324.7367, -2.862595, 0.9694656, 1.648855],
[1846, 4095, 3215, 3199, 3875, 259.5407, 92.25287, 347.3808, -3.732824, 2.267176, -0.2519084, 234.4585, 115.7145, 325.7774, -1.175573, 1.335878, 0.8549618],
[1841, 4095, 3199, 3185, 3877, 257.2131, 92.86924, 347.0533, -3.671756, 1.839695, -1.007634, 235.4633, 115.4187, 325.1328, -2.954198, 2.038168, 1.648855],
[1837, 4095, 3202, 3203, 3883, 258.4326, 92.60249, 346.9397, -2.229008, 1.21374, -1.053435, 235.762, 115.407, 324.8457, -2.740458, 2.358779, 1.847328],
[1833, 4095, 3216, 3213, 3879, 257.3307, 92.68052, 347.7395, -2.221374, 1.259542, -0.9312977, 235.7734, 115.2801, 324.9879, -1.877863, 1.847328, 1.908397],
[1836, 4095, 3248, 3209, 3863, 258.1537, 92.43947, 347.9937, -3.129771, 1.717557, -0.7709923, 236.4383, 114.9523, 324.7118, -2.763359, 1.175573, 1.435114],
[1843, 4095, 3227, 3207, 3863, 258.0471, 92.49451, 347.85, -5.022901, 2.099237, 0.7022901, 237.1949, 114.4125, 324.6014, -2.717557, 1.045802, 1.312977],
[1847, 4095, 3214, 3199, 3863, 255.6941, 93.21125, 347.1444, -3.320611, 1.916031, 0.2977099, 236.1777, 115.0881, 324.8116, -2.618321, 1.358779, 1.412214],
[1826, 4095, 3223, 3203, 3861, 257.0616, 92.74035, 347.7444, -4.625954, 1.572519, -0.09160305, 236.1427, 115.1044, 324.8272, -2.10687, 2.328244, 1.206107],
[1849, 4095, 3246, 3207, 3831, 258.5739, 92.43487, 347.5749, -3.221374, 1.679389, -0.7557252, 236.0537, 115.1162, 324.9034, -1.816794, 2.351145, 2.129771],
[1840, 4095, 3215, 3203, 3847, 259.4255, 92.04379, 348.599, -1.923664, 1.068702, 0.6564885, 236.758, 114.5841, 324.8385, -1.70229, 1.061069, -0.05343511],
[1825, 4095, 3214, 3210, 3847, 254.2833, 93.22854, 348.2553, -4.251908, 1.977099, 0.832061, 235.9643, 115.0684, 325.0524, -3.312977, 1.167939, 1.022901],
[1837, 4095, 3247, 3199, 3835, 258.0107, 92.56788, 347.554, -3.618321, 2.206107, 0.7099237, 236.2683, 114.7482, 325.1362, -3.709924, 0.8167939, 1.229008],
[1840, 4095, 3223, 3207, 3847, 258.5062, 92.63999, 346.6802, -1.687023, 2.19084, 0.7862596, 236.487, 115.117, 324.4597, -2.625954, 0.3740458, 1.419847],
[1854, 4095, 3247, 3197, 3853, 256.7507, 92.99084, 347.0103, -1.679389, 1.78626, -1.015267, 235.8498, 115.514, 324.6271, -0.9389313, 1.778626, 2.40458],
[1831, 4095, 3243, 3195, 3831, 259.6325, 92.16656, 347.724, -1.396947, 1.10687, 0.8473283, 235.464, 116.0864, 324.3302, -2.091603, -0.1908397, 0.1908397],
[1830, 4095, 3248, 3191, 3819, 255.4168, 93.22321, 347.347, -4.007634, 2.534351, 0.3282443, 235.3531, 115.9446, 324.6121, -3.541985, 1.435114, 1.717557],
[1854, 4095, 3354, 3191, 3837, 258.5106, 92.46345, 347.5079, -3.40458, 2.312977, 0.6793893, 236.5443, 114.9504, 324.6054, -2.679389, 0.4656488, 1.725191],
[1847, 4095, 3243, 3199, 3859, 257.3683, 92.83931, 347.0223, -3.244275, 2.351145, 0.03816794, 235.2952, 115.9202, 324.6995, -1.969466, 1.381679, 1.664122],
[1856, 4095, 3227, 3181, 3823, 260.2486, 92.09783, 347.3401, -2.78626, 2.053435, 0.1450382, 235.8596, 115.727, 324.3596, -1.854962, 1.625954, 1.167939],
[1847, 4095, 3249, 3195, 3825, 261.5445, 91.91124, 346.631, -1.29771, 1.801527, -0.1221374, 235.3769, 115.9485, 324.5834, -1.625954, 1.274809, 1.099237],
[1847, 4095, 3247, 3177, 3827, 260.3068, 92.16712, 346.8759, -1.236641, 2.015267, 0.6412213, 235.791, 115.1145, 325.1713, -2.526718, 0.8244275, 1.10687],
[1829, 4095, 3231, 3127, 3807, 260.3681, 92.20369, 346.5875, -3.427481, 1.732824, 0.3587786, 235.3451, 115.7885, 324.807, -3.748092, 0.8625955, 1.984733],
[1837, 4095, 3243, 3205, 3819, 259.2224, 92.42258, 346.8945, -2.496183, 2.557252, -0.389313, 235.7818, 115.5763, 324.6208, -2.687023, 0.870229, 1.931298],
[1854, 4095, 3235, 3175, 3807, 261.9685, 91.6832, 347.4873, -2.648855, 2.618321, 0.5496183, 235.9708, 115.5734, 324.4319, -2.396947, 0.610687, 1.580153],
[1843, 4095, 3251, 3184, 3807, 260.7397, 92.14314, 346.4125, -3.969466, 1.480916, 0.4656488, 235.1877, 115.9151, 324.8139, -3.167939, 0.6946565, 0.5496183],
[1853, 4095, 3234, 3167, 3813, 260.7948, 91.9389, 347.5403, -2.801527, 1.610687, -0.1145038, 236.0706, 115.3958, 324.5456, -2.007634, 1.984733, 1.053435],
[1845, 4095, 3251, 3189, 3825, 261.9991, 91.757, 346.9354, -5.480916, 2.435115, 0.01526718, 234.8758, 116.1627, 324.8319, -5.900764, 1.648855, 2.381679],
[1760, 4095, 3263, 3181, 3815, 257.7291, 92.73136, 347.1169, -4.648855, 2.305344, 0.1221374, 234.6546, 116.5668, 324.5758, -3.427481, 0.8854962, 1.839695],
[1842, 4095, 3282, 3183, 3827, 259.6375, 92.29278, 347.0546, -2.038168, 1.740458, 0.259542, 234.9355, 115.904, 325.0797, -0.648855, 0.4351145, 1.022901],
[1843, 4095, 3247, 3195, 3807, 259.9493, 92.11373, 347.627, -3.992366, 1.717557, 0.2137404, 235.6012, 116.0704, 324.2099, -4.236641, 2.198473, 2.381679],
[1840, 4095, 3255, 3183, 3799, 259.9335, 92.20829, 347.1343, -4.503817, 2.251908, -0.9847328, 235.8786, 115.8811, 324.1544, -3.076336, 2.679389, 2.152672],
[1847, 4095, 3271, 3185, 3807, 259.6971, 92.32326, 346.8199, -2.78626, 1.519084, -0.06870229, 235.5225, 115.529, 324.9402, -2.206107, 0.870229, 1.221374],
[1854, 4095, 3231, 3171, 3831, 260.7948, 91.95725, 347.4313, -2.671756, 3.938931, 0.3664122, 235.5263, 116.1181, 324.2289, -2.969466, -0.3587786, 2.572519],
[1847, 4095, 3251, 3191, 3819, 260.5715, 92.02461, 347.3351, -2.519084, 2.114504, 0.3206107, 235.0309, 116.1914, 324.6424, -2.137405, 0.7022901, 1.435114],
[1850, 4095, 3263, 3199, 3846, 262.5175, 91.56089, 347.48, -3.435115, 1.320611, -0.1679389, 236.6853, 115.6575, 323.5932, -2.152672, 1.801527, 1.030534],
[1872, 4095, 3253, 3182, 3824, 260.7026, 92.04544, 347.0369, -3.305344, 1.175573, -0.3664122, 235.4765, 115.8974, 324.5439, -3.503817, 2.48855, 1.282443],
[1856, 4095, 3255, 3207, 3831, 262.7899, 91.49494, 347.517, -4.206107, 3.198473, -0.832061, 235.9134, 116.0482, 323.9176, -3.503817, 1.389313, 3.061069],
[1855, 4095, 3259, 3191, 3825, 258.85, 92.51722, 346.8684, -3.763359, 1.748092, 0.6641222, 235.8, 115.8469, 324.2759, -3.328244, 1.748092, 1.343511],
[1878, 4095, 3205, 2903, 3435, 297.3489, 81.99697, 344.9261, -3.534351, -2.610687, -21.80153, 234.3263, 117.3677, 323.9683, -9.267176, 2.244275, 15.19084],
[1872, 4095, 3310, 2982, 3651, 297.8719, 83.29928, 347.5998, -14.91603, 2.152672, 2.969466, 234.2142, 119.049, 322.148, -2.320611, 0.3664122, 2.068702],
[1840, 4035, 3267, 2959, 3567, 262.3874, 91.39764, 348.8747, -0.2671756, 3.954198, 5.91603, 234.19, 120.7909, 320.209, -0.1984733, -10.64122, -0.2900764],
[1853, 3975, 3290, 2986, 3599, 287.2601, 86.16661, 348.0768, -7.366412, 10.54199, 2.358779, 235.3459, 119.4718, 320.4931, 0.1984733, 5.320611, 2.137405],
[1856, 4047, 3319, 3035, 3723, 279.1744, 87.50956, 345.4623, 10.08397, -1.129771, -2.19084, 233.8472, 118.8952, 322.696, -5.091603, 1.648855, 1.045802],
[1842, 3966, 3280, 3065, 3725, 278.5849, 88.07517, 348.0176, -8.580153, 1.007634, -5.61832, 235.5489, 118.08, 321.8882, -5.48855, 0.9694656, 2.610687],
[1839, 4042, 3287, 3059, 3711, 268.8831, 90.08047, 350.961, 1.183206, -0.9694656, -2.038168, 234.0168, 119.6111, 321.7123, -0.870229, 3.099237, -0.8549618],
[1882, 4095, 3215, 3185, 3621, 279.3718, 88.12074, 349.2659, 11.45038, 3.89313, -4.21374, 235.2196, 118.9179, 321.2605, -7.465649, 2.061069, 1.229008],
[1907, 4095, 3227, 3239, 3694, 286.955, 86.80297, 349.8659, -3.160305, 4.068702, 6.068702, 233.5295, 119.4594, 322.3792, -2.015267, -1.305344, -1.633588],
[1908, 4095, 3269, 3171, 3763, 280.5826, 87.70334, 348.3313, -6.374046, 1.648855, 0.5419847, 233.6394, 120.4101, 321.2013, -2.396947, 2.099237, 1.083969],
[1904, 4095, 3275, 3157, 3763, 276.6531, 88.7725, 350.3312, -4.10687, 1.160305, -2.625954, 234.8243, 118.7175, 321.901, -2.625954, 3.21374, 2.305344],
[1918, 4095, 3259, 3171, 3775, 283.4561, 86.87088, 347.4684, -13.10687, 3.129771, 0.08396947, 233.5731, 119.016, 322.836, -8.488549, 4.51145, 5.045802],
[1919, 4095, 3287, 3187, 3827, 278.1955, 88.43173, 349.8271, 4.320611, 0.3740458, 0.007633588, 234.675, 118.4951, 322.3103, 2.656489, 0.9007633, -2.198473],
[1917, 4095, 3302, 3175, 3775, 274.8357, 88.93085, 348.6155, -0.961832, 2.267176, 0.1374046, 235.4902, 118.5374, 321.4176, -0.2366412, -0.3053435, 0.4503817],
[1916, 4095, 3307, 3157, 3792, 277.1479, 88.60195, 349.6752, -1.450382, 1.908397, 0.7022901, 234.6967, 118.6487, 322.1114, -3.007634, 1.022901, 0.9312977],
[1923, 4095, 3303, 3163, 3799, 275.0501, 88.87503, 348.4806, -5.572519, 2.244275, 0.1068702, 234.8201, 118.3499, 322.3288, -4.412214, 1.374046, 2.480916],
[1904, 4095, 3306, 3183, 3775, 279.0877, 88.33203, 350.2064, -1.946565, 3.030534, 0.03816794, 234.725, 118.6627, 322.0662, -2.618321, 0.9465649, 1.351145],
[1897, 4095, 3298, 3171, 3815, 282.786, 87.14083, 347.947, -2.206107, 2.167939, 2.534351, 234.5553, 119.6039, 321.1664, -3.137405, -1.992366, 1.832061],
[1913, 4095, 3299, 3171, 3815, 279.3955, 87.75658, 347.1959, -3.374046, 1.40458, 0.2442748, 234.5227, 119.0433, 321.8383, -1.244275, 0.6946565, 1.343511],
[1916, 4095, 3310, 3167, 3803, 277.2791, 88.38305, 348.2191, -5.251908, 0.3587786, 0.2442748, 235.2303, 118.6336, 321.5771, -4.08397, 2.328244, 0.2137404],
[1923, 4095, 3307, 3153, 3807, 280.6742, 87.66985, 348.2601, -3.328244, 1.778626, -0.1603053, 234.5463, 118.8811, 321.9995, -3.030534, 3.923664, 0.4961832],
[1914, 4095, 3279, 3143, 3823, 276.672, 88.4089, 347.3947, -5.068702, -0.02290076, -1.274809, 235.149, 118.0502, 322.3373, -3.442748, 4.312977, 1.648855],
[1900, 4095, 3325, 3163, 3807, 270.7263, 89.77576, 350.0081, -2.007634, 1.152672, -0.6641222, 235.8143, 118.4821, 321.1421, -0.1068702, 0.2137404, -0.5267176],
[1919, 4095, 3311, 3167, 3824, 279.5492, 87.86273, 347.9956, -9.938931, 2.938931, -3.229008, 235.9417, 117.9991, 321.5719, -4.480916, 4.91603, 3.435115],
[1914, 4095, 3281, 3154, 3815, 276.5395, 88.63606, 349.0279, -2.229008, 1.717557, -2.091603, 236.4848, 117.1696, 321.9803, -1.580153, 0.8473283, 2.145038],
[1910, 4095, 3303, 3163, 3819, 273.9445, 89.11871, 348.7313, 1.366412, 1.564886, 3.282443, 236.1185, 118.0415, 321.3362, -2.610687, -0.832061, -1.541985],
[1919, 4095, 3295, 3167, 3807, 277.391, 88.51248, 349.3442, -0.351145, 1.931298, 0.5267176, 234.429, 117.833, 323.3252, -3.442748, 0.7328244, 0.9312977],
[1909, 4095, 3311, 3157, 3823, 285.3381, 86.81686, 348.823, 1.778626, 4.961832, -0.870229, 236.4622, 118.0492, 320.9631, -1.618321, 0.02290076, 3.396947],
[1920, 4095, 3299, 3159, 3799, 280.886, 87.69267, 348.5986, 1.938931, 4.114504, -1.343511, 235.5905, 118.0915, 321.8312, -4.450382, 0.1450382, 2.320611],
[1918, 4095, 3319, 3149, 3803, 278.1796, 88.10945, 347.6675, -0.2824428, 2.259542, -1.061069, 234.4156, 118.7622, 322.2695, -1.969466, -0.1221374, 0.2671756],
[1907, 4095, 3317, 3175, 3799, 277.4094, 88.27692, 347.6453, -3.442748, 0.3740458, -2.740458, 235.5006, 117.9961, 322.0362, -1.175573, 2.961832, 0.7099237],
[1901, 4095, 3319, 3171, 3829, 275.4411, 88.64207, 346.9648, -3.916031, 1.59542, 1.343511, 235.0645, 119.1316, 321.1767, -5.450382, 1.755725, -0.5801527],
[1943, 4095, 3313, 3175, 3823, 274.8014, 89.01429, 349.4815, -5.587786, 0.9236641, -2.312977, 234.3999, 118.9694, 322.0487, -3.48855, 3.290076, 2.183206],
[1920, 4095, 3315, 3155, 3815, 275.8736, 88.47659, 346.3738, -3.274809, 1.007634, 1.694656, 234.6614, 117.8721, 323.0439, 0.7175572, -2.236641, -0.832061],
[1917, 4095, 3299, 3167, 3818, 275.8212, 88.66924, 348.033, -2.465649, 0.7709923, 1.801527, 234.4195, 119.8107, 321.0726, -2.564885, 0.648855, -0.259542],
[1846, 4095, 3327, 3170, 3810, 274.6, 88.88722, 347.5472, -8.671756, 2.015267, -1.931298, 234.3735, 119.1839, 321.8312, -6.160306, 6.015267, 3.977099],
[1925, 4095, 3313, 3171, 3871, 271.8866, 89.44809, 346.5168, -4.541985, 2.114504, -0.06870229, 234.1365, 118.632, 322.7029, -3.351145, 0.740458, 2.717557],
[1929, 4095, 3322, 3121, 3867, 277.8303, 88.16778, 347.5363, -7.328244, 4.572519, -0.4580153, 233.5679, 119.1967, 322.6369, -5.282443, 2.374046, 4.175572],
[1911, 4095, 3333, 3143, 3875, 280.211, 87.72714, 348.0402, -4.152672, 3.580153, -0.9465649, 234.0068, 118.9664, 322.4534, -3.816794, 1.977099, 3.198473],
[1920, 4095, 3295, 3151, 3877, 279.7786, 87.66673, 347.1912, -4.206107, 2.21374, 1.221374, 234.1265, 119.5405, 321.6797, -4.992366, 0.6183206, 1.519084],
[1907, 4095, 3309, 3153, 3839, 281.8892, 87.15444, 347.1095, -4.732824, 1.389313, 1.366412, 234.7815, 118.8054, 321.8441, -3.969466, 1.603053, 0.5343512],
[1915, 4095, 3311, 3147, 3870, 273.7947, 88.97907, 346.339, -5.335878, 0.5648855, 1.160305, 233.9252, 119.4394, 322.0, -3.641221, 1.885496, 0.8015267],
[1903, 4095, 3319, 3146, 3891, 275.1259, 88.56201, 345.3745, -0.3206107, 0.3435115, 0.07633588, 234.4781, 118.5158, 322.4882, -0.5496183, 1.030534, -0.4427481],
[1917, 4095, 3319, 3166, 3885, 277.0751, 88.33762, 347.5444, -6.427481, 2.435115, -2.053435, 234.9229, 118.4802, 322.0725, -4.541985, 5.259542, 4.21374],
[1936, 4095, 3327, 3156, 3899, 276.5964, 88.44729, 347.5691, -3.183206, 2.923664, 0.1603053, 233.5985, 118.9154, 322.9244, -4.412214, 1.633588, 2.083969],
[1922, 4095, 3325, 3187, 3901, 273.4192, 89.08318, 346.5399, -1.496183, 0.7633588, -0.1068702, 233.0622, 119.7908, 322.4787, -3.709924, 1.465649, 0.09160305],
[1923, 4095, 3327, 3167, 3887, 279.8959, 87.63997, 347.1941, -3.671756, 1.381679, -0.3053435, 234.7889, 118.2413, 322.4862, -2.10687, 1.78626, 2.129771],
[1931, 4095, 3307, 3177, 3934, 278.6577, 87.97164, 347.4706, -3.229008, 1.748092, -1.114504, 235.4736, 118.4309, 321.5583, -0.8244275, 1.70229, 1.885496],
[1967, 4095, 3223, 3047, 3491, 261.268, 92.68587, 342.3086, 0.0610687, -0.1145038, -1.045802, 233.3818, 119.0076, 323.0378, 0.9923664, 3.473282, 0.5267176],
[1984, 4095, 3223, 3055, 3503, 258.666, 94.30221, 338.8656, -9.068703, 3.770992, 0.02290076, 233.5559, 117.7265, 324.3227, -5.984733, 3.137405, 0.1908397],
[1971, 4095, 3243, 3039, 3499, 260.5026, 93.04992, 341.6778, -2.671756, 4.015267, 0.4580153, 231.8903, 118.6599, 324.899, -2.145038, 2.21374, 2.389313],
[1955, 4095, 3231, 3050, 3483, 258.7153, 94.11059, 339.6292, -3.167939, 1.503817, -0.2977099, 232.285, 118.9709, 324.1671, -1.824428, 2.236641, 1.045802],
[1967, 4095, 3248, 3071, 3511, 258.045, 93.5432, 343.1667, 2.549618, 1.89313, -2.343511, 231.8749, 119.1346, 324.3858, -3.503817, 1.129771, 1.89313],
[1975, 4095, 3231, 3056, 3536, 260.8082, 92.97097, 341.5414, -4.167939, 2.030534, 0.5572519, 232.4519, 119.026, 323.9415, -3.961832, 0.6335878, -0.09160305],
[1980, 4095, 3261, 3055, 3505, 258.0909, 93.94526, 341.3551, -3.045802, 1.641221, -0.4885496, 232.6175, 118.1767, 324.7338, -3.114504, 2.160305, 1.755725],
[1983, 4095, 3251, 3056, 3487, 259.8504, 93.12636, 342.4158, -0.7557252, 2.366412, -1.572519, 231.6443, 118.3816, 325.4463, -2.274809, 0.2977099, 3.183206],
[1986, 4095, 3260, 3057, 3507, 259.0873, 93.3995, 342.2973, -1.48855, 0.4274809, 0.2290076, 232.9966, 118.8486, 323.602, -1.847328, -0.4580153, 1.312977],
[1968, 4095, 3251, 3067, 3494, 257.753, 94.14057, 341.0324, -4.419847, 0.4732824, 0.870229, 231.8668, 119.3439, 324.1616, -2.526718, 0.4274809, 0.8854962],
[1982, 4095, 3247, 3043, 3502, 257.8041, 93.79977, 342.3941, -1.854962, 2.885496, -0.6030535, 232.6205, 119.1238, 323.6656, -4.076336, 0.4885496, 2.091603],
[1962, 4095, 3235, 3056, 3494, 261.7777, 92.65761, 341.4431, -2.938931, 3.10687, -0.9236641, 232.9217, 118.7974, 323.7341, -2.572519, 1.70229, 2.167939],
[1983, 4095, 3245, 3167, 3513, 255.9448, 94.3379, 342.6806, -2.732824, 3.824427, 0.01526718, 232.1271, 118.7517, 324.5665, -1.175573, -0.03816794, 1.832061],
[1980, 4095, 3247, 3087, 3517, 258.9244, 93.38524, 342.6155, -9.068703, 1.267176, 1.244275, 232.1732, 119.0087, 324.2345, -3.694656, 1.236641, 2.221374],
[1971, 4095, 3247, 3087, 3387, 261.3478, 92.73667, 341.8471, -2.89313, 3.030534, -0.3969466, 232.2096, 119.816, 323.3012, -3.030534, 1.748092, 2.114504],
[1973, 4095, 3243, 3085, 3399, 256.8738, 94.15146, 342.2188, -1.648855, -0.5496183, -1.40458, 232.6847, 119.3985, 323.2947, -0.5114504, 2.954198, 1.381679],
[1953, 4095, 3263, 3071, 3415, 256.0851, 93.84676, 344.3514, -4.870229, -3.068702, -0.8778625, 233.0034, 118.4038, 324.0978, -3.045802, 1.465649, 0.4045802],
[1919, 4095, 3259, 3071, 3435, 253.2768, 94.78273, 344.0418, -1.633588, 5.694656, -0.7099237, 232.3352, 119.9594, 323.0178, -3.625954, 0.8931297, 4.38168],
[1920, 4095, 3263, 3063, 3427, 259.5116, 93.09312, 343.1299, -7.099236, 1.610687, 1.526718, 232.1557, 119.711, 323.4709, -4.694656, 1.984733, 1.557252],
[1929, 4095, 3239, 3031, 3430, 258.667, 93.49048, 342.5136, -5.282443, 2.832061, 1.007634, 232.5273, 119.8825, 322.912, -3.091603, 0.480916, 2.0],
[1920, 4095, 3250, 3025, 3531, 259.2736, 93.2564, 342.6952, -4.351145, 2.847328, 0.6412213, 231.8536, 119.9878, 323.4628, -2.435115, 2.053435, 1.610687],
[1938, 4095, 3255, 3055, 3603, 262.0226, 92.42332, 342.4282, -4.717557, 2.236641, -0.832061, 231.9433, 120.6814, 322.6112, -4.007634, 0.7022901, 1.274809],
[1955, 4095, 3263, 3086, 3615, 261.0869, 92.71723, 342.4691, -3.549618, 0.9923664, -0.740458, 232.3037, 120.4033, 322.5583, -2.671756, 2.908397, 1.114504],
[1943, 4095, 3271, 3063, 3583, 259.5556, 92.91228, 343.9729, -2.572519, 5.114504, 0.6793893, 230.386, 121.1941, 323.585, -2.80916, 2.022901, 2.961832],
[1969, 4095, 3315, 3067, 3583, 262.4712, 92.25531, 342.597, -4.625954, 3.015267, -0.1603053, 232.0614, 119.5799, 323.7091, -1.114504, 3.877863, 1.625954],
[1953, 4095, 3251, 3088, 3600, 264.3615, 91.77989, 341.4655, 0.06870229, 1.167939, -0.8854962, 231.0919, 121.1548, 322.9369, -2.076336, 1.80916, 0.389313],
[1927, 4095, 3270, 3063, 3606, 259.8969, 93.02486, 342.8625, 1.770992, 3.534351, -1.160305, 232.6547, 119.8188, 322.8559, -2.259542, -0.3282443, 1.328244],
[1955, 4095, 3247, 3062, 3631, 261.3768, 92.44525, 343.5602, -4.679389, 0.6259542, 0.5954198, 232.3628, 120.6678, 322.2076, -1.480916, 1.427481, 1.885496],
[1946, 4095, 3249, 3062, 3623, 259.4596, 93.25045, 342.4302, -2.633588, 2.389313, 0.351145, 231.9458, 121.2463, 321.9906, -2.51145, 1.007634, 1.725191],
[1943, 4095, 3287, 3063, 3645, 259.533, 92.94777, 343.8273, -6.320611, 1.748092, -0.4351145, 232.0709, 121.1977, 321.9185, -6.053435, 1.274809, 2.435115],
[1961, 4095, 3260, 3085, 3623, 261.2502, 92.62996, 342.6773, -2.610687, 1.610687, 1.862595, 231.6682, 120.7627, 322.7951, -3.541985, 0.5572519, 0.6183206],
[1947, 4095, 3277, 3087, 3610, 258.8098, 93.3042, 343.1664, -3.419847, 1.89313, 0.2519084, 232.4634, 120.4659, 322.3296, -2.70229, 1.679389, 1.022901],
[1943, 4095, 3283, 3071, 3619, 260.2603, 92.86047, 343.1305, -2.656489, 1.961832, 0.2213741, 231.8724, 120.7012, 322.66, -1.763359, 1.351145, 1.030534],
[1942, 4095, 3297, 3071, 3623, 261.744, 92.51719, 342.4004, -3.969466, 2.290076, 0.07633588, 230.8952, 121.3167, 322.9552, -2.221374, 1.526718, 1.740458],
[1941, 4095, 3269, 3041, 3575, 259.8232, 93.13725, 342.4053, -1.458015, 2.679389, -0.3587786, 231.8339, 121.0325, 322.3358, -0.3129771, 1.061069, 1.152672],
[1936, 4095, 3249, 3094, 3621, 262.1281, 92.31154, 342.9482, -4.007634, 1.40458, 0.6793893, 231.6091, 120.5518, 323.0843, -3.198473, 2.068702, 1.198473],
[1923, 4095, 3267, 3087, 3597, 259.3382, 93.43998, 341.7004, -2.442748, 3.053435, 0.9007633, 231.4958, 120.9867, 322.7212, -2.587786, 1.641221, 2.015267],
[1954, 4095, 3270, 3091, 3619, 261.5016, 92.61096, 342.3035, -2.946565, 2.793893, 0.02290076, 231.4904, 120.2824, 323.496, -2.824427, 2.519084, 1.564886],
[1946, 4095, 3263, 3071, 3603, 261.6672, 92.59681, 342.0564, -3.328244, 1.687023, 0.2213741, 232.4382, 120.2132, 322.6342, -3.282443, 1.114504, 1.458015],
[1939, 4095, 3299, 3095, 3623, 262.9229, 92.08817, 342.7759, -2.870229, 2.679389, -0.2519084, 231.5665, 120.4173, 323.2734, -2.351145, 1.717557, 1.290076],
[1939, 4095, 3263, 3055, 3663, 262.0692, 92.3171, 343.0328, -3.770992, 2.916031, -0.7709923, 231.2118, 121.3211, 322.6386, -2.931298, 1.931298, 2.80916],
[1949, 4095, 3287, 3091, 3627, 262.7163, 92.14324, 342.8454, -3.129771, 1.770992, -0.4198473, 231.8489, 121.3837, 321.9375, -2.419847, 0.02290076, 1.725191],
[1947, 4095, 3279, 3071, 3631, 261.0486, 92.73329, 342.4474, -5.19084, 1.641221, -0.2671756, 231.5718, 121.147, 322.4713, -2.389313, 2.328244, 1.610687],
[1947, 4095, 3227, 3088, 3643, 262.4734, 92.24299, 342.6781, -3.145038, 1.19084, -0.1679389, 232.4717, 120.4079, 322.3853, -1.351145, 1.923664, 0.7251908],
[1935, 4095, 3263, 3106, 3639, 260.615, 92.91724, 342.2018, -1.374046, 1.694656, 0.480916, 232.1242, 120.7675, 322.3366, -1.687023, 0.2748091, 0.9541985],
[1942, 4095, 3280, 3103, 3627, 263.2247, 92.03526, 342.4538, -4.572519, 2.007634, 0.3435115, 232.6333, 120.8434, 321.7423, -3.160305, 1.366412, 2.053435],
[1949, 4095, 3282, 3099, 3623, 260.8453, 92.71115, 342.9485, -5.061069, 1.603053, 0.03053435, 231.807, 120.2708, 323.1971, -3.496183, 1.778626, 1.061069],
[1958, 4095, 3275, 3103, 3633, 262.6961, 92.1011, 343.1955, -1.862595, 1.206107, 0.06870229, 232.7286, 119.7876, 322.8168, -2.465649, 1.526718, 0.7557252],
[1853, 4095, 3463, 3255, 3763, 256.9703, 92.60923, 348.3777, -3.51145, 2.648855, 0.9160305, 233.4497, 118.3396, 323.7276, -2.648855, 0.8396947, 1.51145],
[1861, 4095, 3479, 3263, 3761, 260.9663, 91.72119, 348.6293, -2.389313, 1.251908, 2.862595, 232.1489, 118.9454, 324.3289, -2.450382, -0.6259542, -0.648855],
[1839, 4095, 3499, 3261, 3775, 254.7361, 93.17094, 348.1038, -5.641222, 1.290076, 2.160305, 231.7673, 119.2459, 324.3671, -4.061069, 0.4656488, 0.9694656],
[1843, 4095, 3473, 3248, 3773, 253.7441, 93.18158, 348.8103, -8.687023, 1.755725, 0.2137404, 232.9998, 118.5857, 323.8955, -5.145038, 4.900764, 2.954198],
[1842, 4095, 3451, 3237, 3751, 253.7654, 93.2447, 348.585, -3.862595, 0.7022901, -0.3740458, 232.6792, 118.6264, 324.1662, -2.732824, 2.847328, 1.335878],
[1877, 4095, 3451, 3247, 3747, 247.5624, 94.54081, 348.8107, -1.656489, 1.458015, 0.1145038, 232.921, 118.4339, 324.145, -1.656489, 0.5954198, 1.007634],
[1840, 4095, 3459, 3233, 3771, 251.0052, 93.66233, 349.1197, -2.305344, 1.954198, -0.2900764, 233.7022, 117.9712, 323.8967, -1.549618, 0.7099237, 1.717557],
[1859, 4095, 3459, 3247, 3771, 255.3027, 92.94089, 348.4848, -4.312977, 1.519084, 0.03053435, 232.3106, 119.1995, 323.8869, -3.946565, 2.259542, 2.099237],
[1859, 4095, 3461, 3217, 3783, 252.8378, 93.42394, 348.6567, -2.274809, 1.679389, 0.1450382, 232.625, 118.5533, 324.3019, -2.473282, 1.419847, 1.282443],
[1870, 4095, 3505, 3258, 3767, 255.5034, 92.84957, 348.6649, -2.618321, 2.091603, -0.1984733, 232.7988, 118.8744, 323.7691, -1.992366, 1.358779, 1.610687],
[1855, 4095, 3487, 3255, 3763, 254.8157, 93.05193, 348.4643, -2.091603, 1.305344, 0.4045802, 233.1606, 118.3414, 324.013, -2.870229, 1.21374, 0.9236641],
[1831, 4095, 3472, 3250, 3755, 252.7128, 93.37119, 348.906, -2.992366, 0.2977099, 0.4274809, 232.5016, 118.7397, 324.2135, -2.236641, 2.076336, 0.2442748],
[1869, 4095, 3462, 3259, 3767, 255.0983, 92.9613, 348.5711, -3.931298, 1.770992, -0.7709923, 233.3549, 118.3517, 323.8082, -2.160305, 2.152672, 1.961832],
[1858, 4095, 3451, 3255, 3763, 251.2509, 93.61918, 349.0938, -1.938931, 1.183206, 0.4351145, 233.3436, 118.1124, 324.0919, -1.847328, 1.282443, 0.4122138],
[1867, 4095, 3471, 3255, 3706, 255.2222, 93.18974, 347.6375, -2.961832, 2.389313, -0.1603053, 233.1707, 117.5457, 324.9096, -4.351145, 0.8473283, 1.687023],
[1866, 4095, 3479, 3263, 3766, 253.3204, 93.63327, 347.6438, -5.725191, 2.358779, 0.8625955, 232.8605, 117.7451, 324.9856, -3.320611, 1.465649, 1.70229],
[1865, 4095, 3461, 3259, 3795, 252.4116, 93.86958, 347.5812, -5.175572, 2.007634, -1.89313, 233.4115, 118.0654, 324.0783, -1.59542, 2.854962, 2.656489],
[1856, 4095, 3487, 3258, 3851, 255.1831, 93.11565, 347.9405, 1.793893, 1.198473, -1.366412, 232.5266, 118.3856, 324.5871, 1.48855, 0.4427481, -0.4580153],
[1861, 4095, 3475, 3247, 3763, 249.7542, 93.83395, 349.3739, -4.519084, 4.206107, 0.129771, 233.6834, 117.0217, 325.0089, -5.89313, -0.6183206, 1.648855],
[1865, 4095, 3483, 3243, 3767, 254.4295, 93.52771, 347.1091, -6.091603, 4.099236, -0.8244275, 232.1504, 118.1038, 325.2698, -4.671756, 0.6870229, 2.900763],
[1867, 4095, 3431, 3255, 3773, 261.091, 92.02792, 346.5875, -2.51145, 1.206107, -0.1526718, 232.706, 119.8546, 322.7647, 0.7938931, 0.8015267, 1.938931],
[1859, 4095, 3483, 3281, 3645, 264.7406, 91.15509, 346.5283, 0.7175572, 1.114504, -1.435114, 232.4092, 120.8183, 321.9955, -0.5114504, 2.259542, 2.664122],
[1868, 4095, 3478, 3247, 3761, 255.1551, 92.95583, 348.5466, -7.679389, 0.09160305, -0.8396947, 233.1976, 119.1073, 323.11, -4.557252, 6.480916, 1.931298],
[1863, 4095, 3470, 3271, 3771, 252.6982, 93.4579, 348.6456, -2.938931, 1.862595, 0.007633588, 234.3539, 116.8039, 324.598, -2.656489, 0.7938931, 2.343511],
[1863, 4095, 3491, 3266, 3779, 250.8712, 93.92139, 348.4741, -4.480916, 3.534351, 0.5038168, 234.2166, 117.8005, 323.5773, -3.236641, 1.335878, 3.114504],
[1879, 4095, 3487, 3267, 3751, 257.7591, 92.25111, 349.2238, -5.885496, 3.442748, 0.5801527, 233.8479, 118.253, 323.4279, -5.48855, 2.206107, 3.030534],
[1855, 4095, 3483, 3357, 3759, 253.8383, 92.73822, 350.2341, -0.610687, 1.755725, 0.7557252, 233.8433, 118.0956, 323.6129, -2.458015, 0.01526718, 0.7633588],
[1843, 4095, 3495, 3249, 3747, 251.68, 93.46215, 349.2881, -5.832061, 0.04580153, -1.885496, 233.4291, 119.4916, 322.4445, -2.274809, 5.519084, 2.19084],
[1872, 4095, 3463, 3243, 3766, 253.8761, 93.0853, 349.0396, -3.175573, 2.412214, 1.51145, 234.2714, 118.0664, 323.2153, -2.290076, -0.3129771, 0.5801527],
[1873, 4095, 3522, 3248, 3767, 256.5224, 92.69955, 348.4023, -3.137405, 2.114504, 1.015267, 233.312, 118.7854, 323.3591, -4.38168, 0.6030535, 1.381679],
[1872, 4095, 3455, 3257, 3791, 253.3193, 93.46901, 348.1736, -4.007634, 0.2824428, 0.259542, 233.3509, 118.4697, 323.6782, -3.725191, 3.229008, -0.5343512],
[1876, 4095, 3479, 3275, 3792, 256.2686, 93.03164, 347.3077, -3.763359, 3.519084, -2.198473, 232.9941, 117.8226, 324.7667, -4.763359, 2.732824, 3.122137],
[1872, 4095, 3491, 3255, 3775, 250.6238, 93.66463, 349.3382, -5.580153, 0.870229, -1.587786, 233.8723, 118.0175, 323.6735, -4.198473, 1.305344, 2.48855],
[1885, 4095, 3469, 3271, 3782, 253.5969, 93.14605, 349.0309, -4.80916, 2.862595, 0.09160305, 233.6076, 118.9389, 322.8886, -3.832061, 1.641221, 2.076336],
[1857, 4095, 3503, 3245, 3763, 259.6673, 91.87374, 349.2384, -4.465649, 1.320611, -1.053435, 233.9568, 118.7517, 322.7486, -4.564886, 2.587786, 2.824427],
[1878, 4095, 3485, 3263, 3771, 252.0649, 93.27349, 349.616, -2.198473, 1.076336, -0.1450382, 233.5848, 118.7719, 323.1009, 0.1603053, 1.877863, 0.9770992],
[1883, 4095, 3471, 3239, 3795, 257.6064, 92.51528, 348.1914, -2.007634, 2.328244, 0.3282443, 233.5121, 118.6839, 323.2737, -2.083969, 1.664122, 1.312977],
[1888, 4095, 3475, 3248, 3775, 252.2495, 93.292, 349.4471, -2.78626, 1.076336, 0.2671756, 233.7637, 117.7669, 324.0698, -1.938931, 1.076336, 0.6335878],
[1895, 4095, 3479, 3274, 3791, 253.4976, 93.36335, 348.3873, -5.007634, 1.061069, 1.099237, 234.345, 117.6035, 323.6758, -3.854962, 0.7480916, 1.091603],
[1904, 4095, 3471, 3263, 3761, 255.4999, 92.95646, 348.2676, -2.908397, 2.687023, 0.2671756, 233.9814, 117.8993, 323.6999, -2.526718, 0.5496183, 1.70229],
[1886, 4095, 3491, 3275, 3791, 255.3028, 92.98262, 348.3308, -3.580153, 1.656489, -0.1984733, 233.5376, 118.4996, 323.4578, -2.641221, 1.274809, 1.290076],
[1888, 4095, 3495, 3259, 3793, 256.6318, 92.61628, 348.6457, -2.557252, 2.038168, 0.8015267, 234.3503, 118.0239, 323.1843, -2.89313, 0.9236641, 0.5801527],
[1891, 4095, 3479, 3285, 3767, 254.8157, 93.06449, 348.4195, -3.480916, 1.587786, -0.129771, 233.765, 118.2453, 323.52, -2.633588, 1.793893, 1.877863],
[1881, 4095, 3475, 3239, 3767, 254.5674, 93.19751, 348.1431, -4.061069, 1.648855, 0.5572519, 233.8557, 118.7753, 322.8239, -2.328244, 1.160305, 1.519084],
[1891, 4095, 3472, 3247, 3787, 256.1486, 92.64069, 348.9503, -2.70229, 1.755725, -0.3206107, 232.5446, 118.9846, 323.8966, -3.0, 1.671756, 1.793893],
[1887, 4095, 3495, 3261, 3856, 252.9972, 93.64871, 347.8363, -2.954198, 1.122137, 0.3206107, 233.1706, 118.9071, 323.3628, -1.068702, 1.305344, 0.8778625],
[1895, 4095, 3479, 3274, 3781, 253.5741, 93.33832, 348.4138, -3.687023, 1.343511, 0.06870229, 233.1014, 118.4911, 323.9019, -2.51145, 2.305344, 1.244275],
[1890, 4095, 3487, 3271, 3792, 256.0033, 92.83973, 348.2926, -3.374046, 0.3587786, 0.7328244, 233.3524, 118.7671, 323.3393, -3.48855, 0.3435115, 1.038168],
[1929, 4095, 3511, 3215, 3724, 244.619, 95.26984, 348.7239, -1.793893, 2.610687, 0.03053435, 233.2676, 118.536, 323.6859, -2.664122, 0.3740458, 1.435114],
[1909, 4095, 3495, 3199, 3763, 248.8221, 94.35116, 348.5709, -4.137404, 2.366412, -0.5801527, 232.6878, 118.881, 323.8715, -2.083969, 1.29771, 2.160305],
[1911, 4095, 3495, 3199, 3761, 249.1207, 94.82473, 347.1979, -2.603053, 3.374046, -0.3358779, 233.008, 118.9755, 323.4477, -1.740458, 1.061069, 2.48855],
[1905, 4095, 3501, 3199, 3783, 246.1157, 95.32779, 347.8174, -2.496183, 0.9694656, 0.1679389, 233.4327, 118.7529, 323.275, -1.778626, 1.78626, 0.9770992],
[1914, 4095, 3494, 3197, 3735, 245.3936, 95.39195, 348.0722, -2.450382, 1.687023, 0.08396947, 233.2381, 118.6249, 323.6146, -2.541985, 1.969466, 1.465649],
[1919, 4095, 3503, 3207, 3759, 246.9255, 94.94469, 348.223, -3.938931, 2.137405, 0.5725191, 232.3513, 119.6704, 323.3226, -2.816794, 1.251908, 1.938931],
[1931, 4095, 3493, 3197, 3791, 248.8847, 94.32902, 348.5905, -3.091603, 1.839695, 0.4961832, 233.0931, 119.2851, 323.0145, -2.992366, 1.229008, 1.068702],
[1927, 4095, 3503, 3206, 3719, 246.9255, 94.93216, 348.2516, -3.236641, 2.167939, 0.1603053, 232.5165, 119.9827, 322.8115, -2.549618, 0.9541985, 2.076336],
[1916, 4095, 3503, 3185, 3856, 247.8211, 94.63889, 348.4365, -2.572519, 1.992366, -0.2137404, 233.6924, 118.6867, 323.0896, -2.977099, 0.9236641, 1.198473],
[1910, 4095, 3479, 3199, 3771, 247.4133, 95.0263, 347.7585, -2.076336, 1.70229, 0.4198473, 233.7591, 118.7205, 322.9838, -2.435115, 0.8854962, 1.351145],
[1920, 4095, 3491, 3195, 3731, 248.2085, 94.58776, 348.3399, -1.473282, 1.778626, 0.3129771, 232.3336, 119.5522, 323.4714, -1.89313, 0.9389313, 0.9236641],
[1923, 4095, 3487, 3199, 3767, 246.8493, 95.013, 348.1102, -2.007634, 2.183206, -0.05343511, 232.5255, 119.3411, 323.5168, -2.496183, 1.221374, 1.770992],
[1919, 4095, 3511, 3201, 3757, 248.2772, 95.0361, 347.2133, -4.08397, 2.274809, 0.7633588, 232.8651, 119.4392, 323.0695, -3.198473, 0.1908397, 2.21374],
[1936, 4095, 3547, 3206, 3775, 247.7823, 95.29346, 346.9103, -4.641222, 0.832061, 0.961832, 231.5527, 120.315, 323.3991, -1.351145, 1.694656, 0.7251908],
[1935, 4095, 3504, 3231, 3762, 254.5974, 93.2204, 348.0395, -1.816794, 1.564886, -0.4274809, 232.2253, 119.0287, 324.1612, -1.877863, 1.748092, 0.6717557],
[1920, 4095, 3487, 3216, 3783, 246.002, 95.43952, 347.6375, -2.954198, 1.435114, 0.2748091, 231.8809, 119.5524, 323.9168, -2.732824, 0.8396947, 0.9923664],
[1931, 4095, 3515, 3198, 3765, 248.295, 94.92282, 347.4763, -2.755725, 1.923664, 0.6717557, 232.4318, 119.3278, 323.6243, -2.618321, 1.358779, 1.083969],
[1927, 4095, 3487, 3219, 3787, 245.6879, 95.61228, 347.442, -3.541985, 2.396947, 0.2137404, 232.2289, 119.4237, 323.7176, -3.633588, 1.374046, 1.900763],
[1909, 4095, 3479, 3199, 3775, 246.9213, 95.3243, 347.3638, -3.961832, 1.900763, -0.7175572, 231.8149, 119.5356, 324.0, -3.603053, 2.519084, 2.839695],
[1927, 4095, 3505, 3222, 3763, 248.1954, 94.69116, 348.0969, -2.70229, 2.007634, 0.8473283, 232.6433, 119.1716, 323.5896, -1.938931, 0.7328244, 0.4656488],
[1926, 4095, 3511, 3215, 3685, 241.3679, 96.6425, 347.7075, -0.3206107, 1.526718, -0.2061069, 232.6903, 119.7017, 322.9507, 1.916031, 0.7709923, 1.183206],
[1942, 4095, 3536, 3216, 3762, 249.9356, 94.53839, 347.4038, -3.259542, 2.435115, 1.083969, 233.0506, 118.9082, 323.481, -2.832061, 0.6870229, 1.763359],
[1922, 4095, 3503, 3215, 3789, 246.9684, 95.02726, 348.0111, -4.312977, 1.610687, 1.687023, 232.4693, 119.761, 323.1047, -3.870229, 1.664122, 1.015267],
[1931, 4095, 3493, 3216, 3781, 249.6032, 95.0153, 346.3877, -4.679389, 2.129771, 0.8931297, 231.9153, 119.3539, 324.103, -4.725191, 1.48855, 1.954198],
[1931, 4095, 3478, 3217, 3765, 248.9852, 95.07781, 346.6522, -3.145038, 1.610687, 0.4122138, 232.3841, 119.5463, 323.4279, -2.519084, 1.030534, 1.656489],
[1930, 4095, 3441, 3219, 3775, 250.8096, 94.13713, 347.9131, -1.358779, 2.343511, -0.8625955, 232.6053, 119.4055, 323.3657, -1.290076, 0.6870229, 1.396947],
[1938, 4095, 3503, 3203, 3787, 249.0834, 94.9269, 346.965, -3.603053, 2.236641, 0.3129771, 232.397, 119.7894, 323.145, -2.977099, 0.9770992, 1.351145],
[1935, 4095, 3498, 3207, 3803, 250.8561, 94.58458, 346.643, -4.282443, 1.870229, 1.221374, 232.1278, 119.4173, 323.8243, -3.274809, 1.229008, 1.854962],
[1941, 4095, 3503, 3181, 3767, 248.4058, 95.29665, 346.5003, -2.450382, 2.374046, -0.04580153, 231.8407, 119.8012, 323.6812, -1.862595, 0.6946565, 1.885496],
[1936, 4095, 3507, 3185, 3787, 252.1102, 94.1124, 347.0735, -1.839695, 1.618321, 0.4732824, 231.6646, 119.9346, 323.707, -2.229008, 0.7022901, 1.358779],
[1934, 4095, 3503, 3213, 3779, 250.7346, 94.49882, 346.9658, -3.290076, 2.251908, -0.8931297, 232.1826, 120.0678, 323.0493, 1.152672, 2.10687, 2.160305],
[1940, 4095, 3503, 3223, 3791, 248.5461, 94.90051, 347.375, -2.343511, 1.290076, -0.8473283, 232.5381, 119.4203, 323.4159, 0.1526718, 2.610687, 1.206107],
[1923, 4095, 3519, 3223, 3783, 248.5258, 94.78545, 347.6699, -3.374046, 2.206107, 0.1068702, 232.9321, 119.3641, 323.0867, -4.198473, 1.992366, 1.885496],
[1923, 4095, 3495, 3227, 3775, 250.946, 94.23615, 347.5463, -1.763359, 1.122137, 0.9007633, 232.0069, 119.415, 323.9456, -3.198473, 1.152672, 0.4732824],
[1922, 4095, 3495, 3221, 3759, 246.7838, 95.64795, 346.7179, -3.900763, 2.320611, 0.06870229, 231.7477, 119.5143, 324.0893, -2.648855, 1.48855, 1.725191],
[1931, 4095, 3507, 3243, 3775, 248.6264, 94.91129, 347.2982, -3.29771, 1.564886, -0.1221374, 232.0581, 119.093, 324.2532, -3.015267, 0.9847328, 1.778626],
[1956, 4095, 3503, 3219, 3793, 250.0679, 94.61373, 347.1163, -3.923664, 1.969466, 0.2061069, 232.0093, 119.9508, 323.35, -2.458015, 0.7862596, 2.564885],
[1957, 4095, 3495, 3223, 3807, 247.2427, 95.52134, 346.7198, -3.89313, 2.053435, -0.1450382, 233.0545, 119.4355, 322.8842, -3.946565, 1.435114, 2.580153],
[1951, 4095, 3466, 3231, 3810, 251.4195, 94.26853, 347.1236, -3.854962, 1.977099, -0.4427481, 232.3654, 119.7139, 323.2602, -2.427481, 1.503817, 1.305344],
[1936, 4095, 3471, 3217, 3799, 248.5369, 95.04848, 347.0186, -3.923664, 1.29771, 0.740458, 232.7553, 118.9482, 323.7293, -3.862595, 1.427481, 1.152672],
[1941, 4095, 3487, 3275, 3826, 251.4039, 94.3598, 346.8745, -2.832061, 2.603053, 0.5267176, 232.3819, 119.4339, 323.5554, -3.832061, 0.3206107, 1.839695],
[1934, 4095, 3497, 3215, 3822, 250.3659, 94.8312, 346.3281, -2.816794, 2.274809, 0.3129771, 231.7304, 119.7438, 323.8528, -3.038168, 0.6030535, 1.076336],
[1945, 4095, 3478, 3239, 3811, 249.1791, 95.0717, 346.5367, -2.427481, 1.847328, 0.3282443, 232.6995, 119.3824, 323.298, -2.648855, 0.610687, 1.290076],
[1956, 4095, 3507, 3227, 3823, 250.0079, 94.60818, 347.1714, -4.236641, 0.7938931, -0.2519084, 232.5227, 119.5333, 323.3051, -3.007634, 1.152672, 1.007634],
[1950, 4095, 3510, 3235, 3813, 251.6537, 94.11941, 347.3853, -3.038168, 1.725191, 0.2900764, 232.5219, 119.2842, 323.5839, -1.51145, 1.557252, 0.6717557],
[1936, 4095, 3495, 3207, 3811, 247.3088, 95.17931, 347.4657, -2.083969, 1.725191, 0.3816794, 232.0031, 119.3919, 323.9748, -2.923664, 0.6564885, 0.7328244],
[1846, 4095, 3503, 3231, 3794, 247.7805, 95.33523, 346.8132, -3.10687, 1.870229, 1.557252, 231.4198, 119.7301, 324.1711, -7.412214, 2.763359, 5.229008],
[1939, 4095, 3487, 3237, 3807, 252.3397, 94.13761, 346.8246, -3.748092, 2.29771, 0.1526718, 231.8017, 119.8927, 323.6186, -4.412214, 1.305344, 1.167939],