[2187, 4095, 3610, 3711, 4031, 280.7644, 271.7392, 189.3006, 54.93893, 187.1756, -191.4962, 131.8338, 106.7451, 18.52962, -44.87786, -5.755725, 39.1145],
[2201, 4095, 3551, 3743, 4095, 272.1638, 271.1684, 208.9327, 63.65649, 92.94657, -119.2977, 121.6968, 107.8554, 27.50057, 47.58016, -16.63359, -23.65649],
[2191, 4095, 3647, 3831, 4095, 273.6547, 279.5244, 248.8599, 111.4504, -180.7328, 5.496183, 144.1347, 115.3701, 18.8464, 106.0076, 19.60305, -55.59542],
[2193, 4095, 3631, 3839, 4095, 278.2976, 280.9715, 232.916, 83.52672, -160.855, 250.1298, 154.5064, 124.5522, 18.07935, -14.30534, 8.320611, 10.75572],
[2210, 4095, 3651, 3917, 4095, 256.4013, 262.1131, 209.6301, 250.1298, -6.625954, 76.61069, 130.5747, 116.3118, 29.93349, -126.8015, 7.251908, 20.48092],
[2199, 4095, 3663, 3919, 4095, 300.0767, 280.2665, 197.3596, 51.41984, 147.4656, -147.1603, 123.3365, 106.6738, 24.43884, -44.51909, -0.1679389, 50.48091],
[2224, 4095, 3631, 3879, 4095, 255.5569, 262.6421, 206.444, 52.54199, 58.99237, -116.9237, 124.7386, 105.4364, 21.67456, 25.78626, -5.091603, -6.21374],
[2220, 4095, 3439, 3825, 4095, 269.0576, 268.3861, 240.4792, 217.2977, -160.458, -6.358778, 140.1208, 113.8234, 20.1792, 99.7481, 17.29008, -45.0229],
[2229, 4095, 3639, 3953, 4095, 290.6833, 301.6014, 238.366, 58.12214, -134.0534, 233.5496, 153.3034, 122.6931, 17.7923, -6.740458, -1.015267, -15.65649],
[2218, 4095, 3655, 3935, 4095, 345.9605, 290.1529, 185.1599, 0.8778625, 102.9008, 152.2748, 144.1866, 118.9148, 21.64988, -66.32825, 12.08397, 42.50382],
[2181, 4095, 3665, 3951, 4095, 308.3905, 276.8071, 188.5579, 106.7099, 193.1832, -125.458, 133.8119, 109.0001, 19.68805, -76.67939, -3.541985, 37.55725],
[2157, 4095, 3665, 3953, 4095, 270.745, 270.2258, 199.9246, -21.83969, 173.6183, -224.4809, 131.578, 105.7421, 17.58156, 6.59542, -20.00763, 12.9771],
[2112, 4095, 3699, 3995, 4095, 280.9211, 310.6226, 257.1991, 57.21374, -122.8779, -27.43511, 141.2949, 109.3001, 15.61078, 107.8244, 1.129771, -45.76336],
[2117, 4095, 3724, 3967, 4095, 272.7185, 276.3016, 246.3548, -47.49618, -127.4198, 84.96947, 159.5934, 117.2313, 10.74025, 35.64885, 10.98473, -24.77863],
[2046, 4095, 3739, 3975, 4095, 260.6528, 265.4734, 205.4277, -6.267176, -91.57252, 250.1298, 154.4951, 116.864, 13.49513, -56.25954, -4.0, 37.0687],
[2062, 4095, 3761, 4027, 4095, 277.3597, 272.4987, 198.9137, 161.4046, 117.916, -39.79389, 121.6645, 108.9187, 29.00927, -86.6336, -4.541985, 52.54199],
[2097, 4095, 3687, 4003, 4095, 243.6572, 259.0855, 201.132, 3.374046, 183.8321, -163.5572, 118.5822, 105.0463, 26.22687, 5.038168, -1.954198, 12.62596],
[2146, 4095, 3761, 4027, 4095, 273.3463, 276.3623, 242.0207, 196.5267, -172.0382, -23.83206, 125.2699, 107.1926, 23.58339, 102.374, -11.38168, -54.06107],
[2134, 4095, 3887, 4095, 4095, 307.4785, 286.8855, 201.5597, -38.96947, -97.48092, 206.4122, 151.9478, 123.8339, 19.56131, -8.717557, 2.320611, -20.29008],
[2160, 4095, 3919, 4095, 4095, 282.2108, 275.7777, 205.1231, 105.9389, 53.89313, 177.4275, 124.5298, 113.7232, 32.49955, -73.07633, 21.61832, -8.412213],
[2162, 4095, 3889, 4095, 4095, 248.5233, 263.791, 195.263, -52.61069, 200.9313, -171.2214, 124.3491, 109.8505, 27.79111, -32.90076, 4.175572, 51.82443],
[2171, 4095, 3831, 4095, 4095, 265.0918, 267.5, 206.5453, 67.58016, 120.9466, -146.1221, 124.954, 106.6263, 23.08889, 22.48855, -7.725191, 17.14504],
[2151, 4095, 3877, 4095, 4095, 271.2264, 275.4538, 256.7466, 122.3206, -128.7481, -21.45038, 142.7624, 114.6061, 19.11836, 68.54198, 1.961832, -40.25954],
[2177, 4095, 3903, 4095, 4095, 276.3669, 275.0071, 218.1464, 80.35114, -167.1603, 250.1298, 150.941, 121.8777, 18.97178, -25.41985, 1.992366, 16.29771],
[2195, 4095, 3919, 4095, 4095, 272.8962, 271.7564, 211.5392, 120.2519, 122.2672, 9.992367, 119.8112, 104.7809, 24.69284, -101.5496, 21.43512, 13.44275],
[2186, 4095, 3821, 4095, 4095, 231.9552, 261.2444, 190.995, 27.24427, 235.7481, -108.4809, 127.7463, 106.3086, 20.65947, -20.81679, -19.70992, 23.60306],
[2163, 4095, 3823, 4095, 4095, 266.3509, 266.4045, 224.4923, 98.13741, 83.7023, -116.8855, 131.423, 112.1218, 24.67444, 58.8626, -9.671756, -30.8397],
[2177, 4095, 3859, 4095, 4095, 276.0267, 276.1309, 225.4146, 97.99236, -250.1374, 49.35878, 148.1588, 116.9287, 17.42531, 33.9313, -7.076336, -32.79389],
[2166, 4095, 3925, 4095, 4095, 277.1805, 274.0045, 209.1727, -17.9313, -40.1145, 250.1298, 151.2962, 121.8276, 18.67948, -50.68702, 12.38931, 44.75573],
[2165, 4095, 3926, 4095, 4095, 266.0445, 268.2209, 203.6319, 84.33588, 197.7633, -55.44275, 122.3065, 106.6069, 25.20897, -90.25954, -2.656489, 34.87023],
[2176, 4095, 3839, 4095, 4095, 225.0738, 255.5451, 194.3771, 21.89313, 183.3435, -159.7252, 129.8856, 103.7098, 16.23613, -3.938931, -13.24427, 21.19847],
[2187, 4095, 3779, 4063, 4095, 232.5642, 209.8283, 246.2204, 90.22901, -71.71756, -83.70993, 122.523, 108.2338, 27.27434, 82.41221, -2.984733, -50.8855],
[2171, 4095, 3839, 4095, 4095, 257.6881, 239.7234, 249.4876, 250.1298, -250.1374, 42.8168, 150.1176, 116.5788, 15.95428, 16.18321, 4.244275, -26.38168],
[2195, 4095, 3883, 4095, 4095, 293.2774, 283.2557, 208.6807, -77.13741, 59.03817, 236.0763, 155.7509, 116.882, 12.77059, -63.8855, 3.40458, 53.18321],
[2201, 4095, 3815, 4095, 4095, 281.6384, 274.1704, 199.6125, 47.47328, 199.4809, -71.68702, 128.7317, 102.9381, 15.94997, -57.21374, 5.030534, 34.03053],
[2215, 4095, 3821, 4095, 4095, 260.7518, 265.5474, 205.2966, 35.29771, 126.458, -143.8244, 121.7502, 103.9146, 21.78895, 4.954198, -29.61069, 3.045802],
[2186, 4095, 3831, 4095, 4095, 274.7123, 277.8254, 238.8224, 78.0229, -127.7099, -41.34351, 131.1308, 109.6859, 22.2224, 106.3359, 11.9771, -48.96183],
[2210, 4095, 3851, 4095, 4095, 265.9367, 264.4154, 234.0587, 110.7023, -132.6336, 166.9313, 149.74, 120.1345, 18.6211, 11.21374, -0.519084, -42.22901],
[2210, 4095, 3879, 4095, 4095, 270.5558, 270.3795, 215.6373, -66.28244, 37.0458, 203.2901, 140.782, 113.4819, 19.45122, -89.82443, 1.389313, 38.64122],
[2213, 4095, 3887, 4095, 4095, 270.8107, 270.1661, 194.9913, 64.90839, 202.7023, -113.6336, 126.2493, 106.8335, 22.37893, -56.28244, -18.12214, 34.40458],
[2182, 4095, 3825, 4095, 4095, 267.4154, 269.3048, 193.8564, 74.22901, 85.43511, -126.1298, 120.7587, 106.479, 26.38763, 20.48092, -15.78626, -6.931298],
[2224, 4095, 3839, 4095, 4095, 269.1312, 269.2672, 219.6024, 99.0229, -215.1145, 2.435115, 151.9514, 114.3531, 13.47458, 95.06106, 13.03053, -50.09923],
[2221, 4095, 3871, 4095, 4095, 284.3212, 278.0858, 209.1107, -12.96947, -107.2137, 181.7405, 158.2264, 122.0926, 13.96113, -4.480916, -2.419847, 12.03817],
[2192, 4095, 3870, 4095, 4095, 256.4397, 264.4234, 201.814, -25.0687, 84.13741, 96.16031, 130.121, 114.7529, 28.61706, -92.96184, -13.61832, 15.60305],
[2213, 4095, 3799, 4095, 4095, 201.8715, 254.311, 186.3489, -77.06107, 250.1298, -53.93893, 121.5567, 103.8143, 21.79022, -29.91603, -19.12977, 30.13741],
[2201, 4095, 3879, 4095, 4095, 260.8919, 262.8404, 217.9449, 108.3282, -18.64122, -82.97709, 124.881, 107.6163, 24.44227, 44.05344, -14.44275, -23.0],
[2218, 4095, 3879, 4095, 4095, 260.6334, 258.7353, 230.3313, 22.41985, -211.8626, 86.98474, 147.3508, 118.3927, 19.01934, 36.83206, 5.625954, -45.89313],
[2210, 4095, 3915, 4095, 4095, 277.0252, 272.2609, 198.0386, 10.40458, -106.1985, 171.3588, 147.043, 121.0062, 21.20248, -27.18321, -1.030534, 31.35114],

