[2101, 4095, 3819, 3499, 4095, 240.9524, 122.2437, 311.1181, -4.564886, 3.259542, -0.2061069, 211.1609, 120.743, 340.0381, -3.610687, 1.671756, 2.0],
[2103, 4095, 3807, 3510, 4095, 242.6598, 120.5495, 310.9679, -2.503817, 1.694656, -0.1068702, 211.5453, 120.4602, 339.9678, -1.992366, 1.526718, 1.129771],
[2101, 4095, 3831, 3510, 4095, 241.0956, 122.1922, 311.0069, -2.473282, 0.7633588, -0.3358779, 210.5844, 121.3329, 340.0299, -0.648855, 1.198473, 0.6641222],
[2107, 4095, 3814, 3509, 4095, 240.8693, 122.8408, 310.5642, -5.244275, 4.045802, 0.4045802, 210.3719, 120.8392, 340.5366, -4.984733, 2.244275, 1.343511],
[2112, 4095, 3827, 3507, 4095, 240.3017, 123.6816, 310.3161, -10.38168, 4.625954, 4.076336, 211.0365, 121.8175, 339.3445, -8.740458, 9.496183, 5.679389],
[2128, 4095, 3819, 3517, 4095, 241.2626, 122.5153, 310.458, -2.770992, -0.3740458, 2.977099, 214.726, 117.3672, 340.0817, -4.70229, 1.984733, 0.5725191],
[2114, 4095, 3827, 3502, 4095, 246.1091, 116.0826, 311.8703, 5.358778, -3.862595, 2.167939, 212.4052, 119.6295, 339.9684, -4.458015, -5.229008, 3.389313],
[2111, 4095, 3825, 3519, 4095, 242.3238, 122.2099, 309.5331, 2.916031, 0.5877862, -2.473282, 215.0486, 119.9527, 337.8018, 0.9083969, 4.007634, 5.351145],
[2111, 4095, 3827, 3511, 4095, 240.7239, 123.5429, 309.9777, -2.763359, -1.564886, 0.7480916, 215.3126, 119.6765, 337.8294, -1.587786, 0.8396947, -0.3282443],
[2119, 4095, 3815, 3519, 4095, 242.2187, 122.7388, 309.0865, 0.7099237, -1.89313, -3.328244, 213.5278, 119.7306, 339.0892, 1.343511, 2.251908, 0.8625955],
[2122, 4095, 3797, 3519, 4095, 240.7449, 123.7642, 309.7176, -4.305344, 0.7251908, -0.8931297, 212.7995, 120.1899, 339.2644, -0.8473283, 1.229008, -0.4122138],
[2112, 4095, 3783, 3525, 4095, 239.9538, 124.1858, 310.1777, -2.564885, -0.519084, -0.5419847, 214.6877, 119.3879, 338.5181, 0.7709923, 0.778626, -0.3282443],
[2102, 4095, 3823, 3511, 4095, 240.4817, 123.795, 309.9883, -2.885496, 0.9847328, 0.2137404, 214.8676, 119.6436, 338.1833, -2.122137, 0.7862596, 0.9541985],
[2112, 4095, 3813, 3523, 4095, 240.2857, 124.7227, 309.2341, -2.236641, 1.832061, 0.9236641, 214.2477, 119.4992, 338.7491, -2.89313, 0.03053435, 1.129771],
[2114, 4095, 3823, 3523, 4095, 241.6187, 124.364, 308.0733, -3.748092, 1.610687, 0.03816794, 212.8209, 120.4699, 339.036, -2.977099, 1.557252, 0.6412213],
[2109, 4095, 3814, 3523, 4095, 240.832, 124.9917, 308.3298, -1.496183, 0.8167939, -0.8778625, 213.9, 119.505, 338.9955, -1.870229, 0.8931297, 1.671756],
[2126, 4095, 3823, 3519, 4095, 242.9815, 121.7825, 309.2067, -2.030534, 3.740458, 0.03053435, 213.5199, 119.6661, 339.1446, -1.305344, 0.9694656, 2.40458],
[2119, 4095, 3823, 3519, 4095, 241.3121, 124.4618, 308.3272, -4.099236, 1.167939, 0.4885496, 213.8007, 120.0796, 338.6204, -3.229008, 1.923664, 0.648855],
[2114, 4095, 3813, 3518, 4095, 241.5047, 123.4595, 309.1583, -4.343512, 3.564885, 0.007633588, 212.4664, 120.462, 339.3006, -3.007634, 1.381679, 1.458015],
[2127, 4095, 3824, 3518, 4095, 241.5399, 123.4202, 309.159, -1.160305, 1.389313, 0.08396947, 212.7762, 119.7238, 339.6338, -1.870229, 1.412214, 2.122137],
[2133, 4095, 3835, 3526, 4095, 241.6657, 123.7623, 308.6491, -3.21374, 2.78626, 0.259542, 212.7235, 119.8503, 339.5761, -2.816794, 0.7862596, 1.167939],
[2119, 4095, 3835, 3523, 4095, 241.0614, 124.5957, 308.4773, -5.259542, 1.847328, -0.2977099, 213.1675, 119.3139, 339.6658, -4.458015, 2.870229, 1.251908],
[2134, 4095, 3829, 3533, 4095, 240.3907, 124.6183, 309.2236, -2.366412, 2.229008, 0.04580153, 213.8591, 119.7361, 338.8454, -1.862595, 1.022901, 1.618321],
[2126, 4095, 3819, 3539, 4095, 241.4551, 123.3586, 309.3238, -3.099237, 2.160305, 0.01526718, 214.4092, 119.5632, 338.5816, -2.038168, 1.587786, 1.908397],
[2124, 4095, 3823, 3505, 4095, 241.662, 123.4382, 308.9966, -3.19084, 0.7175572, -0.03053435, 213.101, 119.3743, 339.6671, -2.366412, 1.78626, 0.1908397],
[2122, 4095, 3830, 3535, 4095, 241.2741, 123.9764, 308.8799, -2.633588, 1.40458, 0.2366412, 213.3739, 119.0894, 339.6907, -3.366412, 1.549618, 1.40458],
[2126, 4095, 3807, 3534, 4095, 240.7296, 124.9574, 308.4826, -3.59542, 1.587786, 0.7099237, 213.0383, 119.8442, 339.3548, -1.442748, 1.122137, 0.5114504],
[2128, 4095, 3824, 3535, 4095, 241.9505, 123.1932, 308.9179, -3.099237, 1.709924, 0.2748091, 212.8322, 119.9958, 339.388, -1.70229, 1.099237, 1.320611],
[2112, 4095, 3825, 3519, 4095, 240.1896, 125.3343, 308.7075, -3.244275, 2.251908, -0.351145, 212.4055, 119.6182, 339.9766, -1.923664, 2.122137, 1.687023],
[2123, 4095, 3807, 3519, 4095, 241.3338, 123.6345, 309.172, -2.625954, 1.992366, -0.3206107, 212.3404, 119.2532, 340.2938, -1.076336, 1.160305, 1.572519],
[2129, 4095, 3803, 3533, 4095, 241.9881, 122.7291, 309.3708, -2.465649, 2.465649, 0.7099237, 212.6285, 119.5942, 339.8365, -2.389313, 0.740458, 1.633588],
[2125, 4095, 3837, 3517, 4095, 240.6995, 124.4886, 309.0056, -2.045802, 1.870229, 0.7938931, 212.3115, 120.2636, 339.5617, -2.587786, -0.2748091, 0.8854962],
[2128, 4095, 3795, 3537, 4095, 242.3344, 123.7689, 307.856, -3.526718, 1.961832, -0.09923664, 212.0029, 120.448, 339.647, -3.870229, 1.045802, 0.7709923],
[2132, 4095, 3835, 3511, 4095, 241.478, 124.2173, 308.39, -2.450382, 2.10687, 0.3206107, 212.4823, 120.3422, 339.3792, -2.633588, 1.068702, 1.534351],
[2131, 4095, 3822, 3538, 4095, 240.871, 124.8602, 308.4212, -4.732824, 2.282443, 0.2061069, 212.0844, 119.9782, 339.9372, -2.099237, 1.328244, 1.534351],
[2114, 4095, 3835, 3519, 4095, 242.1757, 123.079, 308.7734, -3.022901, 2.282443, 0.01526718, 211.8467, 120.058, 340.0477, -2.954198, 1.160305, 1.091603],
[2117, 4095, 3789, 3535, 4095, 241.6096, 124.1762, 308.2798, -2.984733, 1.687023, 0.3129771, 211.8521, 120.2993, 339.8658, -2.801527, 1.290076, 1.160305],
[2147, 4095, 3828, 3523, 4095, 240.884, 125.2078, 308.0471, -3.435115, 1.80916, 0.2213741, 211.9811, 120.329, 339.7511, -1.946565, 1.40458, 1.541985],
[2144, 4095, 3825, 3533, 4095, 242.4286, 123.3353, 308.2009, -4.442748, 2.801527, 0.2290076, 211.84, 120.18, 339.9626, -3.160305, 1.534351, 1.633588],
[2123, 4095, 3823, 3522, 4095, 242.4318, 122.5204, 309.0676, -3.709924, 0.8931297, 0.2366412, 213.1861, 119.5301, 339.4881, -3.198473, 1.541985, 0.610687],
[2128, 4095, 3815, 3527, 4095, 242.1135, 123.4742, 308.4272, -3.992366, 2.801527, 0.1984733, 211.8053, 120.0827, 340.059, -3.70229, 1.694656, 1.938931],
[2123, 4095, 3825, 3533, 4095, 241.4385, 124.0078, 308.6558, -2.603053, 1.038168, -0.3740458, 212.0011, 120.0981, 339.9078, -1.656489, 1.114504, 0.5114504],
[2117, 4095, 3829, 3535, 4095, 241.0513, 124.0073, 309.1058, -3.083969, 1.977099, -0.1068702, 212.4516, 119.8107, 339.8001, -2.572519, 1.045802, 1.244275],
[2128, 4095, 3839, 3530, 4095, 241.8105, 123.3377, 308.929, -3.793893, 2.320611, 0.389313, 212.4362, 119.5157, 340.0313, -4.045802, 1.48855, 1.236641],
[2119, 4095, 3825, 3543, 4095, 242.3508, 123.3333, 308.2954, -0.8244275, 1.053435, 0.09160305, 212.2225, 119.7394, 340.0161, -1.900763, 0.9312977, 1.335878],
[2130, 4095, 3799, 3543, 4095, 241.7734, 123.9443, 308.3315, -4.152672, 1.061069, 0.2213741, 212.2818, 119.7053, 339.9995, -2.580153, 1.625954, 1.053435],
[2157, 4095, 3811, 3549, 4095, 241.9277, 123.6127, 308.4996, -4.198473, 1.694656, 0.3816794, 212.0494, 119.4645, 340.3415, -3.427481, 1.59542, 0.5954198],
[2122, 4095, 3819, 3522, 4095, 242.4299, 122.7191, 308.856, -3.816794, 2.40458, 0.4503817, 210.7374, 120.439, 340.5609, -2.679389, 1.854962, 0.5038168],
[2121, 4095, 3583, 3583, 4095, 246.3269, 121.2019, 305.6475, -1.29771, 1.091603, 0.8778625, 211.0055, 124.2803, 337.5341, -1.885496, -1.244275, 0.9694656],
[2127, 4095, 3583, 3603, 4095, 247.6753, 119.9155, 305.2572, -3.0, 1.19084, 1.465649, 210.4631, 124.5309, 337.7783, -3.938931, 0.259542, 0.5648855],
[2132, 4095, 3557, 3605, 4095, 247.5337, 121.1111, 304.1673, -1.473282, 0.1679389, -0.2977099, 209.4695, 125.3572, 337.9645, -1.374046, 1.282443, 0.5572519],
[2128, 4095, 3559, 3601, 4095, 246.9114, 120.1409, 306.0303, -5.076336, 1.946565, 0.3053435, 210.6996, 125.5587, 336.811, -2.305344, 0.5114504, -0.4045802],
[2130, 4095, 3568, 3611, 4095, 249.2821, 118.0285, 305.1266, -5.664122, 3.236641, 0.2137404, 209.6771, 124.8247, 338.1883, -2.961832, 1.053435, 0.6335878],
[2113, 4095, 3549, 3619, 4095, 247.8961, 119.9404, 304.9323, -2.381679, 3.664122, 0.1908397, 210.9589, 124.495, 337.4089, -2.29771, 1.480916, 2.259542],
[2181, 4095, 3571, 3627, 4095, 247.7058, 120.0262, 305.0957, -3.389313, 4.389313, 1.534351, 210.5169, 124.3676, 337.8574, -3.580153, 2.076336, 3.198473],
[2133, 4095, 3551, 3639, 4095, 248.9497, 118.1679, 305.4409, -6.19084, 1.381679, -0.1679389, 210.965, 124.7919, 337.1787, -3.358779, 1.465649, 1.656489],
[2153, 4095, 3583, 3615, 4095, 248.0974, 119.7898, 304.8229, -6.061069, 3.068702, 1.053435, 211.1507, 124.5687, 337.1989, -5.419847, 2.679389, 1.335878],
[2139, 4095, 3557, 3633, 4095, 248.3724, 118.072, 306.3623, -5.541985, 4.709924, -1.229008, 211.0246, 124.1065, 337.6503, -6.061069, 4.480916, 2.564885],
[2138, 4095, 3583, 3629, 4095, 246.5667, 120.5053, 306.0863, -5.305344, 3.740458, 1.778626, 209.7008, 124.3932, 338.4851, -5.48855, 0.4274809, 1.748092],
[2149, 4095, 3573, 3643, 4095, 248.0185, 119.6574, 305.0745, -3.145038, 2.396947, 2.015267, 209.5093, 124.6823, 338.426, -2.900763, 0.1908397, 1.709924],
[2155, 4095, 3583, 3623, 4095, 247.3245, 119.4529, 306.2385, -3.778626, 2.916031, 0.4503817, 210.3067, 124.9994, 337.5535, -1.580153, 1.145038, 1.763359],
[2143, 4095, 3581, 3638, 4095, 247.2272, 119.2489, 306.5972, -4.503817, 3.900763, 0.0610687, 209.1944, 124.6324, 338.7119, -1.480916, -0.2900764, 1.389313],
[2147, 4095, 3583, 3651, 4095, 248.0202, 118.9621, 305.8411, -5.114504, 3.473282, 0.7633588, 210.3365, 125.1007, 337.4535, -2.053435, -0.6259542, 1.740458],
[2141, 4095, 3564, 3647, 4095, 247.9083, 119.265, 305.6566, -1.59542, 0.7862596, 0.1145038, 209.7742, 125.0954, 337.9114, -2.755725, 0.7938931, 1.137405],
[2128, 4095, 3583, 3633, 4095, 247.5399, 120.4324, 304.8796, -5.564886, 2.21374, 0.5419847, 209.6951, 125.0535, 338.0058, -3.442748, 1.633588, 1.625954],
[2147, 4095, 3603, 3647, 4095, 248.0536, 118.6218, 306.1782, -3.328244, 1.610687, -0.9389313, 209.4605, 125.0819, 338.1735, -1.122137, 1.549618, 0.9694656],
[2142, 4095, 3579, 3639, 4095, 246.9321, 120.4008, 305.7198, -4.610687, 2.160305, 0.4351145, 209.8152, 125.2884, 337.7355, -3.038168, 1.435114, 1.007634],
[2127, 4095, 3583, 3638, 4095, 247.6843, 120.2731, 304.8577, -3.19084, 1.267176, -0.3358779, 209.0329, 124.7437, 338.7597, -2.908397, 1.70229, 0.1679389],
[2128, 4095, 3583, 3607, 4095, 247.5533, 119.9299, 305.4054, -4.557252, 1.938931, 1.335878, 209.2973, 124.8252, 338.4908, -2.122137, 1.549618, 0.7938931],
[2128, 4095, 3579, 3647, 4095, 246.9307, 120.6719, 305.4286, -3.870229, 2.473282, -0.2442748, 210.6751, 124.3725, 337.7278, -0.1679389, -0.01526718, -0.7633588],
[2144, 4095, 3599, 3635, 4095, 246.8515, 120.9413, 305.2437, -2.351145, 1.175573, 0.3816794, 209.8146, 125.0035, 337.9466, -2.854962, 0.4045802, 1.022901],
[2134, 4095, 3603, 3639, 4095, 247.4494, 120.0218, 305.4445, -3.236641, 3.320611, 0.4656488, 208.4244, 124.9964, 339.062, -3.503817, 1.129771, 2.175573],
[2129, 4095, 3566, 3635, 4095, 248.0229, 119.6408, 305.0867, -2.312977, 2.763359, -0.2061069, 208.564, 125.3897, 338.6707, -1.183206, 0.4885496, 1.290076],
[2135, 4095, 3603, 3639, 4095, 247.6428, 119.9592, 305.2533, -2.10687, 1.770992, 0.1755725, 208.4192, 125.3932, 338.7846, -1.740458, 1.412214, 1.320611],
[2129, 4095, 3583, 3627, 4095, 247.259, 120.6062, 305.0662, -2.129771, 0.7328244, -0.4732824, 208.4161, 125.8123, 338.4877, -2.40458, 1.160305, 1.091603],
[2128, 4095, 3581, 3631, 4095, 248.1435, 119.9562, 304.5802, -3.145038, 1.061069, -0.3053435, 208.7791, 125.0959, 338.7088, -1.549618, 2.374046, 0.6564885],
[2137, 4095, 3583, 3650, 4095, 247.9334, 120.5313, 304.2478, -1.625954, 1.282443, -0.2213741, 208.5873, 125.4023, 338.6431, -1.70229, 1.694656, 1.564886],
[2146, 4095, 3583, 3647, 4095, 247.6862, 120.2071, 304.9263, -5.38168, 1.801527, -0.4961832, 207.9353, 124.8711, 339.5368, -4.068702, 3.198473, 0.9236641],
[2142, 4095, 3599, 3623, 4095, 248.5185, 118.1951, 306.0169, -3.030534, 1.259542, 0.6564885, 210.176, 124.4921, 338.0359, -1.908397, 1.274809, 1.167939],
[2145, 4095, 3603, 3655, 4095, 247.3586, 120.4189, 305.1355, -3.671756, 2.633588, 0.2519084, 209.1616, 125.2804, 338.269, -2.885496, 1.244275, 1.259542],
[2137, 4095, 3601, 3639, 4095, 248.2362, 119.1431, 305.3428, -3.816794, 1.580153, -0.1832061, 208.8522, 125.0249, 338.7014, -2.282443, 1.328244, 1.183206],
[2128, 4095, 3575, 3647, 4095, 248.6151, 118.6043, 305.4189, -4.946565, 4.29771, 0.6946565, 208.3271, 125.5739, 338.7299, -4.045802, 1.022901, 1.259542],
[2149, 4095, 3607, 3639, 4095, 248.3604, 119.4331, 304.8527, -3.29771, 2.587786, 0.5648855, 208.3251, 125.796, 338.5732, -1.969466, 1.251908, 1.519084],
[2157, 4095, 3601, 3639, 4095, 247.7606, 120.0722, 304.9722, -1.648855, 1.343511, -0.6870229, 209.0042, 124.9352, 338.6448, -2.343511, 1.206107, 1.145038],
[2157, 4095, 3602, 3638, 4095, 247.3817, 119.9154, 305.6514, -2.381679, 1.694656, -0.09160305, 208.595, 125.7141, 338.4131, -3.0, 0.3282443, 1.091603],
[2133, 4095, 3603, 3647, 4095, 248.3793, 119.4542, 304.8036, -4.274809, 2.496183, -0.4656488, 208.6998, 125.3417, 338.596, -3.854962, 1.89313, 1.526718],
[2141, 4095, 3599, 3621, 4095, 248.2865, 118.9726, 305.463, -2.442748, 1.70229, 0.2977099, 208.5926, 124.9831, 338.9379, -2.458015, 1.572519, 1.0],
[2139, 4095, 3611, 3639, 4095, 247.9851, 118.9917, 305.8562, -4.206107, 3.152672, 0.351145, 208.5916, 125.599, 338.4986, -2.725191, 1.80916, 1.679389],
[2133, 4095, 3603, 3631, 4095, 248.6317, 118.9166, 305.0472, -2.89313, 2.389313, -0.3282443, 208.8025, 125.4197, 338.4574, -2.877863, 1.59542, 1.412214],
[2151, 4095, 3583, 3655, 4095, 248.615, 119.2794, 304.6702, -2.916031, 1.320611, 0.1603053, 208.8541, 125.0735, 338.6651, -2.343511, 1.099237, 1.320611],
[2142, 4095, 3583, 3627, 4095, 248.1626, 119.1506, 305.4356, -3.534351, 1.656489, -0.129771, 208.727, 125.1401, 338.7188, -4.374046, 1.450382, 1.030534],
[2138, 4095, 3611, 3647, 4095, 247.8925, 119.3758, 305.5555, -3.931298, 1.557252, -0.2824428, 209.6464, 125.2275, 337.9169, -2.748092, 1.312977, 1.29771],
[2153, 4095, 3631, 3645, 4095, 247.7223, 120.072, 305.0239, -3.137405, 0.3053435, 0.5801527, 208.7171, 125.4008, 338.5396, -2.007634, 1.427481, 0.6030535],
[2144, 4095, 3601, 3633, 4095, 248.4445, 119.4942, 304.6704, -4.282443, 3.618321, -0.2213741, 208.8006, 125.0778, 338.7046, -4.29771, 2.21374, 1.763359],
[2127, 4095, 3622, 3631, 4095, 248.7608, 118.9469, 304.8339, -4.519084, 2.557252, 0.2213741, 209.3616, 124.7432, 338.4991, -3.0, 2.068702, 2.152672],
[2134, 4095, 3599, 3633, 4095, 247.9724, 119.8015, 304.9799, -3.59542, 4.206107, -0.2671756, 208.3339, 125.4565, 338.808, -3.083969, 1.412214, 1.725191],
[2167, 4095, 3711, 3667, 4095, 256.9597, 106.6458, 307.3887, -8.587787, 8.511451, 3.038168, 217.6699, 124.7427, 331.6288, -8.954199, 3.992366, 4.664122],
[2182, 4095, 3741, 3683, 4095, 254.4879, 110.6528, 306.0432, -11.35115, 5.114504, 3.770992, 216.1464, 125.6508, 332.1453, -9.580153, 4.038168, 2.763359],
[2193, 4095, 3699, 3679, 4095, 254.4279, 110.7522, 306.0117, -6.969466, 3.778626, -0.5725191, 215.0792, 125.3258, 333.3398, -6.183206, 4.206107, 0.9923664],
[2187, 4095, 3659, 3685, 4095, 254.6739, 109.5942, 307.2593, -0.8625955, 0.4198473, -2.679389, 216.1381, 124.428, 333.2103, -1.282443, 2.984733, 1.519084],
[2181, 4095, 3693, 3683, 4095, 253.4121, 111.5536, 306.7089, -5.427481, 2.832061, 0.4580153, 215.8258, 123.8539, 333.9622, -2.473282, 2.274809, 2.412214],
[2187, 4095, 3685, 3711, 4095, 254.4631, 109.8631, 307.2506, -3.366412, 0.9541985, 0.1145038, 215.8935, 124.8133, 333.0859, -2.198473, -0.02290076, 0.9541985],
[2183, 4095, 3691, 3619, 4095, 254.4871, 110.318, 306.5306, -2.603053, -0.3740458, 0.8396947, 216.0832, 124.0736, 333.5605, -4.038168, 2.175573, 0.1908397],
[2185, 4095, 3695, 3659, 4095, 253.7914, 110.6599, 307.3083, -1.251908, 2.152672, 0.9465649, 216.0625, 123.907, 333.7204, -2.206107, 0.1679389, 0.961832],
[2188, 4095, 3695, 3670, 4095, 252.9871, 112.2452, 306.4931, -4.625954, 0.6564885, -1.10687, 215.9741, 124.8275, 333.0052, -1.366412, 1.389313, 0.5496183],
[2209, 4095, 3687, 3671, 4095, 254.3263, 110.2784, 306.8877, -3.824427, 2.450382, 0.9694656, 215.713, 124.6223, 333.4019, -1.564886, 0.0, 0.3358779],
[2175, 4095, 3695, 3679, 4095, 253.4193, 110.9854, 307.5029, -2.053435, 2.282443, -0.610687, 215.9582, 124.1265, 333.6197, -1.80916, 1.916031, 2.519084],
[2187, 4095, 3677, 3679, 4095, 255.4044, 109.1974, 306.4523, -3.167939, 2.229008, 0.1755725, 216.3714, 125.0348, 332.4873, -3.541985, 0.7175572, 1.969466],
[2191, 4095, 3667, 3677, 4095, 255.6567, 108.5888, 306.899, 0.1374046, 0.6259542, -1.29771, 215.3718, 125.2845, 333.1259, -1.587786, 2.564885, 0.8549618],
[2189, 4095, 3693, 3685, 4095, 258.1804, 106.3246, 305.1609, 7.328244, 3.366412, 2.076336, 216.4096, 124.4741, 332.9413, -4.839694, -0.3435115, 0.4122138],
[2192, 4095, 3698, 3655, 4095, 255.9502, 108.1263, 307.0438, -6.328244, 1.519084, -0.03816794, 215.305, 125.205, 333.2505, -2.40458, 3.129771, 1.671756],
[2192, 4095, 3671, 3679, 4095, 255.7379, 108.7093, 306.5456, -4.427481, 2.366412, -0.03053435, 216.1942, 124.4624, 333.1333, -3.167939, 1.633588, 1.580153],
[2197, 4095, 3679, 3683, 4095, 255.1611, 109.2101, 306.9096, -3.816794, 4.175572, -0.2900764, 215.3954, 124.2089, 334.0188, -3.335878, 1.885496, 2.183206],
[2210, 4095, 3695, 3665, 4095, 256.6294, 107.3448, 306.908, -4.175572, 3.946565, 0.4045802, 214.9645, 124.7818, 333.896, -2.412214, 0.6793893, 2.19084],
[2207, 4095, 3671, 3677, 4095, 256.6431, 106.8907, 307.654, -1.48855, 0.9083969, -0.3816794, 216.2058, 124.567, 333.0333, -0.740458, 0.6641222, 1.335878],
[2199, 4095, 3687, 3655, 4095, 255.7737, 108.4331, 306.9103, -4.473282, 3.770992, 0.1679389, 216.1898, 124.5614, 333.0517, -3.366412, 1.122137, 1.78626],
[2199, 4095, 3687, 3666, 4095, 256.8005, 107.42, 306.4138, -0.961832, 0.259542, -0.8625955, 215.7855, 125.0411, 332.9819, -1.908397, 0.778626, 0.9923664],
[2205, 4095, 3687, 3671, 4095, 255.8278, 107.8905, 307.6801, -3.396947, 2.114504, -0.129771, 216.4693, 124.6822, 332.7102, -2.458015, 1.305344, 1.564886],
[2185, 4095, 3694, 3663, 4095, 256.325, 107.3803, 307.4968, -2.885496, 1.335878, 0.1221374, 215.7988, 124.9381, 333.059, -1.343511, 1.152672, 1.709924],
[2199, 4095, 3697, 3615, 4095, 257.1779, 106.7777, 306.6753, -3.083969, 1.068702, 0.2977099, 216.3374, 124.8079, 332.7133, -5.015267, 1.80916, 0.6946565],
[2206, 4095, 3679, 3663, 4095, 255.9284, 108.1508, 307.0487, -3.396947, 2.343511, 0.2748091, 216.3064, 124.4542, 333.0457, -2.244275, 0.7709923, 2.206107],
[2197, 4095, 3707, 3661, 4095, 254.9836, 109.4314, 306.9145, -3.259542, 1.564886, -0.7709923, 215.8766, 124.6061, 333.2778, -1.946565, 1.633588, 1.259542],
[2199, 4095, 3691, 3667, 4095, 257.056, 106.912, 306.7146, -1.167939, 2.587786, 0.02290076, 216.2909, 124.6097, 332.9244, -1.885496, -0.07633588, 2.587786],
[2199, 4095, 3679, 3665, 4095, 256.9359, 107.0796, 306.6922, -3.938931, 1.816794, 0.8931297, 216.9713, 124.4389, 332.4954, -3.725191, 0.6793893, 1.458015],
[2211, 4095, 3655, 3667, 4095, 256.6369, 107.5252, 306.5905, -3.763359, 0.5877862, -0.4503817, 216.1222, 124.965, 332.7607, -3.045802, 2.19084, 1.519084],
[2202, 4095, 3675, 3645, 4095, 257.0057, 106.3415, 307.8251, -3.549618, 1.832061, 0.1221374, 215.9056, 124.8542, 333.0404, -2.603053, 2.160305, 0.5038168],
[2191, 4095, 3685, 3647, 4095, 256.3972, 107.583, 307.0045, -2.442748, 1.236641, -0.832061, 216.3724, 124.6599, 332.8119, -1.59542, 1.633588, 0.8396947],
[2194, 4095, 3695, 3638, 4095, 256.8324, 106.9006, 307.2251, -4.10687, 2.374046, 0.03816794, 216.1897, 125.0146, 332.6602, -3.908397, 1.48855, 1.496183],
[2219, 4095, 3675, 3639, 4095, 256.9645, 106.7848, 307.1358, -1.916031, 2.267176, 0.2824428, 215.9245, 125.013, 332.8877, -1.946565, 1.29771, 2.358779],
[2217, 4095, 3679, 3651, 4095, 255.5337, 108.6237, 307.0901, -0.4427481, 1.091603, -0.8091603, 216.4883, 124.3348, 332.9954, -0.9694656, 0.1832061, 1.320611],
[2199, 4095, 3675, 3663, 4095, 256.7254, 106.8146, 307.6074, -2.541985, 1.877863, 0.2061069, 217.2435, 124.8213, 331.9263, -1.458015, 1.244275, 1.465649],
[2202, 4095, 3687, 3651, 4095, 257.089, 106.5359, 307.2947, -4.267176, 1.992366, 0.129771, 217.1252, 124.5282, 332.286, -2.816794, 2.862595, 0.5725191],
[2195, 4095, 3663, 3655, 4095, 256.4454, 107.4291, 307.1596, -4.38168, 2.015267, 0.5267176, 216.2843, 124.7316, 332.8245, -2.549618, 1.374046, 1.083969],
[2210, 4095, 3687, 3651, 4095, 257.5616, 105.7922, 307.5602, -2.916031, 2.076336, 0.2519084, 216.3352, 124.7717, 332.7466, -2.671756, 0.8167939, 1.557252],
[2199, 4095, 3679, 3655, 4095, 256.5197, 106.8774, 307.9433, -1.427481, 2.229008, 0.1450382, 217.2689, 124.77, 331.9498, -2.923664, 1.198473, 2.244275],
[2222, 4095, 3647, 3649, 4095, 256.3518, 107.4629, 307.3013, -0.8167939, 2.801527, 0.5267176, 215.8995, 124.0523, 333.7321, -3.541985, 0.9083969, 3.641221],
[2201, 4095, 3679, 3647, 4095, 257.7314, 105.8353, 307.087, -2.580153, 0.9923664, 0.3816794, 216.5705, 124.656, 332.6469, -2.900763, 0.9389313, 0.9923664],
[2198, 4095, 3663, 3631, 4095, 256.4191, 107.5263, 307.0526, -2.396947, 2.267176, 0.7022901, 216.7115, 124.2644, 332.868, -3.229008, 0.8931297, 1.824428],
[2206, 4095, 3671, 3633, 4095, 256.9719, 107.1381, 306.5141, -2.396947, 1.908397, -0.2900764, 216.1254, 124.6793, 333.0046, -3.038168, 1.70229, 1.969466],
[2197, 4095, 3677, 3647, 4095, 257.4626, 106.3367, 306.8051, -0.4274809, 0.2824428, -1.312977, 216.5591, 124.5261, 332.7695, -0.2213741, 1.931298, 1.977099],
[2219, 4095, 3683, 3663, 4095, 257.684, 105.6865, 307.4707, 0.03053435, 1.656489, 0.6412213, 217.0781, 124.9772, 331.931, -2.068702, -0.8015267, 1.633588],
[2203, 4095, 3669, 3651, 4095, 257.751, 106.0945, 306.5732, -4.015267, 1.748092, 0.9312977, 215.8583, 125.1, 332.8693, -3.274809, 0.4427481, 0.4503817],
[2209, 4095, 3679, 3663, 4095, 257.6455, 106.16, 306.7002, -5.40458, 3.045802, 0.5725191, 216.2409, 124.9799, 332.6466, -3.816794, 1.923664, 1.648855],
[2203, 4095, 3651, 3670, 4095, 256.6694, 107.2091, 307.0511, -3.923664, 2.687023, -0.07633588, 215.7729, 125.2231, 332.8363, -3.030534, 1.572519, 1.557252],
[2183, 4095, 3613, 3647, 4095, 256.9848, 105.6412, 309.1548, -0.3969466, 5.854962, 1.450382, 216.6491, 125.2167, 332.0902, -7.969466, 3.015267, 3.381679],
[2164, 4095, 3607, 3619, 4095, 264.6088, 96.77751, 307.6623, -3.167939, 3.458015, 2.679389, 216.2174, 125.1989, 332.4767, 0.1832061, 1.862595, -0.06870229],
[2186, 4095, 3615, 3637, 4095, 262.1876, 100.4941, 305.9803, -8.496183, 4.877862, 1.847328, 214.9447, 125.4367, 333.3604, -6.0, 0.7022901, 0.5038168],
[2179, 4095, 3621, 3645, 4095, 260.9986, 101.852, 306.5546, -4.099236, 3.679389, -0.01526718, 215.6938, 124.9636, 333.1262, -2.633588, 2.137405, 2.763359],
[2171, 4095, 3601, 3635, 4095, 260.0011, 103.2164, 306.4456, -3.335878, 1.770992, 0.3206107, 215.2232, 125.2643, 333.2696, -2.076336, -0.04580153, 1.694656],
[2192, 4095, 3615, 3647, 4095, 260.3306, 102.654, 306.7283, -4.007634, 4.580153, 1.030534, 215.4408, 124.8758, 333.4155, -4.931298, 1.885496, 2.419847],
[2194, 4095, 3623, 3655, 4095, 260.1521, 102.6336, 307.2915, -3.091603, 1.312977, -1.10687, 215.4483, 126.6116, 331.9196, -4.358778, 1.282443, 1.183206],
[2171, 4095, 3623, 3647, 4095, 260.3564, 101.9151, 308.3599, 13.61832, -6.832061, -6.221374, 214.1985, 126.3714, 333.2119, 0.3969466, -0.3358779, 1.526718],
[2192, 4095, 3601, 3639, 4095, 260.1791, 103.1749, 306.0293, -4.564886, 5.778626, 1.709924, 215.1621, 126.8874, 331.9327, 0.2442748, 0.04580153, 4.480916],
[2192, 4095, 3623, 3647, 4095, 258.8989, 104.0994, 307.5712, -5.877862, 8.671756, 1.625954, 216.7103, 126.4278, 330.97, -0.4045802, 0.4198473, 6.282443],
[2183, 4095, 3607, 3643, 4095, 262.2613, 100.3242, 306.1681, -10.21374, 6.053435, 5.122138, 215.5222, 126.7815, 331.7075, -5.679389, -0.4503817, 2.015267],
[2189, 4095, 3603, 3663, 4095, 260.4139, 102.1854, 307.5511, -3.709924, 0.7328244, 0.1068702, 215.9848, 126.4823, 331.5612, -3.534351, 2.854962, 0.3053435],
[2207, 4095, 3607, 3647, 4095, 262.0621, 100.5618, 306.2467, -1.160305, 1.282443, -0.7022901, 215.3652, 125.8754, 332.6262, -1.129771, 0.8473283, 0.2290076],
[2209, 4095, 3610, 3643, 4095, 262.5482, 99.69986, 306.8417, -6.496183, 3.320611, 1.320611, 215.7682, 127.0286, 331.2747, -4.885496, 1.755725, 0.5801527],
[2197, 4095, 3621, 3655, 4095, 260.3492, 102.6698, 306.6389, -1.969466, 2.198473, 0.2290076, 216.0656, 125.9476, 331.957, -2.442748, 2.183206, 1.267176],
[2201, 4095, 3627, 3658, 4095, 259.6478, 103.093, 307.6962, 1.977099, 2.519084, 0.6870229, 216.7807, 126.0779, 331.2177, -3.633588, 0.2213741, 2.145038],
[2198, 4095, 3627, 3659, 4095, 261.1606, 101.5646, 306.7321, 3.679389, 2.885496, -0.0610687, 215.5063, 126.8237, 331.6848, 0.3129771, 0.480916, 1.78626],
[2197, 4095, 3619, 3647, 4095, 260.8062, 102.143, 306.4683, -2.366412, 0.2824428, -0.9694656, 215.7485, 127.0412, 331.2813, -1.740458, 2.343511, 2.152672],
[2209, 4095, 3626, 3647, 4095, 260.8708, 102.4224, 305.6349, -3.458015, 0.8473283, 0.8473283, 215.409, 125.5959, 332.828, -4.938931, 1.51145, 2.076336],
[2213, 4095, 3631, 3655, 4095, 260.3296, 103.237, 305.4665, -8.625955, 4.847328, 1.412214, 215.1692, 125.9579, 332.7247, -5.183206, 0.832061, 1.580153],
[2193, 4095, 3627, 3632, 4095, 262.5304, 99.87917, 306.4, -0.8931297, 1.145038, -1.206107, 216.3887, 125.7669, 331.8339, -1.236641, 1.427481, 1.450382],
[2203, 4095, 3615, 3671, 4095, 261.9731, 100.4742, 306.7911, -2.854962, 2.862595, 2.099237, 215.7296, 125.8044, 332.3726, -3.137405, -0.2442748, 2.221374],
[2209, 4095, 3641, 3663, 4095, 261.0338, 102.2544, 305.513, -2.022901, 0.1374046, 1.557252, 215.1099, 126.1167, 332.6401, -2.89313, 0.3587786, 1.114504],
[2198, 4095, 3647, 3671, 4095, 262.947, 99.35022, 306.319, -0.9847328, 3.89313, 0.2671756, 215.1616, 126.5459, 332.2272, -3.0, -0.4045802, 3.954198],
[2199, 4095, 3635, 3661, 4095, 263.2442, 98.9987, 306.1746, -3.145038, 1.412214, 0.2824428, 215.617, 126.8801, 331.5381, -3.091603, 0.7328244, 0.6183206],
[2185, 4095, 3655, 3661, 4095, 262.2596, 100.2976, 306.2455, -6.870229, 1.977099, 1.343511, 216.3449, 126.3684, 331.3445, -4.824428, 1.21374, 0.832061],
[2192, 4095, 3639, 3655, 4095, 262.2293, 100.5114, 305.7862, -4.717557, 1.984733, -0.8091603, 215.631, 126.6896, 331.6916, -3.458015, 2.328244, 1.152672],
[2190, 4095, 3615, 3667, 4095, 260.1115, 103.1276, 306.3232, -3.633588, 0.4656488, -0.2213741, 215.5424, 126.5322, 331.9059, -2.40458, 1.091603, 0.6259542],
[2189, 4095, 3631, 3678, 4095, 262.096, 100.5592, 306.1341, -4.885496, 2.755725, 0.6946565, 215.2056, 127.2365, 331.5924, -3.473282, 1.282443, 1.305344],
[2195, 4095, 3633, 3671, 4095, 261.9771, 100.7248, 306.1191, -3.839695, 1.053435, 0.2061069, 215.0982, 126.4615, 332.3551, -1.931298, 1.442748, 0.4427481],
[2220, 4095, 3645, 3661, 4095, 261.8701, 101.0695, 305.612, -4.389313, 2.366412, -0.7938931, 214.4727, 126.9336, 332.4981, -3.664122, 2.89313, 1.816794],
[2202, 4095, 3635, 3666, 4095, 261.7199, 101.2596, 305.6491, -2.709924, 2.244275, 0.05343511, 214.9872, 126.3729, 332.5275, -2.129771, 1.335878, 2.129771],
[2210, 4095, 3642, 3665, 4095, 262.7483, 99.64915, 306.2252, -1.916031, 2.122137, 0.04580153, 215.3486, 126.2858, 332.2879, -3.694656, 1.877863, 1.526718],
[2198, 4095, 3631, 3663, 4095, 263.0858, 99.17655, 306.2814, -2.480916, 1.358779, 0.7099237, 215.955, 126.1916, 331.8409, -3.145038, 0.6564885, 1.015267],
[2205, 4095, 3647, 3663, 4095, 262.2982, 100.2353, 306.2744, -3.358779, 2.343511, -0.04580153, 215.8087, 126.7077, 331.5193, -3.083969, 1.389313, 1.633588],
[2202, 4095, 3637, 3683, 4095, 262.964, 99.36915, 306.196, -1.427481, 1.694656, -0.4732824, 214.7725, 126.5564, 332.5576, -2.641221, 1.824428, 1.717557],
[2205, 4095, 3654, 3679, 4095, 262.0383, 100.5965, 306.2393, -3.854962, 1.854962, 0.9770992, 215.1421, 127.3342, 331.5641, -3.610687, 1.824428, 1.320611],
[2218, 4095, 3647, 3674, 4095, 263.4978, 98.77593, 305.7992, -2.931298, 2.450382, -0.4045802, 216.518, 125.6336, 331.8383, -2.793893, 1.083969, 1.51145],
[2192, 4095, 3643, 3667, 4095, 263.1285, 99.17554, 306.1118, -4.641222, 3.908397, 0.3206107, 215.446, 126.7869, 331.7698, -4.114504, 2.603053, 3.10687],
[2198, 4095, 3643, 3654, 4095, 261.5506, 101.3099, 306.0891, -3.030534, 0.5572519, 0.08396947, 215.8134, 126.6844, 331.5356, -1.503817, 2.183206, 0.5877862],
[2240, 4095, 3637, 3679, 4095, 263.8031, 98.30515, 305.9731, -2.664122, 2.015267, -0.6717557, 215.7777, 126.8096, 331.4578, -2.603053, 1.557252, 1.801527],
[2215, 4095, 3639, 3663, 4095, 263.1841, 99.07802, 306.18, -3.908397, 2.091603, 0.2748091, 215.1919, 126.801, 331.981, -3.48855, 1.70229, 1.435114],
[2199, 4095, 3635, 3671, 4095, 263.8394, 98.33217, 305.7216, -2.862595, 1.526718, 0.3435115, 215.1618, 126.7181, 332.0789, -2.839695, 2.267176, 1.076336],
[2202, 4095, 3639, 3669, 4095, 262.4447, 100.0099, 306.3548, -3.51145, 1.969466, 0.03816794, 214.7091, 126.5433, 332.6239, -3.038168, 2.007634, 0.9236641],
[2211, 4095, 3647, 3674, 4095, 263.7038, 98.4978, 305.7875, -2.312977, 2.007634, -0.389313, 214.9916, 126.3971, 332.5029, -1.816794, 1.427481, 1.244275],
[2218, 4095, 3633, 3671, 4095, 261.5804, 100.8781, 307.0775, -1.435114, 2.748092, -1.183206, 215.7717, 126.7189, 331.5422, -2.687023, 1.290076, 2.648855],
[2218, 4095, 3635, 3662, 4095, 262.1514, 100.8192, 305.2674, -4.847328, -3.015267, -0.3816794, 214.2796, 125.6464, 333.7498, -2.312977, 2.603053, -2.389313],
[2219, 4095, 3647, 3664, 4095, 262.0535, 100.3349, 306.8817, -3.083969, 2.740458, -0.05343511, 216.0604, 125.115, 332.6838, -3.160305, 1.427481, 1.854962],
[2211, 4095, 3711, 3631, 4095, 258.5202, 105.0246, 306.7052, -4.10687, 3.954198, 1.419847, 213.0089, 125.8932, 334.6232, -4.061069, 1.740458, 1.961832],
[2215, 4095, 3729, 3645, 4095, 257.6616, 105.439, 307.9846, -2.977099, 1.122137, -0.3816794, 213.7301, 126.51, 333.4999, -1.618321, 1.954198, 1.335878],
[2224, 4095, 3767, 3665, 4095, 257.9016, 105.807, 306.7401, -4.0, 2.40458, 0.5725191, 214.0821, 125.7586, 333.8242, -3.862595, 2.503817, 2.10687],
[2227, 4095, 3761, 3667, 4095, 257.9267, 105.6898, 306.8952, -1.641221, 2.984733, 2.351145, 214.111, 126.4766, 333.199, -2.770992, 0.1374046, 2.40458],
[2218, 4095, 3743, 3695, 4095, 257.6925, 106.4226, 306.1276, -5.473282, 3.687023, 0.6946565, 213.6827, 125.8198, 334.1127, -3.687023, 1.076336, 1.366412],
[2224, 4095, 3747, 3663, 4095, 257.9821, 105.8693, 306.4369, -3.114504, 1.015267, -0.7175572, 213.6926, 126.5984, 333.4586, -2.122137, 0.8396947, 1.312977],
[2223, 4095, 3725, 3637, 4095, 257.5842, 105.7777, 307.5346, -4.801527, 3.290076, -1.038168, 214.9909, 125.7656, 333.042, -3.29771, 2.503817, 1.40458],
[2205, 4095, 3664, 3615, 4095, 256.4779, 107.4215, 307.1033, -4.709924, 0.2366412, -1.541985, 214.0242, 126.3485, 333.3813, -2.10687, 1.908397, 1.763359],
[2219, 4095, 3707, 3651, 4095, 258.6538, 104.5022, 307.3867, -1.839695, 2.015267, -0.4580153, 214.7247, 125.8411, 333.2062, -1.496183, 1.503817, 2.396947],
[2223, 4095, 3687, 3615, 4095, 257.7366, 105.3024, 308.0668, -4.0, 1.954198, -0.2366412, 215.1944, 125.4384, 333.146, -3.083969, 1.503817, 0.7480916],
[2221, 4095, 3697, 3643, 4095, 258.547, 104.4692, 307.7204, -3.351145, 1.770992, -0.2366412, 215.464, 125.1361, 333.1739, -2.732824, 1.984733, 1.534351],
[2195, 4095, 3711, 3635, 4095, 257.228, 106.1085, 307.7458, -1.900763, 1.51145, 0.03053435, 214.4817, 125.5522, 333.6568, -2.725191, 1.312977, 1.343511],
[2218, 4095, 3679, 3639, 4095, 255.8164, 107.201, 308.8661, 3.801527, -2.045802, -1.755725, 214.5832, 125.7203, 333.4292, -1.59542, 0.6564885, 1.236641],
[2219, 4095, 3699, 3632, 4095, 258.7356, 104.6623, 306.8657, -1.206107, 1.725191, -1.389313, 214.836, 125.4565, 333.4361, -2.274809, 1.923664, 1.206107],
[2219, 4095, 3679, 3631, 4095, 257.457, 105.6141, 308.1314, -4.21374, 2.541985, 0.519084, 215.6011, 125.1956, 333.0065, -3.564885, 1.099237, 1.549618],
[2222, 4095, 3711, 3607, 4095, 259.6971, 103.3613, 306.9828, -4.603054, 2.335878, 1.038168, 214.535, 125.6363, 333.5408, -3.740458, 1.412214, 1.564886],
[2240, 4095, 3675, 3663, 4095, 258.7699, 104.2548, 307.5869, 0.2442748, 2.923664, 0.5648855, 215.1599, 126.5729, 332.2056, -3.206107, -0.3282443, 2.10687],
[2224, 4095, 3667, 3647, 4095, 259.0061, 103.7807, 307.95, -1.564886, 0.5419847, 0.5419847, 212.3933, 125.4661, 335.4831, -2.366412, 0.7251908, 2.083969],
[2205, 4095, 3703, 3651, 4095, 257.7968, 105.5215, 307.513, -3.007634, 2.564885, 0.3282443, 215.4709, 125.3808, 332.959, -4.954198, 1.458015, 2.21374],
[2222, 4095, 3694, 3637, 4095, 257.6206, 105.4378, 308.0827, -6.89313, 4.038168, 1.343511, 215.4202, 125.3416, 333.0358, -3.519084, 1.885496, 1.328244],
[2242, 4095, 3671, 3631, 4095, 258.1941, 105.0374, 307.4797, -3.290076, 2.091603, 0.09923664, 214.565, 125.6303, 333.5204, -3.030534, 1.442748, 1.671756],
[2213, 4095, 3655, 3647, 4095, 257.8547, 105.6676, 307.1059, -3.908397, 3.030534, -0.1068702, 214.873, 125.8549, 333.0673, -4.450382, 2.862595, 1.793893],
[2224, 4095, 3675, 3679, 4095, 258.8346, 104.312, 307.3069, -0.6870229, 1.419847, 0.3969466, 215.2202, 125.9092, 332.7223, -2.366412, 1.030534, 1.587786],
[2265, 4095, 3669, 3583, 4095, 259.1634, 103.9737, 307.1402, -3.015267, 2.916031, 0.351145, 213.318, 126.4659, 333.891, -4.030534, 1.648855, 2.366412],
[2224, 4095, 3687, 3615, 4095, 259.9247, 102.7556, 307.6675, -0.5496183, 0.4961832, 1.366412, 215.2126, 125.9518, 332.6924, -0.01526718, -2.549618, 1.21374],
[2229, 4095, 3678, 3643, 4095, 260.9117, 101.7011, 307.1857, -2.229008, 2.328244, -0.351145, 214.6989, 126.349, 332.798, -3.21374, 1.053435, 1.732824],
[2243, 4095, 3698, 3634, 4095, 259.1366, 103.8532, 307.4579, -4.290076, 0.6259542, -1.366412, 214.4221, 126.8761, 332.5912, -1.473282, 0.6641222, 1.305344],
[2222, 4095, 3655, 3630, 4095, 259.7444, 103.3234, 306.9328, -1.442748, 1.732824, -0.2213741, 214.7578, 126.3377, 332.7566, -4.053435, 2.458015, 1.427481],
[2224, 4095, 3703, 3619, 4095, 260.0416, 103.6724, 305.3783, -4.221374, -0.1526718, 1.496183, 214.5391, 126.9749, 332.4047, -0.870229, 0.3129771, 1.916031],
[2241, 4095, 3687, 3623, 4095, 259.0136, 104.1983, 307.0751, -2.419847, 0.8091603, -1.10687, 214.5624, 126.701, 332.6175, -2.374046, 1.450382, 1.687023],
[2203, 4095, 3667, 3599, 4095, 259.7046, 103.2939, 307.1056, -2.946565, 1.946565, 0.4961832, 214.2344, 126.6048, 332.9843, -2.480916, 0.9541985, 1.343511],
[2256, 4095, 3679, 3614, 4095, 259.4437, 103.891, 306.5662, -3.236641, 1.236641, -0.2061069, 214.667, 127.1692, 332.1264, -2.923664, 1.419847, 1.900763],
[2286, 4095, 3699, 3599, 4095, 259.2041, 104.2731, 306.4294, -2.717557, 1.053435, -0.1450382, 214.0935, 127.0804, 332.7056, -2.412214, 1.793893, 0.961832],
[2206, 4095, 3663, 3615, 4095, 260.3264, 102.3513, 307.4257, -3.961832, 2.412214, -0.3435115, 214.5912, 126.5862, 332.6901, -2.725191, 2.40458, 1.725191],
[2222, 4095, 3683, 3635, 4095, 259.777, 103.2483, 307.0033, -2.938931, 1.564886, 0.389313, 214.6948, 126.1345, 332.9836, -2.625954, 2.015267, 0.8396947],
[2226, 4095, 3651, 3632, 4095, 258.5688, 104.9726, 306.6839, -4.335878, 1.465649, -0.5267176, 215.1071, 126.0457, 332.7033, -3.839695, 2.045802, 1.496183],
[2225, 4095, 3685, 3635, 4095, 259.5489, 103.4879, 307.1195, -2.740458, 0.4503817, -0.3435115, 214.1578, 126.0364, 333.5276, -0.7328244, 1.374046, 0.5572519],
[2234, 4095, 3701, 3623, 4095, 258.9897, 103.8488, 307.8511, -2.664122, 1.641221, -0.5877862, 215.63, 126.2823, 332.0458, -1.694656, 0.9160305, 1.274809],
[2211, 4095, 3678, 3615, 4095, 259.7991, 103.0635, 307.3412, -3.358779, 2.625954, 1.091603, 215.3194, 126.1974, 332.3893, -3.022901, 0.2824428, 1.687023],
[2241, 4095, 3675, 3639, 4095, 258.6503, 104.5183, 307.3636, -5.839694, 1.305344, 0.3206107, 215.1821, 126.2216, 332.4878, -3.839695, 3.465649, 0.8625955],
[2226, 4095, 3718, 3633, 4095, 259.5383, 103.4743, 307.1772, -2.358779, 1.328244, -1.091603, 214.4933, 125.432, 333.7477, -1.450382, 2.816794, 1.175573],
[2219, 4095, 3679, 3603, 4095, 259.4011, 103.4766, 307.5434, -4.045802, 3.78626, 1.045802, 214.9535, 126.3398, 332.585, -3.770992, 1.610687, 3.358779],
[2213, 4095, 3711, 3621, 4095, 259.821, 103.2656, 306.8442, -2.267176, 0.8931297, -0.1374046, 215.3427, 125.6715, 332.8202, -3.358779, 1.038168, 1.335878],
[2252, 4095, 3687, 3646, 4095, 258.3508, 104.7628, 307.6283, -3.946565, 2.633588, -0.06870229, 214.9041, 126.3996, 332.5769, -3.167939, 1.870229, 1.946565],
[2221, 4095, 3697, 3635, 4095, 260.5409, 102.2488, 307.0261, -3.374046, 2.076336, 0.2290076, 214.7837, 126.0832, 332.9505, -2.732824, 0.832061, 1.366412],
[2233, 4095, 3703, 3568, 4095, 258.4822, 104.7578, 307.3133, -3.045802, 1.419847, -0.1603053, 214.6984, 126.2302, 332.8994, -2.328244, 2.129771, 1.664122],
[2234, 4095, 3679, 3635, 4095, 260.1669, 102.7461, 306.9977, -2.694656, 0.6793893, -0.06870229, 214.8881, 126.1205, 332.8286, -1.10687, 1.442748, 1.015267],
[2247, 4095, 3695, 3623, 4095, 258.957, 104.0005, 307.6233, -3.374046, 1.381679, -0.02290076, 214.9312, 126.0315, 332.8671, -1.916031, 1.160305, 1.519084],
[2213, 4095, 3825, 3743, 4095, 253.0084, 112.2666, 306.4272, 1.885496, -2.129771, -1.458015, 212.6814, 124.6926, 335.8608, -1.091603, 1.007634, -0.4885496],
[2181, 4095, 3711, 3727, 4095, 254.8217, 110.3134, 305.9092, -1.19084, 0.2290076, -1.160305, 214.5022, 124.7472, 334.3117, -10.35115, 1.534351, 2.961832],
[2202, 4095, 3697, 3761, 4095, 253.4205, 111.5574, 306.6889, -5.946565, 1.549618, -1.114504, 212.4266, 124.5647, 336.17, -1.0, 1.816794, 1.587786],
[2205, 4095, 3751, 3742, 4095, 255.9407, 108.7909, 306.0079, -0.1374046, -0.09923664, -1.206107, 212.5971, 124.1229, 336.3801, -1.847328, -0.1755725, -0.2213741],
[2194, 4095, 3723, 3747, 4095, 253.4236, 111.9102, 306.1944, -0.4198473, -0.0610687, -0.2137404, 212.5008, 124.478, 336.1781, -0.007633588, -0.03816794, -0.5877862],
[2223, 4095, 3711, 3739, 4095, 253.1873, 111.63, 306.9958, 0.1374046, 3.755725, 0.3664122, 213.4984, 124.6072, 335.2587, -3.412214, 2.374046, 0.3740458],
[2225, 4095, 3711, 3743, 4095, 253.2696, 111.5903, 306.9076, -1.923664, 1.763359, -0.7251908, 213.0074, 124.3922, 335.834, -2.389313, 2.022901, 0.9541985],
[2219, 4095, 3711, 3743, 4095, 255.4711, 109.4588, 305.9234, -5.152672, 1.740458, 0.740458, 212.4438, 124.3126, 336.3545, -2.206107, 1.847328, 1.48855],
[2236, 4095, 3709, 3731, 4095, 254.216, 111.1318, 305.8617, -1.183206, -1.076336, -0.3206107, 212.6495, 124.4953, 336.0434, -0.8625955, -0.08396947, 0.3053435],
[2215, 4095, 3699, 3731, 4095, 255.1413, 109.5171, 306.4792, -2.343511, 1.755725, 1.671756, 212.7508, 124.5403, 335.9252, -2.870229, -0.1832061, 1.969466],
[2224, 4095, 3699, 3742, 4095, 254.4504, 110.4369, 306.4251, 4.633588, -4.290076, -2.480916, 212.5948, 124.2693, 336.2666, -1.015267, 0.4274809, 0.8625955],
[2224, 4095, 3707, 3743, 4095, 256.0696, 108.0452, 306.9292, -2.458015, 2.59542, -1.229008, 213.9199, 124.6414, 334.8829, -3.030534, 3.839695, 1.679389],
[2227, 4095, 3719, 3755, 4095, 255.4251, 109.2802, 306.2849, -4.076336, 1.603053, -0.05343511, 213.5006, 123.6965, 335.9915, -1.954198, 0.8778625, 1.427481],
[2224, 4095, 3699, 3725, 4095, 256.0167, 108.177, 306.8251, -1.992366, 2.038168, -0.2900764, 213.1967, 124.5684, 335.5379, -3.122137, -0.1984733, 1.664122],
[2175, 4095, 3722, 3757, 4095, 255.7636, 108.1713, 307.3519, -2.198473, 0.778626, -0.0610687, 214.6037, 124.2928, 334.6049, -2.091603, 0.740458, 0.8396947],
[2192, 4095, 3715, 3751, 4095, 255.4479, 108.8382, 306.9234, -4.564886, 2.251908, -0.4961832, 213.6566, 123.8142, 335.7709, -3.526718, 2.480916, 1.900763],
[2223, 4095, 3701, 3759, 4095, 256.4122, 107.5589, 307.0128, -4.709924, 3.740458, 1.076336, 213.6509, 124.0618, 335.5755, -4.007634, 1.78626, 2.992366],
[2230, 4095, 3723, 3747, 4095, 256.7927, 107.4404, 306.3966, -3.938931, 3.709924, 1.732824, 214.0388, 124.4673, 334.9274, -3.541985, 0.832061, 2.931298],
[2221, 4095, 3696, 3751, 4095, 257.1312, 107.4427, 305.6557, -6.969466, 5.282443, 2.755725, 213.7927, 124.5521, 335.061, -3.320611, 1.351145, 0.740458],
[2223, 4095, 3717, 3739, 4095, 255.6041, 108.7133, 306.808, -5.015267, 3.969466, 0.6030535, 213.0539, 124.222, 335.9321, -3.89313, 1.923664, 1.78626],
[2225, 4095, 3743, 3759, 4095, 256.8132, 107.8219, 305.7257, -4.183206, 1.473282, -0.3053435, 214.2111, 124.3711, 334.8643, -2.259542, 1.206107, 1.374046],
[2238, 4095, 3718, 3735, 4095, 254.9139, 109.8296, 306.4471, -1.877863, 2.198473, -0.129771, 213.645, 124.4716, 335.2482, -3.59542, 2.335878, 1.687023],
[2225, 4095, 3711, 3775, 4095, 255.9032, 108.327, 306.8164, -2.526718, 3.862595, -0.09160305, 214.2698, 124.6328, 334.6, -5.61832, 1.328244, 2.442748],
[2235, 4095, 3703, 3743, 4095, 255.9321, 108.5328, 306.4301, -1.534351, -0.03816794, 0.1145038, 214.6748, 124.1725, 334.6461, -0.6412213, 0.610687, -0.01526718],
[2239, 4095, 3727, 3743, 4095, 256.1725, 108.7086, 305.6627, -4.38168, 2.900763, 0.3969466, 213.5995, 124.0675, 335.6127, -3.587786, 2.091603, 2.183206],
[2250, 4095, 3703, 3783, 4095, 255.5984, 109.1152, 306.1946, -4.419847, 2.465649, -0.4198473, 214.4191, 124.0483, 334.9591, -3.320611, 1.526718, 1.603053],
[2207, 4095, 3707, 3763, 4095, 256.6902, 107.2798, 306.8868, -2.022901, -0.2137404, 1.229008, 213.923, 123.9469, 335.4473, -1.458015, -0.3816794, 0.0610687],
[2215, 4095, 3635, 3719, 4095, 256.2939, 108.4711, 305.7838, -4.007634, 3.603053, 0.8015267, 213.6167, 124.5567, 335.2023, -3.946565, 0.5419847, 2.335878],
[2230, 4095, 3727, 3735, 4095, 258.3486, 105.9114, 305.4878, -2.076336, -0.6564885, -0.8167939, 213.8041, 124.0606, 335.4517, -1.59542, 1.419847, 0.519084],
[2229, 4095, 3706, 3739, 4095, 255.6388, 108.9165, 306.4208, -4.557252, 2.167939, -0.6259542, 213.1827, 124.149, 335.8858, -4.221374, 2.816794, 1.847328],
[2224, 4095, 3728, 3743, 4095, 255.2742, 108.7129, 307.4646, 0.03053435, 0.7862596, -0.2213741, 213.8994, 124.0126, 335.4131, -1.335878, 0.2213741, 1.007634],
[2233, 4095, 3711, 3739, 4095, 255.4847, 109.4036, 305.9801, -5.610687, 3.351145, 0.389313, 214.3051, 124.0758, 335.0299, -3.954198, 2.610687, 1.931298],
[2213, 4095, 3711, 3735, 4095, 256.6979, 108.0145, 305.6613, -2.038168, 1.40458, 0.1603053, 214.2414, 123.7232, 335.371, -3.251908, 1.381679, 1.694656],
[2235, 4095, 3717, 3723, 4095, 255.6713, 108.73, 306.6469, -5.664122, 2.977099, 1.396947, 213.5433, 124.63, 335.2032, -2.114504, 1.076336, 0.7328244],
[2218, 4095, 3711, 3743, 4095, 255.4056, 109.4436, 306.0749, -1.221374, 3.679389, -0.5648855, 213.6571, 124.0164, 335.6071, -2.679389, 1.687023, 0.9312977],
[2218, 4095, 3728, 3735, 4095, 257.2727, 107.2402, 305.6796, -3.244275, 1.419847, -0.1374046, 213.912, 124.5414, 334.9713, -0.3816794, 0.9083969, 2.961832],
[2235, 4095, 3711, 3751, 4095, 256.2403, 108.0625, 306.5472, -3.70229, 0.2977099, 0.8931297, 214.1833, 124.815, 334.5214, -3.78626, 2.312977, 1.679389],
[2233, 4095, 3719, 3715, 4095, 255.4834, 108.7956, 306.9194, 8.465649, 4.435114, 0.2748091, 213.5479, 124.3275, 335.4446, -4.229008, 0.4351145, 0.1755725],
[2229, 4095, 3711, 3775, 4095, 257.4219, 106.5418, 306.5371, -5.10687, 0.1984733, 0.1679389, 213.481, 124.3006, 335.521, -1.656489, 0.2137404, 0.4198473],
[2202, 4095, 3819, 3754, 4095, 256.9217, 107.2445, 306.4446, -3.580153, 2.29771, 0.7480916, 213.6909, 124.2267, 335.4093, -3.847328, 0.9465649, 0.4732824],
[2231, 4095, 3727, 3763, 4095, 257.1952, 107.1155, 306.0606, -2.389313, 1.0, -0.832061, 213.3847, 123.5959, 336.1652, -3.610687, 1.778626, 0.8473283],
[2224, 4095, 3723, 3747, 4095, 257.9343, 106.4051, 305.5983, -1.145038, 6.167939, 0.7328244, 213.7425, 124.0947, 335.4742, -3.328244, 1.916031, 4.519084],
[2221, 4095, 3725, 3735, 4095, 257.1073, 107.5314, 305.5623, -3.061069, 3.221374, 1.183206, 215.6688, 123.4666, 334.4197, -2.946565, -0.1526718, 2.519084],
[2223, 4095, 3727, 3731, 4095, 255.6942, 108.4417, 307.0575, -1.435114, 0.5801527, -0.129771, 214.6901, 124.0728, 334.7162, -5.290076, 1.099237, -0.02290076],
[2213, 4095, 3727, 3728, 4095, 256.4384, 108.0262, 306.1914, -3.801527, 3.633588, 0.4427481, 214.5088, 123.689, 335.1817, -4.61832, 1.381679, 1.435114],
[2218, 4095, 3726, 3733, 4095, 258.6974, 104.8026, 306.6895, -4.007634, 0.6564885, -2.083969, 214.9562, 123.288, 335.1496, -2.351145, 1.587786, 1.0],
[2224, 4095, 3723, 3735, 4095, 257.0327, 107.0233, 306.5757, -2.068702, 2.870229, -0.8854962, 215.0319, 123.1735, 335.1833, -1.068702, 2.160305, 1.984733],
[2251, 4095, 3727, 3739, 4095, 255.7997, 107.415, 308.5342, -2.709924, -2.778626, 0.05343511, 214.4232, 123.1941, 335.6566, -4.458015, 0.5038168, -0.8091603],