[1608, 2215, 2320, 2288, 2275, 287.7047, 84.17403, 342.5225, -15.8626, 53.84733, -55.0, 240.333, 114.8615, 320.6153, -10.9313, -43.68702, 98.14504],
[1602, 2286, 2339, 2318, 2239, 21.20273, 65.03797, 10.1526, -7.610687, 31.62596, -22.43511, 237.7272, 136.5322, 300.6924, -35.38931, -38.94656, 100.0229],
[1589, 2203, 2317, 2256, 2270, 22.41201, 72.15666, 7.466042, -59.64885, -59.9771, 39.23664, 241.8379, 121.9332, 310.415, 5.08397, 69.93894, -139.0076],
[1666, 2257, 2369, 2305, 2249, 253.2586, 98.33941, 333.6177, 19.31298, 92.15267, -48.45802, 243.1975, 109.3218, 324.9601, -14.47328, -69.73283, 104.916],
[1619, 2239, 2337, 2321, 2256, 358.0236, 35.84351, 357.2984, 35.77099, 27.94657, -5.755725, 233.762, 136.5983, 304.5089, -33.17557, -46.26718, 82.03817],
[1664, 2229, 2342, 2285, 2270, 305.5458, 76.4589, 341.464, -50.64886, -55.75572, 65.32825, 242.9483, 124.9879, 305.8776, 7.694656, 49.81679, -133.7099],
[1655, 2271, 2362, 2278, 2305, 264.3229, 92.47169, 335.4742, 21.85496, 53.87023, -26.17557, 240.7009, 113.0027, 322.6299, -31.00763, -31.18321, 36.55725],
[1638, 2297, 2343, 2303, 2236, 356.2643, 67.08013, 358.3879, 14.39695, 76.35114, -59.24428, 243.7531, 125.96, 303.9676, -57.62596, -55.60306, 146.4046],
[1642, 2236, 2334, 2288, 2241, 351.4559, 64.72869, 355.9251, -43.87786, -30.43511, 46.22901, 234.3255, 146.7986, 294.9673, 22.73283, 49.76336, -106.7863],
[1635, 2268, 2361, 2294, 2269, 277.1933, 86.98215, 338.0358, 16.72519, -3.351145, -15.93893, 241.4674, 120.0126, 313.0153, -13.35114, 8.816793, 22.93893],
[1637, 2287, 2366, 2287, 2271, 341.8509, 64.77643, 351.224, 38.09924, 65.32061, -40.83206, 240.6345, 133.1523, 300.7549, -26.66412, -47.70229, 98.82442],
[1680, 2277, 2318, 2309, 2275, -0.06281505, 47.8874, -0.06562929, -27.38168, -36.50382, 40.08397, 238.7108, 141.045, 295.967, 24.62595, 34.79389, -85.36641],
[1634, 2287, 2368, 2320, 2299, 276.7136, 87.18833, 338.1152, -1.251908, -2.824427, -19.57252, 240.5897, 119.4526, 314.7002, 8.305344, 4.167939, 2.610687],
[1654, 2303, 2379, 2311, 2235, 349.9137, 58.61062, 353.8021, 24.25954, 43.87786, -28.19084, 239.5, 134.6637, 300.5804, -32.55725, -42.84733, 83.90077],
[1669, 2305, 2353, 2263, 2273, 311.6659, 73.26153, 341.3969, -17.64122, -57.51909, 48.74809, 245.2061, 118.5315, 310.0931, -9.053435, 59.53435, -131.2519],
[1611, 2307, 2419, 2374, 2254, 290.8604, 82.985, 342.3045, 17.24427, 75.23664, -43.32824, 238.5375, 115.3146, 322.044, -17.12977, -41.98473, 101.9542],
[1635, 2299, 2417, 2302, 2250, 6.348814, 52.8437, 4.782646, 14.43511, 17.33588, -15.09924, 238.1035, 138.3603, 298.7491, -26.23664, -44.65649, 69.80916],
[1643, 2327, 2359, 2309, 2266, 323.7121, 76.99829, 350.3997, -65.31298, -71.85497, 51.76336, 239.3233, 127.4503, 307.5249, -31.27481, 67.70229, -151.8626],
[1655, 2273, 2337, 2317, 2256, 284.96, 85.44051, 343.6862, 24.30534, 77.64886, -34.03053, 244.3298, 113.8342, 317.1394, -21.39695, -37.22901, 88.32061],
[1642, 2281, 2339, 2291, 2256, 16.66473, 49.94261, 14.07248, 7.374046, -6.114504, 4.19084, 234.3615, 134.6704, 305.731, -0.4274809, -11.18321, 11.19084],
[1642, 2301, 2381, 2330, 2299, 274.3794, 87.81775, 334.7338, -37.79389, -86.12214, 27.74809, 244.2171, 113.9696, 317.1016, 32.0, 59.98474, -89.03817],
[1680, 2224, 2387, 2327, 2239, 325.7208, 76.12817, 350.4633, 16.89313, 75.33588, -62.03817, 243.8153, 129.2265, 300.8382, 3.21374, -38.35115, 113.5343],
[1637, 2299, 2368, 2352, 2287, 18.13598, 55.8186, 12.47514, -27.42748, -10.29008, 25.32061, 237.3431, 149.8737, 290.2182, 5.580153, 22.26718, -45.9771],
[1670, 2292, 2353, 2343, 2307, 265.5565, 91.34517, 341.8542, -34.09924, -96.03053, 33.77863, 240.2546, 116.9517, 318.0834, 13.80916, 66.40458, -91.17558],
[1648, 2288, 2365, 2303, 2303, 285.1297, 86.03523, 345.9185, 32.74809, 70.21374, -40.67939, 242.8892, 116.7895, 315.1365, 5.59542, -41.28244, 96.03053],
[1660, 2319, 2383, 2361, 2289, 351.0044, 53.62872, 353.3542, 26.96947, 30.75573, 7.992366, 239.755, 145.4859, 291.6602, -28.70229, -32.77863, 44.86259],
[1641, 2288, 2367, 2327, 2278, 336.719, 74.04504, 352.9832, -46.89313, -35.87786, 6.78626, 239.8843, 139.5449, 296.1161, 12.30534, 47.83969, -80.82442],
[1673, 2274, 2371, 2348, 2303, 291.8888, 84.84969, 347.5355, -5.08397, -15.54962, 1.664122, 243.6887, 116.4893, 314.5127, 12.66412, 12.9542, -33.58779],
[1676, 2352, 2411, 2351, 2263, 350.6062, 73.46679, 357.1588, 14.62595, 82.03053, -46.45802, 244.6328, 121.0744, 307.9438, -12.0458, -53.67939, 123.9313],
[1669, 2314, 2385, 2329, 2283, 348.5042, 53.89987, 351.5741, -0.7099237, -7.870229, 19.64122, 239.2543, 157.4246, 283.7292, -18.40458, 0.3969466, -8.21374],
[1663, 2295, 2402, 2347, 2305, 337.0997, 75.56117, 353.7853, -23.12214, -33.8397, 4.656488, 245.4401, 125.4624, 302.4472, 9.656488, 66.64886, -113.1985],
[1641, 2320, 2381, 2320, 2279, 325.3472, 78.50938, 352.0163, 9.610687, 14.9771, -9.061069, 243.7289, 118.3505, 312.1933, -19.30534, -19.47328, 47.35878],
[1668, 2330, 2402, 2414, 2299, 9.568652, 74.76629, 2.547056, 7.412214, 38.51908, -24.41985, 244.7413, 132.5802, 296.9655, -26.9084, -35.15267, 123.6412],
[1679, 2279, 2415, 2359, 2311, 346.6427, 66.72769, 354.1572, 3.473282, -16.00763, 11.75573, 241.0822, 155.0047, 284.2801, 10.74809, 29.80153, -57.68703],
[1658, 2335, 2375, 2323, 2293, 313.1327, 82.74225, 352.3022, 9.282443, -64.45802, 26.60306, 243.5994, 118.8035, 311.8202, 53.13741, 57.35878, -104.5802],
[1668, 2339, 2379, 2334, 2288, 311.9682, 82.54157, 351.7666, 16.63359, 21.21374, -29.91603, 245.0847, 114.1995, 315.6721, -20.65649, -25.11451, 77.06107],
[1693, 2337, 2411, 2295, 2292, 18.19552, 77.08661, 4.211996, 42.48855, 13.00763, -5.748092, 242.031, 141.3192, 292.8389, -24.03817, -35.61069, 79.60305],
[1648, 2331, 2384, 2383, 2303, 13.35316, 75.26452, 3.484514, -19.75573, -5.938931, 24.16031, 241.1217, 146.0458, 290.1906, 4.030534, 19.92366, -57.98473],
[1657, 2311, 2368, 2355, 2288, 248.8145, 93.60348, 350.4577, -49.64122, -84.76336, 31.51145, 244.7837, 122.3671, 306.3651, 14.53435, 64.38168, -106.8397],
[1654, 2333, 2381, 2365, 2320, 304.9744, 83.41928, 350.7133, -13.52672, 31.96183, -38.37405, 243.0691, 116.5201, 315.249, -3.923664, -26.66412, 74.54198],
[1680, 2341, 2419, 2321, 2288, 317.2287, 77.55432, 348.5013, 18.25191, 27.9771, -11.64122, 242.2886, 140.246, 293.4062, -27.0, -32.42748, 73.03817],
[1673, 2314, 2385, 2338, 2325, 347.032, 76.79808, 356.8797, -8.114504, -1.450382, 18.77863, 242.0857, 143.898, 290.9383, 13.00763, 22.9771, -66.8168],
[1659, 2363, 2423, 2352, 2288, 288.9836, 84.67661, 345.0674, 6.152672, -46.41984, 18.0458, 247.4488, 119.1854, 306.3695, 0.6717557, 41.70229, -81.7023],
[1655, 2367, 2387, 2297, 2285, 262.6157, 91.22421, 349.8396, 1.236641, 50.64122, -21.69466, 244.7829, 118.4588, 310.7251, -10.01527, -37.61069, 68.00764],
[1687, 2351, 2405, 2355, 2311, 0.6467982, 64.42807, 0.2605499, 7.030534, 24.0687, -3.061069, 239.6206, 142.8303, 293.7694, -34.40458, -30.08397, 67.19084],
[1680, 2359, 2413, 2331, 2295, 335.9298, 76.25913, 353.7602, -22.87786, -25.59542, 22.17557, 238.0393, 145.7632, 292.8151, 23.20611, 28.94657, -64.51908],
[1648, 2319, 2443, 2374, 2301, 267.334, 90.31556, 351.1721, -0.5648855, -38.72519, 17.44275, 241.6047, 120.6865, 312.0828, 6.030534, 44.51145, -55.27481],
[1665, 2363, 2431, 2347, 2299, 313.1071, 82.91107, 352.475, 10.48092, 28.10687, -4.824428, 242.0293, 123.6791, 308.3102, -6.038168, -38.25954, 70.42748],
[1616, 1860, 1943, 1919, 1710, 303.834, 81.99196, 348.2349, 11.33588, 45.03817, -9.083969, 240.415, 145.1757, 291.3642, -11.99237, -23.33588, 25.23664],
[1593, 1919, 1984, 1970, 1802, 272.3632, 88.2158, 325.0221, -19.45038, -57.83206, 79.07633, 249.3997, 120.3339, 302.4601, 28.43511, 43.96183, -158.7481],
[1600, 2001, 1987, 2074, 1858, 266.0972, 91.53644, 337.0258, 30.14504, 74.34351, -95.05343, 246.4784, 112.6376, 315.9409, -19.57252, -16.72519, 124.0763],
[1613, 2010, 2025, 2091, 1935, 15.8562, 59.36838, 9.480003, 11.70992, 51.28244, -43.19848, 240.9585, 143.093, 292.4456, -18.54198, -38.83206, 103.5954],
[1610, 2047, 2080, 2080, 1931, 16.02334, 70.28234, 5.792618, -20.36641, -16.70992, 72.42748, 246.228, 136.4983, 292.4876, -3.320611, 34.85496, -126.9771],
[1593, 2065, 2105, 2082, 1954, 270.4217, 89.76768, 343.2604, -13.53435, 5.290076, 10.45038, 244.8353, 115.7721, 313.9489, -4.572519, 11.35115, 6.183206],
[1609, 1815, 1974, 2018, 1831, 336.5443, 75.66954, 353.6686, -7.801527, 59.28245, -78.73283, 244.9156, 128.2708, 300.4559, -21.41985, -31.70992, 143.3359],
[1394, 1730, 2016, 2091, 1839, 22.69903, 67.74831, 9.621809, -3.030534, 11.54199, 15.55725, 240.1014, 162.7443, 279.978, 7.183206, 0.8091603, -35.53435],
[1469, 1885, 2054, 2101, 1893, 353.7481, 74.52464, 358.2261, -35.17557, -57.51145, 29.90076, 252.1983, 116.1025, 302.9604, 22.51908, 53.00764, -126.5496],
[1495, 2002, 2128, 2123, 1939, 302.2843, 83.77264, 350.2931, -7.839694, 47.40458, -34.35115, 248.105, 115.0817, 310.3725, -40.09161, -26.71756, 94.35115],
[1570, 2156, 2203, 2167, 2114, 353.948, 63.80828, 356.9933, 40.01527, 36.0687, -4.312977, 241.5157, 144.4797, 290.9864, -26.85496, -34.8855, 79.9542],
[1524, 2105, 2205, 2165, 2063, 350.5099, 72.15505, 356.8919, -22.78626, 5.320611, 26.77099, 244.9535, 144.4164, 288.3088, 3.870229, 13.72519, -90.75572],
[1545, 2151, 2245, 2206, 2096, 269.2487, 90.02063, 351.1353, -15.46565, -76.69466, 35.38168, 245.2224, 118.2734, 310.3756, -0.5343512, 47.87023, -83.37405],
[1585, 2158, 2238, 2205, 2111, 326.1039, 82.329, 354.8347, 4.274809, 66.51145, -42.41985, 246.0299, 121.9921, 305.1924, -19.74809, -38.22138, 111.1832],
[1551, 2335, 2245, 2224, 2081, 2.136845, 61.46954, 1.116094, 8.770992, 0.0, 2.610687, 241.108, 163.9347, 278.8863, -20.03053, -10.79389, 31.0916],
[1575, 2159, 2256, 2207, 2093, 333.7675, 69.33611, 349.4833, 0.2290076, -19.05343, 20.98473, 244.0462, 129.7317, 300.1312, -4.526718, 57.31298, -126.2214],
[1599, 2167, 2277, 2224, 2103, 288.7352, 85.9171, 348.336, 18.41985, -12.74809, 12.19847, 247.5096, 116.0768, 309.9571, -2.061069, 2.564885, -0.9923664],
[1566, 2143, 2275, 2240, 2093, 6.920953, 76.17378, 1.631484, 1.763359, 55.68702, -24.72519, 242.7043, 135.6756, 296.5418, -20.30535, -34.73283, 100.5343],
[1586, 2173, 2234, 2223, 2160, 355.2631, 64.70735, 357.7323, -20.78626, 3.519084, 6.061069, 239.6504, 170.1818, 275.6511, -8.106871, 5.076336, -12.9313],
[1606, 2189, 2255, 2203, 2133, 7.749284, 68.61753, 2.981324, -1.183206, -91.17558, 33.00763, 252.3364, 113.872, 305.4432, 56.9084, 56.55725, -135.2977],
[1574, 2221, 2303, 2194, 2128, 317.8629, 82.87124, 353.5713, 5.679389, 53.85496, -22.52672, 247.5045, 112.9205, 314.1163, -25.8855, -33.56488, 75.65649],
[1566, 2179, 2255, 2238, 2130, 353.1225, 67.81119, 357.1576, -4.229008, 60.53435, -12.46565, 245.331, 138.1079, 292.196, -16.87786, -44.45802, 104.145],
[1585, 2189, 2253, 2243, 2130, 2.922402, 59.3976, 1.686088, -12.1374, 1.053435, 2.625954, 239.0375, 172.7463, 274.2357, 0.0, 18.76336, -36.78626],
[1604, 2239, 2271, 2214, 2128, 351.7212, 71.90495, 357.2484, 10.50382, -69.771, 59.82443, 248.621, 114.9986, 309.7352, 25.09924, 40.0458, -131.8702],
[1610, 2219, 2289, 2255, 2141, 285.6543, 86.58791, 348.2675, 11.25954, 55.07634, -32.92367, 243.8904, 114.9399, 316.2349, -20.45038, -21.31298, 79.27481],
[1597, 2234, 2241, 2266, 2159, 344.6584, 66.01506, 353.0344, 4.91603, 56.48092, -24.75573, 235.3719, 140.8989, 299.0957, 14.01527, -34.16794, 81.6336],
[1629, 2010, 2313, 2246, 2179, 11.30799, 51.93119, 8.854735, -5.740458, 0.9923664, -0.2061069, 239.7997, 174.861, 272.8706, -15.32824, -7.984733, 1.763359],
[1611, 2224, 2290, 2267, 2171, 329.6761, 75.98258, 351.7007, -55.43512, -72.03817, 33.79389, 251.2726, 127.157, 293.8785, 30.09924, 48.44275, -123.145],
[1615, 2209, 2288, 2271, 2181, 269.4431, 90.0463, 344.8423, -0.8396947, 14.34351, -14.90076, 246.8207, 116.5037, 310.3802, -12.06107, -3.091603, 28.45802],
[1621, 2225, 2305, 2256, 2157, 326.7609, 77.76096, 351.9215, -1.557252, 55.79389, -45.67176, 245.4249, 130.0096, 298.3621, -21.67176, -20.61832, 107.2824],
[1641, 2210, 2265, 2271, 2131, 13.44194, 50.757, 10.99769, -2.877863, 12.9313, -8.763359, 237.4949, 166.4882, 278.5583, -12.0229, -8.541985, 16.36641],
[1648, 2199, 2287, 2265, 2160, 348.5914, 63.8126, 354.3221, -13.12977, -39.08397, 20.99237, 242.9914, 132.2033, 299.1226, 27.24427, 37.8397, -106.2901],
[1609, 2263, 2301, 2285, 2178, 269.5925, 90.03008, 341.0918, -1.648855, -4.564886, 2.198473, 247.379, 115.5698, 310.7764, 0.8549618, 6.465649, -12.73282],
[1634, 2256, 2282, 2303, 2202, 335.4777, 75.46084, 353.2489, 6.633588, 38.48092, -32.35115, 242.7851, 134.0213, 297.8074, -19.19084, -22.18321, 95.12214],
[1637, 2256, 2318, 2291, 2178, 351.6118, 68.07199, 356.5792, 16.68702, 13.99237, -5.549618, 242.5775, 164.9412, 277.8085, -5.732824, -18.20611, 53.29771],
[1627, 2235, 2288, 2285, 2175, 10.43611, 59.62054, 6.104494, -24.38168, -2.122137, 18.52672, 235.8079, 155.1291, 287.3062, -6.832061, 32.82443, -76.0458],
[1637, 2271, 2335, 2267, 2209, 284.3979, 83.52244, 336.4631, 5.022901, -96.1145, 49.81679, 242.4244, 113.0848, 320.5129, 0.3053435, 62.64122, -141.5038],
[1648, 2247, 2291, 2267, 2192, 271.8666, 89.35947, 343.9342, -3.725191, 66.03817, -40.71756, 248.6146, 109.8333, 317.0491, -31.73282, -24.33588, 84.91603],
[1616, 2273, 2277, 2293, 2197, 356.66, 67.74105, 358.5993, 20.0687, 44.19084, -22.71756, 242.0036, 139.4445, 294.2649, -12.67176, -22.86259, 107.9084],
[1610, 2277, 2323, 2279, 2182, 3.899943, 52.8613, 2.924028, -12.55725, -5.061069, 7.564886, 238.9009, 171.9621, 274.7359, 7.740458, 10.67939, -33.70992],
[1663, 2310, 2311, 2277, 2160, 349.4747, 70.57775, 356.2284, -58.90077, -66.87023, 42.19848, 236.3044, 124.5223, 313.8739, 21.26718, 25.8855, -124.9466],
[1654, 2307, 2301, 2244, 2210, 279.2948, 87.65887, 346.4985, -4.748092, 49.75573, -40.30534, 245.6533, 113.5682, 315.7704, -18.70992, -14.77099, 68.30534],
[1642, 2353, 2329, 2277, 2178, 346.6894, 70.16345, 355.1043, 14.19084, 50.8168, -26.59542, 243.0696, 132.8432, 298.4975, -42.20611, -33.36641, 103.1298],
[1638, 2315, 2319, 2283, 2223, 12.99177, 59.80554, 7.583448, -2.40458, -7.80916, 1.412214, 238.8632, 173.8361, 273.6033, -21.22138, -9.267176, 30.34351],
[1664, 2277, 2287, 2258, 2242, 334.072, 73.48439, 351.7999, -28.85496, -22.65649, 30.40458, 244.9524, 144.9602, 287.9671, 7.78626, 44.03817, -130.5954],
[1657, 2277, 2192, 2309, 2192, 298.5006, 86.025, 352.8167, -46.12978, -75.35114, 16.43511, 240.8801, 110.3699, 326.0498, 10.36641, 56.77099, -89.62596],
[1646, 2311, 2327, 2311, 2217, 326.6201, 77.70725, 351.8427, 24.83206, 71.39695, -32.07634, 246.8425, 115.9014, 311.1008, -35.84733, -44.72519, 117.4886],
[1650, 2288, 2333, 2324, 2195, 312.1851, 75.26931, 343.8859, 26.0916, -13.70229, 15.01527, 246.0944, 163.5889, 277.3044, -33.32061, -24.8855, 78.32061],
[1504, 2182, 2231, 2096, 2044, 30.10145, 64.75188, 15.19524, 28.45802, 26.85496, 1.839695, 239.1884, 154.6487, 285.6107, -29.47328, -43.87786, 70.55725],
[1535, 2205, 2269, 2079, 2064, 6.775473, 57.23762, 4.325372, -15.09924, -5.473282, 24.68702, 238.086, 148.5764, 290.6476, 11.67176, 30.60305, -88.96947],
[1503, 2192, 2253, 2111, 2089, 305.9282, 84.31415, 352.2468, -61.62595, -82.30535, 41.9313, 240.7617, 116.8998, 317.5575, 24.50382, 32.66412, -111.7176],
[1535, 2207, 2267, 2131, 2085, 322.7582, 82.84573, 354.5625, 7.328244, 55.78626, -39.87786, 243.3287, 115.372, 316.3813, -13.58779, -37.86259, 95.93894],
[1542, 2215, 2257, 2107, 2069, 0.6791894, 68.64858, 0.2085957, 18.96183, 27.55725, -12.58015, 241.8928, 145.5249, 289.9575, -29.25191, -28.83206, 86.25955],
[1552, 2240, 2267, 2130, 2099, 11.69584, 58.31003, 7.225096, -8.709924, -2.656489, 18.66412, 238.9055, 154.4665, 285.9028, 21.93893, 25.8855, -68.27481],
[1541, 2235, 2251, 2121, 2099, 303.8124, 79.98792, 345.3265, -34.93893, -103.9084, 50.32825, 245.0191, 113.5776, 316.595, 12.51145, 43.51145, -123.8321],
[1471, 2242, 2267, 2123, 2100, 277.5459, 88.44417, 349.0636, -21.79389, 66.0458, -43.10687, 244.603, 111.2579, 320.3872, -30.41221, -27.01527, 83.87786],
[1542, 2213, 2310, 2128, 2122, 351.6845, 69.05777, 356.7732, 13.26718, 18.66412, -10.38168, 242.422, 138.7791, 294.3886, -35.80153, -33.49618, 95.38932],
[1565, 2224, 2308, 2146, 2101, 357.2939, 67.58482, 358.8498, -9.351145, 3.992366, -2.793893, 236.4989, 164.0798, 280.5374, 19.9771, 11.22901, -30.59542],
[1516, 2174, 2263, 2115, 2131, 303.8287, 80.85929, 346.5904, -52.71756, -75.49619, 20.28244, 249.8907, 119.6733, 302.4659, 16.96947, 49.67176, -105.687],
[1541, 2231, 2305, 2158, 2112, 275.4941, 88.46675, 345.3856, 14.91603, 29.22901, -27.40458, 245.6893, 114.5076, 314.4632, -3.068702, -18.63359, 43.8168],
[1550, 2266, 2293, 2139, 2127, 350.9162, 70.36934, 356.7103, 11.29771, 42.1145, -22.22901, 243.9259, 127.7825, 302.0329, -28.96183, -29.52672, 95.90076],
[1556, 2231, 2327, 2160, 2141, 322.649, 69.34997, 343.9936, 17.75573, 5.793893, 1.152672, 237.4154, 162.1399, 281.481, -24.0229, -12.16794, 35.41985],
[1557, 2282, 2303, 2175, 2147, 4.999424, 60.36769, 2.799409, -27.70992, -7.122138, 27.07634, 245.7237, 143.0413, 288.5647, 47.36641, 24.23664, -89.46566],
[1535, 2283, 2288, 2197, 2163, 277.7498, 87.78907, 344.8087, -10.70992, -44.94657, 35.26717, 245.9746, 117.1046, 310.7866, -11.9084, 40.9542, -70.16031],
[1574, 2263, 2349, 2145, 2151, 285.5489, 85.87247, 345.7471, 19.90076, 50.43512, -40.05344, 245.2331, 118.0194, 310.6628, -9.717557, -29.03053, 80.22138],
[1561, 2279, 2346, 2155, 2123, 353.8566, 73.60985, 358.1511, 16.62595, 20.0, -20.09924, 244.294, 146.8224, 287.2974, -21.14504, -20.09924, 84.70992],
[1546, 2254, 2310, 2162, 2160, 351.405, 67.77387, 356.443, -19.58015, -12.19847, 15.73282, 240.2547, 157.6784, 283.0451, 31.85496, 20.70992, -66.58016],
[1552, 2229, 2313, 2170, 2160, 321.7978, 83.71466, 355.0599, -28.40458, -71.9771, 30.40458, 250.9086, 112.9097, 309.0195, 17.38931, 38.36641, -117.7176],
[1562, 2246, 2305, 2143, 2177, 322.9896, 78.44932, 351.2628, -9.152672, 40.91603, -24.16031, 247.403, 112.5167, 314.8251, -28.57252, -28.15267, 77.9542],
[1580, 2266, 2332, 2205, 2176, 333.9917, 79.05818, 354.6048, 8.748092, 30.06107, -6.419847, 242.7904, 143.4227, 290.6969, -31.25191, -29.24428, 95.72519],
[1519, 2289, 2295, 2196, 2157, 27.36183, 64.55735, 13.73988, -10.68702, 5.946565, -5.068702, 235.8993, 174.6245, 273.511, 21.27481, 12.84733, -25.25191],
[1585, 2237, 2337, 2179, 2195, 318.7143, 78.24079, 349.6757, -6.641222, -49.51145, 40.0229, 232.6886, 132.6448, 309.3831, 14.45038, 49.16794, -131.8015],
[1581, 2299, 2323, 2192, 2206, 291.456, 83.28333, 343.5107, 19.75573, 36.14504, -16.96947, 247.4693, 114.6904, 311.7815, -42.55725, -14.06107, 55.46565],
[1554, 2279, 2352, 2170, 2181, 351.5274, 76.12104, 357.8571, 5.603054, 17.42748, -37.49618, 243.8005, 133.6522, 297.0719, -22.40458, -36.13741, 100.9618],
[1542, 2279, 2339, 2179, 2177, 0.2604133, 71.48633, 0.02591565, 0.3206107, 6.068702, 0.4656488, 235.4447, 172.3452, 275.1484, -12.84733, -5.931298, 5.603054],
[1547, 2287, 2303, 2174, 2186, 355.9753, 68.5608, 358.385, -40.77099, -12.84733, 41.21374, 240.9474, 133.9315, 299.7544, 28.10687, 50.53435, -126.6641],
[1560, 2290, 2343, 2185, 2175, 273.7844, 88.3837, 338.2937, -0.2748091, 14.8397, -8.534351, 244.8375, 117.3138, 312.0263, -15.44275, 9.221375, 13.43511],
[1550, 2287, 2353, 2173, 2218, 342.6818, 73.40085, 354.6746, 8.916031, 12.29008, -41.19848, 245.8927, 125.866, 301.5209, -10.44275, -30.32825, 96.80153],
[1574, 2327, 2379, 2201, 2224, 319.8203, 78.89229, 350.6158, 1.580153, -23.30534, -6.732824, 242.4079, 157.0854, 282.3028, -27.99237, -23.38931, 53.35115],
[1552, 2279, 2359, 2226, 2205, 13.82837, 77.55458, 3.017349, -35.27481, -8.778625, 24.14504, 244.0353, 147.8837, 286.8248, 29.47328, 32.75573, -101.1069],
[1579, 2345, 2343, 2207, 2197, 270.4729, 89.7479, 342.833, -40.28244, -47.85496, 51.09924, 242.1223, 117.7803, 314.8609, 6.122138, 20.30535, -88.0687],
[1552, 2321, 2359, 2206, 2238, 304.5602, 82.36728, 349.0738, 18.09924, 59.75573, -58.54198, 246.074, 115.6165, 312.5073, -4.145038, -26.10687, 97.87024],
[1569, 2319, 2369, 2241, 2215, 20.49123, 65.72741, 9.482066, 35.20611, -7.351145, 5.78626, 244.5133, 144.6539, 288.5011, -38.0687, -37.72519, 94.51908],
[1555, 2314, 2334, 2199, 2207, 357.6982, 66.49216, 358.9658, -26.87786, -0.7938931, 14.9313, 240.8461, 157.8774, 282.6198, 31.40458, 27.64122, -91.94656],
[1552, 2319, 2383, 2217, 2211, 253.7041, 92.87348, 349.8647, -24.9771, -47.63359, 83.40458, 241.2202, 118.4455, 315.1439, 8.893129, 7.152672, -107.9847],
[1558, 2333, 2384, 2227, 2238, 273.9196, 88.33656, 338.3773, 1.89313, 57.37405, -69.36641, 243.1963, 112.8613, 319.8825, -26.35878, -20.05343, 88.40458],
[1597, 2310, 2359, 2224, 2246, 0.2774764, 66.0171, 0.07211845, 18.61832, 42.57252, -19.76336, 241.5348, 136.4251, 297.0799, -32.44275, -25.8626, 110.2443],
[1573, 2318, 2415, 2251, 2219, 338.1519, 69.30961, 351.3907, -7.29771, -15.01527, 10.44275, 238.2216, 163.9072, 279.9828, 18.03053, 7.175572, -21.85496],
[1566, 2317, 2331, 2247, 2222, 2.561387, 72.31933, 0.7504745, -13.22137, -73.38168, 46.8626, 239.919, 125.7837, 308.5502, 44.01527, 66.9771, -139.8168],
[1578, 2325, 2391, 2273, 2227, 278.2191, 87.14784, 341.5808, -11.81679, 37.38168, -22.16031, 247.2703, 111.9687, 315.7918, -29.58015, -16.49618, 61.40458],
[1600, 2345, 2378, 2214, 2262, 315.5931, 78.04882, 348.332, 27.81679, 42.55725, -11.80153, 246.3683, 125.6881, 301.1147, -20.48855, -21.13741, 83.15268],
[1578, 2315, 2379, 2224, 2251, 302.0133, 74.72642, 336.5185, 9.152672, -8.580153, 10.78626, 235.8853, 161.3536, 282.7142, -22.8397, -14.03054, 14.26718],
[1575, 2337, 2390, 2207, 2243, 303.7591, 79.27078, 344.2685, -28.9771, -26.64886, 25.09924, 240.1936, 128.9803, 305.0672, 9.80916, 37.70992, -95.48855],
[1611, 2305, 2403, 2288, 2257, 251.438, 97.11734, 339.2336, -14.68702, -22.19847, 17.51908, 246.1216, 115.4449, 312.6624, -11.0916, 21.48855, -27.81679],
[1626, 2351, 2384, 2256, 2262, 267.2604, 90.78829, 341.829, 15.34351, 50.8855, -38.9542, 244.6419, 120.6754, 308.3721, -4.89313, -25.13741, 86.00764],
[1613, 2405, 2407, 2265, 2235, 330.0617, 71.97229, 349.3992, 24.01527, 13.0, -1.419847, 238.4885, 151.5382, 288.2073, -26.99237, -26.55725, 54.9542],
[1337, 1888, 2261, 2240, 2046, 25.27878, 76.25846, 6.480715, 14.58015, 38.9542, 5.832061, 240.8826, 156.5015, 283.4535, -40.27481, -37.29008, 77.06871],
[1250, 1846, 2243, 2225, 2070, 337.2846, 81.95139, 356.5944, -47.58779, 17.18321, 10.8855, 241.9477, 154.6971, 283.979, 23.48855, 34.24428, -101.0153],
[1329, 1950, 2295, 2265, 2103, 260.0655, 93.03162, 342.5469, -71.25191, -97.65649, 107.6946, 245.4038, 117.1141, 311.5309, 14.16031, 57.98473, -118.8473],
[1603, 2321, 2433, 2039, 2351, 305.5084, 79.28776, 345.2367, 39.0458, 89.00764, -28.69466, 245.2323, 112.5486, 317.735, -28.63359, -24.56489, 105.2748],
[1621, 2366, 2455, 2343, 2352, 351.6081, 68.72331, 356.6875, 28.27481, 1.870229, -7.610687, 242.1884, 147.2105, 288.5906, -43.82443, -33.54962, 126.1603],
[1617, 2303, 2383, 2301, 2331, 353.4661, 69.038, 357.459, -59.90077, -16.61832, 2.89313, 242.9309, 152.5636, 284.6955, 41.77863, 48.32824, -103.6412],
[1617, 2346, 2453, 2351, 2387, 251.248, 98.72549, 335.3063, -15.32824, -100.7863, 64.72519, 253.3157, 107.6904, 312.8753, 6.160306, 50.0458, -124.1603],
[1607, 2354, 2485, 2351, 2383, 258.2922, 94.8035, 337.381, 40.22901, 87.87786, -68.34352, 248.1909, 112.5119, 313.7033, -26.03817, -19.39695, 99.37405],
[1648, 2381, 2458, 2396, 2403, 349.5611, 72.26575, 356.602, 30.00763, 38.12977, -16.49618, 241.4718, 137.053, 296.6327, -26.82443, -36.34351, 85.77863],
[1638, 2362, 2458, 2366, 2368, 340.0965, 64.6656, 350.2794, -14.19847, -10.23664, 10.36641, 240.5172, 160.286, 281.3, 36.32061, 23.08397, -50.8168],
[1626, 2374, 2367, 2370, 2360, 262.3842, 91.75113, 346.33, -15.82443, -84.77862, 39.61832, 252.2796, 112.0684, 307.9376, 46.99237, 51.62595, -139.1679],
[1558, 2339, 2460, 2367, 2353, 264.5052, 92.59974, 333.6511, 30.50382, -28.0229, -31.32825, 247.4219, 108.5031, 320.8684, -28.87786, -24.49618, 66.79389],
[1616, 2403, 2483, 2370, 2379, 275.5684, 88.78046, 348.5909, 39.85496, 51.43512, -52.20611, 244.7576, 120.6989, 308.2, -23.76336, -29.46565, 90.34351],
[1623, 2407, 2471, 2384, 2359, 297.3538, 77.2996, 336.6019, 41.10687, 29.80153, 25.0916, 243.0082, 157.973, 281.4924, -21.0687, -34.80916, 50.61069],
[1600, 2341, 2463, 2341, 2361, 280.9249, 86.20075, 341.4585, -82.54199, -18.15267, 32.54199, 238.2587, 142.8712, 294.8983, 26.47328, 67.0, -140.5114],
[1625, 2399, 2463, 2411, 2431, 255.3485, 98.54039, 329.6844, -37.86259, -42.75573, 16.65649, 246.8378, 112.1994, 316.0655, -21.61832, 20.56489, -36.78626],
[1634, 2426, 2473, 2448, 2377, 283.721, 87.62515, 350.6814, 14.01527, 46.51145, -55.60306, 241.838, 120.6308, 311.8673, -1.938931, -31.12214, 107.3511],
[1644, 2421, 2459, 2406, 2411, 356.556, 75.84187, 359.0873, 14.16794, -1.725191, -5.748092, 234.6507, 154.1202, 288.8089, -14.98473, -37.42748, 66.41984],
[1665, 2423, 2465, 2387, 2395, 319.4185, 83.30893, 354.2833, -58.33588, -12.22901, -3.396947, 242.3483, 152.4287, 285.135, 49.48855, 43.64122, -82.01527],
[1634, 2430, 2477, 2372, 2384, 230.3745, 93.58292, 355.4971, -35.51908, -55.05344, 53.41985, 229.5179, 114.396, 331.795, 24.65649, 57.92367, -124.7557],
[1703, 2514, 2515, 2397, 2439, 290.0777, 85.19684, 347.2563, 41.54962, 70.0687, -53.03817, 241.7107, 114.5621, 319.3997, -15.39695, -37.9084, 123.374],
[1724, 2539, 2559, 2397, 2474, 351.6141, 71.06902, 357.0775, 39.98473, 12.00763, 25.38931, 241.497, 152.4336, 285.6597, -19.96183, -40.9771, 69.15267],
[1766, 2499, 2551, 2413, 2543, 307.5604, 81.27517, 348.7846, -9.068703, -38.24427, 30.20611, 245.4702, 130.1744, 298.1723, 19.16031, 55.58015, -130.1221],
[1755, 2543, 2591, 2448, 2547, 265.2116, 92.01193, 336.0084, -5.694656, -67.29771, 83.08397, 242.6436, 115.1357, 317.5319, -11.70992, 34.1832, -60.49618],
[1776, 2590, 2621, 2479, 2615, 299.6843, 85.04104, 351.4501, 28.20611, 67.29008, -54.8855, 245.9252, 117.1303, 310.8211, -10.61832, -52.45039, 112.5267],
[1713, 2631, 2594, 2471, 2590, 27.6569, 82.39005, 3.883877, 1.900763, -16.0916, 0.09923664, 243.1158, 156.9678, 282.0099, -41.31298, -8.267176, 59.60306],
[1667, 2419, 2542, 2399, 2487, 332.6367, 76.03586, 352.6683, -45.45038, 0.1832061, 43.82443, 237.993, 139.5599, 297.8391, 1.778626, 39.0, -118.2366],
[1703, 2533, 2576, 2448, 2515, 252.528, 98.05877, 335.3921, -56.31298, -42.74809, 16.80916, 244.5342, 114.7335, 315.6818, -7.480916, 39.86259, -15.43511],
[1699, 2581, 2605, 2473, 2567, 334.8956, 80.13795, 355.3332, 49.20611, 37.8397, -76.90839, 246.1906, 122.4064, 304.5574, -24.89313, -38.96947, 124.458],
[1598, 2517, 2549, 2430, 2555, 8.285726, 66.9969, 3.471057, 25.34351, -0.8244275, 0.5725191, 241.8179, 158.4071, 281.8194, -23.41985, -16.76336, 20.39695],
[1729, 2503, 2511, 2422, 2455, 340.3852, 82.06531, 357.1326, -62.80153, -17.03817, 35.8626, 243.6193, 138.2144, 293.7065, 10.01527, 27.38168, -98.80916],
[1830, 2726, 2575, 2431, 2591, 262.5672, 93.51166, 333.9914, -39.57252, -77.52672, 47.26717, 247.0596, 111.9601, 316.0993, 22.29008, 48.51145, -73.38168],
[1821, 2747, 2639, 2471, 2650, 282.7352, 85.19855, 339.984, 31.61832, 84.54963, -73.23664, 248.0585, 114.6135, 311.045, -13.06107, -16.12977, 114.1374],
[1813, 2817, 2634, 2509, 2639, 339.2857, 68.81975, 351.6639, 33.36641, 18.35878, 9.549619, 242.7115, 147.5083, 288.012, -24.26718, -29.15267, 49.45802],
[1843, 2798, 2646, 2509, 2525, 313.1269, 78.3104, 347.5975, -14.56489, -11.03817, 9.038168, 242.3126, 145.5537, 289.6129, 17.67939, 29.94657, -69.16031],
[1814, 2788, 2657, 2527, 2711, 275.598, 88.44927, 345.4777, -43.69466, -33.59542, 59.39695, 240.7999, 118.7349, 315.2966, 25.35115, 7.396946, -85.67176],
[1778, 2799, 2675, 2551, 2736, 309.4571, 81.39808, 349.6476, -10.1145, 19.60305, -48.73283, 248.303, 114.8812, 310.3463, -14.32061, -20.54199, 89.69466],
[1825, 2798, 2689, 2551, 2719, 316.1227, 77.01018, 347.539, 6.068702, 22.29771, -7.496183, 240.7182, 153.0823, 285.7243, -26.79389, -31.54198, 77.72519],
[1808, 2675, 2618, 2471, 2587, 343.1608, 66.87177, 352.6293, -24.29008, 2.969466, 4.320611, 241.2025, 146.6365, 289.7165, 27.03053, 34.1832, -82.49619],
[1837, 2774, 2629, 2498, 2642, 257.18, 92.08916, 350.4107, -38.64122, -65.59542, 61.41984, 237.2141, 120.8646, 316.9007, -11.85496, 27.69466, -97.21374],
[1867, 2831, 2703, 2527, 2741, 260.489, 91.72163, 349.1943, 50.70229, 30.41985, -73.42748, 244.6153, 115.986, 313.9627, -13.48092, -29.79389, 85.03054],
[1871, 2896, 2689, 2577, 2747, 78.86564, 87.88321, 10.2078, 15.40458, 13.68702, -48.31298, 242.2466, 142.8699, 291.5337, -13.8626, -27.61069, 73.49618],
[1861, 2815, 2675, 2581, 2735, 62.73341, 80.46315, 17.87275, -11.61832, 0.9465649, 40.03053, 241.3729, 149.9977, 287.3199, 22.53435, 29.61069, -52.98473],
[1839, 2835, 2675, 2575, 2768, 242.1422, 92.70201, 354.6572, 1.114504, -32.82443, 101.1527, 242.2897, 118.9522, 313.2595, -3.351145, 39.87786, -105.9542],
[1857, 3185, 2683, 2573, 2757, 264.7083, 91.22072, 345.9301, -10.67176, 39.67176, -83.25191, 240.1602, 118.34, 316.5126, -15.9542, -29.20611, 94.41222],
[1782, 2827, 2655, 2582, 2725, 8.51152, 73.25044, 2.501509, 40.39695, 22.37405, -26.53435, 236.8136, 147.6255, 292.3323, -22.0687, -32.22137, 60.67939],
[1703, 2187, 2307, 2240, 2107, 291.0623, 88.50622, 356.2936, -26.8855, -36.25954, 57.59542, 245.2876, 134.3098, 295.0343, 34.0916, 45.0687, -101.5343],
[1642, 2160, 2275, 2210, 2058, 265.534, 91.51033, 340.0172, -10.40458, -25.10687, 24.91603, 244.7688, 114.6673, 315.4651, -3.442748, 24.25191, -27.74046],
[1534, 2477, 2407, 2320, 2527, 7.347325, 71.72322, 2.365414, 28.70992, 39.1145, -45.7481, 244.1869, 129.9253, 299.8053, -24.70992, -60.56489, 134.6488],
[1517, 2430, 2367, 2301, 2509, 58.95928, 76.13998, 22.14233, 0.1068702, 9.038168, -1.664122, 231.8329, 184.0256, 266.7097, -0.8244275, 1.19084, -18.29008],
[1555, 2455, 2404, 2351, 2511, 10.37329, 80.27022, 1.706485, -23.19084, -42.73283, 58.43512, 244.1565, 137.7256, 293.5671, -18.18321, 61.64886, -138.4275],
[1522, 2478, 2402, 2340, 2546, 275.0776, 87.26479, 332.7411, 24.8855, 6.832061, 27.85496, 241.6255, 113.7315, 320.5927, -4.122138, 4.862596, -25.37405],
[1584, 2505, 2470, 2329, 2581, 324.342, 79.20836, 352.2288, 13.78626, 48.96947, -93.80916, 242.6299, 125.2177, 306.0185, -8.923664, -56.98473, 139.8702],
[1555, 2544, 2448, 2355, 2576, 22.39718, 60.38359, 13.10605, 48.61832, 2.229008, -11.9313, 235.498, 180.4786, 269.5471, -52.51909, -37.9084, 93.68702],
[1549, 2269, 2394, 2341, 2576, 16.34943, 67.48516, 6.853042, -32.12977, 1.587786, 7.984733, 239.1363, 176.465, 271.9902, 34.37405, 38.9084, -89.47329],
[1551, 2511, 2421, 2383, 2583, 283.0357, 85.35011, 341.0053, -40.83206, -43.05344, 106.4733, 238.9662, 117.7897, 318.5344, -3.198473, 43.0687, -132.6946],
[1565, 2503, 2435, 2334, 2547, 283.0187, 84.98355, 339.5739, -3.839695, 20.0458, -74.75572, 242.2775, 118.4929, 313.8175, -16.91603, -18.75573, 92.24428],
[1565, 2517, 2467, 2352, 2605, 30.24469, 78.45882, 6.671647, 55.64886, 25.57252, -35.79389, 243.4141, 149.533, 286.2352, -30.48092, -57.8626, 122.5114],
[1562, 2544, 2427, 2383, 2607, 29.82123, 67.63763, 13.1697, -2.770992, -0.4732824, 5.412214, 231.0578, 190.665, 261.2344, 17.09924, 19.1145, -42.56488],
[1571, 2466, 2483, 2307, 2576, 356.4665, 73.52203, 358.9137, -21.74046, -58.13741, 71.19084, 244.0906, 136.4417, 294.5911, 24.27481, 47.55725, -129.4351],
[1584, 2539, 2402, 2352, 2587, 257.5543, 97.35796, 329.1622, 21.60306, 5.175572, 5.21374, 242.2958, 117.2007, 315.3567, -3.198473, 7.763359, -6.954198],
[1552, 2555, 2428, 2354, 2608, 327.9161, 79.47414, 353.3624, 13.57252, 45.07634, -77.96183, 245.2844, 126.7752, 301.3945, 0.04580153, -32.55725, 121.7939],
[1589, 2512, 2368, 2331, 2635, 1.093894, 78.26213, 0.1531714, -3.152672, -3.954198, 12.61069, 238.479, 176.5923, 271.9663, -41.61832, -38.1832, 60.30534],
[1582, 2513, 2445, 2399, 2547, 302.4101, 81.1989, 346.3934, -38.53435, 20.74046, 12.70992, 240.9305, 164.1313, 278.8361, 35.14504, 30.45802, -102.4962],
[1584, 2491, 2445, 2384, 2547, 272.3926, 89.46113, 349.4954, -11.0687, -64.8855, 72.77863, 242.3772, 121.7298, 309.994, 3.854962, 40.68702, -128.1145],
[1563, 2497, 2478, 2384, 2601, 263.7092, 91.47353, 345.919, 12.91603, 45.00763, -60.47328, 242.9558, 115.077, 317.2246, -5.580153, -20.49618, 90.21374],
[1567, 2502, 2441, 2426, 2595, 355.9209, 77.7131, 359.0659, 48.06107, 12.00763, -23.61069, 239.0518, 158.2689, 283.2812, -11.65649, -30.80153, 105.145],
[1591, 2534, 2421, 2367, 2609, 335.0344, 77.99828, 354.3405, -4.358778, -0.4198473, 8.206107, 231.9493, 187.2023, 264.2335, 5.099236, 13.28244, -34.51909],
[1516, 2499, 2452, 2352, 2589, 321.9561, 75.37483, 348.4892, -24.91603, -4.167939, 32.78626, 241.2419, 132.2749, 300.8991, 21.80916, 40.26718, -120.0534],
[1555, 2526, 2458, 2384, 2613, 268.0552, 90.37937, 346.0275, -1.0, -6.48855, 7.015267, 240.5932, 121.1328, 312.772, 10.98473, 12.8855, -18.51908],
[1594, 2541, 2450, 2395, 2591, 311.994, 79.66692, 348.6053, 3.78626, 29.57252, -51.12978, 244.3033, 128.4511, 300.9897, -8.160305, -33.72519, 99.15267],
[1584, 2559, 2429, 2414, 2610, 16.8489, 75.71967, 4.314238, 10.33588, 3.770992, 16.64122, 238.1728, 166.3195, 278.4457, -29.78626, -33.55725, 62.61832],
[1516, 2506, 2423, 2413, 2586, 323.8132, 82.73888, 354.6855, -25.32061, 1.900763, 4.80916, 236.1488, 169.5066, 276.9377, 14.57252, 25.48092, -65.92367],
[1593, 2531, 2427, 2398, 2551, 338.2489, 85.67459, 358.2464, -48.8168, -76.54199, 58.92366, 240.9249, 120.3726, 313.2449, 19.29008, 68.73283, -120.1221],
[1590, 2573, 2433, 2375, 2607, 268.774, 90.24659, 343.929, 10.22901, 39.14504, -32.25954, 241.5977, 117.1483, 316.2629, -16.34351, -30.00763, 70.59542],
[1595, 2525, 2447, 2383, 2595, 353.2032, 83.47364, 359.1717, 0.7862596, 1.19084, -45.30534, 237.3881, 145.0613, 293.8901, -32.38168, -29.33588, 105.458],
[1634, 2514, 2460, 2391, 2607, 354.0401, 72.25137, 358.0522, 6.21374, 4.946565, 10.00763, 233.3315, 185.463, 265.8085, -7.862596, -8.755725, 9.526717],
[1582, 2541, 2473, 2407, 2586, 303.1421, 84.85159, 352.2269, -37.55725, -12.72519, 20.22137, 241.7261, 147.2108, 288.9314, 24.87786, 47.37405, -95.48092],
[1601, 2453, 2448, 2370, 2576, 276.2826, 87.48824, 339.0947, -16.65649, -18.44275, 56.90076, 241.4748, 116.5562, 317.1412, 1.656489, 18.82443, -98.24428],
[1582, 2559, 2451, 2411, 2581, 277.1177, 87.98866, 345.0011, 14.50382, 40.9542, -50.99237, 240.5354, 120.1227, 313.9881, -14.51908, -27.38931, 90.38168],
[1610, 2513, 2451, 2407, 2593, 8.212104, 75.0966, 2.119728, 10.1145, 16.13741, -8.587787, 241.5101, 146.7807, 289.3853, -27.38931, -33.62595, 95.34351],
[1609, 2531, 2477, 2385, 2761, 329.8332, 80.07859, 354.1957, -2.48855, 9.900764, 11.82443, 232.5025, 176.495, 272.5523, 24.86259, 16.37405, -54.77099],
[1622, 2499, 2448, 2378, 2591, 285.5769, 84.64067, 341.6923, -12.73282, -59.30534, 81.80153, 238.1091, 132.2878, 304.1547, 5.763359, 44.12977, -137.5191],
[1590, 2533, 2478, 2388, 2591, 257.4901, 96.55683, 332.1038, -9.19084, 9.564885, -0.6564885, 241.12, 116.3614, 317.8041, -8.206107, -9.068703, 21.0458],
[1618, 2557, 2467, 2382, 2606, 299.2397, 81.58532, 345.3169, 12.10687, 65.51908, -85.54198, 237.7707, 129.8958, 306.7937, -12.77099, -48.46565, 125.8168],
[1590, 2559, 2477, 2438, 2595, 358.0798, 68.70512, 359.215, 20.82443, 12.70992, 14.56489, 232.2365, 170.1552, 277.5039, -45.78626, -40.7481, 62.8626],
[1619, 2533, 2480, 2410, 2609, 348.8509, 74.46088, 356.8352, -43.68702, -6.763359, 12.0916, 237.9947, 166.4304, 278.4326, 23.70992, 43.45802, -84.01526],
[1627, 2541, 2444, 2415, 2609, 273.2641, 88.85086, 342.2504, 9.465649, -60.69466, 77.58016, 239.3508, 119.7473, 315.7896, -13.44275, 53.1145, -128.1527],
[1628, 2555, 2493, 2429, 2595, 256.1773, 97.94636, 329.9678, 14.26718, 34.19084, -31.80916, 237.9775, 116.3427, 321.3818, -7.335878, -29.96183, 59.86259],
[1649, 2603, 2480, 2369, 2604, 291.0294, 83.71822, 344.2179, -15.16794, 50.70229, -82.58016, 237.485, 135.205, 302.1135, -6.59542, -43.66413, 123.6107],
[1623, 2557, 2443, 2417, 2605, 332.5691, 72.88801, 350.9286, 24.42748, 1.954198, 9.450381, 235.9992, 175.8698, 272.6568, -28.92366, -28.09924, 33.27481],
[1634, 2559, 2491, 2395, 2598, 340.174, 76.86559, 355.1756, -38.06107, 0.5954198, 11.63359, 238.157, 158.0476, 283.8908, 29.9542, 51.56488, -107.3664],
[1641, 2554, 2495, 2441, 2608, 243.6993, 100.5381, 339.0932, -59.63359, -97.48092, 75.94656, 245.5217, 119.6608, 308.3837, -22.06107, 61.0916, -72.19847],
[1618, 2583, 2542, 2410, 2610, 287.4136, 85.36997, 345.7702, 20.93893, 53.96947, -59.26717, 239.9646, 121.9721, 312.564, 12.74046, -44.12977, 95.31299],
[1634, 2629, 2555, 2407, 2608, 308.4677, 81.5842, 349.5171, 32.92367, 58.9771, -1.580153, 240.7531, 154.7657, 284.6198, -50.98474, -60.12214, 105.145],
[1639, 2607, 2544, 2446, 2607, 10.90888, 66.41582, 4.73938, -22.70229, 6.541985, -6.465649, 231.2626, 183.1518, 267.3435, 29.77099, 41.0916, -48.38168],
[1575, 1968, 2113, 2161, 2246, 25.38881, 69.1846, 10.13208, -41.12978, 17.73282, 3.351145, 235.2154, 180.3774, 269.6131, 22.32061, 38.48855, -55.86259],
[1562, 1900, 2128, 2206, 2270, 301.3249, 80.97657, 345.4822, -8.816793, -53.64122, 69.9542, 245.6187, 124.6829, 302.9847, 31.69466, 75.09923, -146.4046],
[1552, 1952, 2143, 2191, 2224, 275.3446, 88.26898, 343.0686, 26.38931, 44.36641, -56.76336, 244.5688, 112.7267, 318.3469, -18.56489, -31.32825, 65.39695],
[1602, 2009, 2157, 2250, 2239, 25.21531, 76.03652, 6.571836, 32.09924, 11.81679, -64.70993, 242.0606, 135.9069, 296.9877, -23.77863, -49.25191, 118.9008],
[1530, 1967, 2138, 2177, 2219, 59.48541, 83.73855, 10.34904, 14.21374, -10.70992, 11.47328, 232.1193, 186.8006, 264.5816, -32.74046, -28.10687, 29.22901],
[1507, 1943, 2155, 2143, 2221, 20.12522, 81.7683, 2.926282, -32.09924, 20.8855, 3.022901, 232.7854, 172.5405, 275.5326, 30.19847, 52.38168, -89.53435],
[1506, 2007, 2193, 2197, 2256, 288.4958, 85.50302, 346.9968, -13.75573, -82.8626, 83.93893, 239.2302, 121.2414, 314.2213, 26.49618, 75.50382, -116.4962],
[1518, 2007, 2210, 2221, 2259, 293.2616, 87.31368, 353.9213, 3.923664, 41.1145, -47.9771, 238.1968, 118.5359, 318.5055, -19.9313, -53.70992, 69.39695],
[1571, 2011, 2167, 2196, 2274, 352.6247, 78.60847, 358.466, 42.46565, 6.282443, -25.22901, 232.6806, 155.4685, 289.0007, -34.58015, -53.09924, 86.30534],
[1561, 2002, 2197, 2223, 2281, 1.226902, 87.92426, -0.04543777, -6.641222, -13.51145, -11.30534, 227.9743, 185.0752, 265.2942, 3.396947, -0.5496183, 2.931298],
[1590, 2015, 2243, 2222, 2307, 21.86979, 78.77535, 4.448352, -62.38931, 2.099237, 15.41985, 240.8105, 143.8381, 292.0206, 33.12977, 64.46565, -108.5343],
[1587, 2030, 2233, 2229, 2315, 276.4714, 87.98466, 343.555, 22.80153, -32.54962, 56.45038, 241.3003, 117.5245, 316.1576, 6.068702, 32.0, -54.51909],
[1603, 2061, 2240, 2256, 2321, 320.5182, 76.38313, 348.7471, 27.13741, 29.76336, -45.51145, 239.9172, 124.8226, 309.5487, 3.526718, -54.69466, 87.37405],
[1632, 2032, 2245, 2243, 2327, 19.78917, 71.34522, 6.834791, 20.74046, -7.557252, 0.2137404, 238.8196, 160.9174, 281.6687, -25.17557, -38.25954, 87.29771],
[1623, 2097, 2253, 2256, 2350, 212.3407, 92.16775, 358.5045, -13.12214, 10.66412, 5.603054, 232.2311, 185.7349, 265.4305, 14.17557, 16.00763, -34.22137],
[1616, 2069, 2060, 2293, 2368, 344.6522, 65.89863, 352.994, -4.89313, -12.80153, 15.93893, 241.6385, 133.5588, 299.3687, 22.36641, 72.91603, -114.855],
[1633, 2064, 2303, 2303, 2377, 271.0647, 89.52561, 341.0001, -10.12977, 15.8626, 14.80153, 242.7477, 118.6977, 313.0003, -3.793893, -3.305344, 0.3053435],
[1643, 2112, 2279, 2319, 2371, 323.0896, 75.73633, 349.2159, 17.0458, 21.1145, -46.65649, 240.6324, 130.3314, 303.3125, 6.740458, -57.54199, 94.2977],
[1607, 2128, 2266, 2222, 2400, 19.81315, 71.7556, 6.681169, 19.19847, -1.19084, -9.679389, 234.7792, 175.5081, 273.0392, -7.923664, -25.92366, 76.00764],
[1612, 2111, 2301, 2295, 2373, 26.94446, 82.56035, 3.677057, -31.78626, -2.473282, 8.312977, 237.4232, 173.0294, 274.3328, 27.74046, 39.80153, -73.8855],
[1639, 2093, 2297, 2294, 2339, 350.647, 81.84422, 358.6068, -54.9313, -54.07634, 58.64885, 241.3396, 119.5013, 313.7588, 8.992367, 62.41221, -117.7176],
[1634, 2119, 2247, 2285, 2396, 285.9899, 85.33995, 344.4, 0.832061, 23.56489, -35.06107, 239.4287, 117.0034, 318.9645, -12.93893, -31.70992, 69.45802],
[1662, 2151, 2302, 2325, 2386, 343.5171, 78.03404, 356.388, 36.36641, 18.27481, -36.87786, 238.0973, 150.2759, 289.3859, -19.1145, -58.07634, 85.46565],
[1631, 2106, 2286, 2279, 2411, 48.31395, 71.01644, 20.99674, 44.10687, 3.351145, -11.25191, 228.2301, 181.8453, 268.2151, -36.72519, -16.91603, 17.78626],
[1631, 2126, 2299, 2287, 2383, 359.3387, 64.58991, 359.6529, -37.87023, 7.21374, 11.84733, 241.7445, 150.7423, 286.5854, 28.30534, 57.03053, -90.21374],
[1663, 2143, 2353, 2309, 2407, 295.8396, 81.66404, 343.3133, -25.9542, -37.9084, 58.32824, 237.404, 124.048, 313.1813, -6.603054, 40.96947, -86.27481],
[1658, 2160, 2305, 2289, 2439, 2.140753, 86.34826, 0.0479378, -37.78626, 25.11451, -34.32061, 237.9428, 124.2419, 312.3782, 23.81679, -46.89313, 79.34351],
[1639, 2155, 2341, 2335, 2406, 15.12303, 80.83363, 2.397751, -3.427481, 12.1145, -48.16031, 241.345, 143.939, 291.5107, -26.21374, -23.53435, 86.05344],
[1627, 2161, 2298, 2333, 2435, 33.9813, 63.55916, 18.43302, 27.58015, 16.51908, 2.59542, 229.1327, 178.9423, 270.774, -5.206107, -4.709924, -12.15267],
[1642, 2160, 2282, 2362, 2429, 9.66196, 72.23353, 3.044972, -33.47328, -27.35115, 19.9542, 239.8691, 157.964, 283.0612, 11.18321, 60.82443, -97.66413],
[1654, 2179, 2266, 2334, 2417, 282.1259, 87.26558, 347.8495, 12.47328, -39.73283, 66.89313, 239.7532, 121.9485, 312.8332, 9.351145, 35.69466, -69.69466],
[1639, 2155, 2283, 2320, 2409, 336.9077, 72.32599, 352.2618, 5.099236, 30.36641, -32.73283, 235.9945, 130.7071, 307.8759, -1.48855, -42.28244, 74.73283],
[1662, 2165, 2279, 2310, 2427, 1.701129, 72.12549, 0.4839819, 34.29771, 1.977099, -17.55725, 232.8933, 156.5258, 288.0062, -40.01527, -35.72519, 71.09161],
[1648, 2160, 2352, 2342, 2422, 15.83286, 68.56429, 6.272215, -13.54962, 16.80153, 6.282443, 229.4544, 179.8828, 269.962, 9.007633, 16.83206, -26.35878],
[1662, 2144, 2327, 2336, 2427, 340.5261, 76.21539, 355.0266, -11.75573, -30.22901, 33.29008, 233.5345, 138.5433, 302.9236, 18.29771, 51.22901, -102.5878],
[1666, 2160, 2343, 2357, 2439, 282.6995, 84.69069, 337.9629, -16.58779, -24.42748, 53.40458, 243.3093, 117.9715, 313.1715, -19.12977, 26.85496, -45.60306],
[1693, 2161, 2320, 2335, 2431, 292.4477, 82.63624, 342.8106, -8.969465, 47.9313, -46.38931, 237.8521, 124.4595, 312.2462, 6.770992, -42.06107, 88.10687],
[1648, 2174, 2345, 2370, 2432, 339.9604, 73.91061, 353.9838, 27.01527, 48.29771, 15.72519, 237.4071, 154.7514, 286.6069, -45.69466, -65.94656, 106.4122],
[1670, 2192, 2327, 2367, 2417, 353.9646, 71.34542, 357.9231, -35.00763, -8.282443, -6.29771, 231.6806, 182.6977, 267.7402, 45.73283, 47.19848, -47.43512],
[1651, 2207, 2306, 2338, 2411, 318.3131, 77.99268, 349.3106, -18.49618, -26.57252, 61.1832, 233.4464, 132.7801, 308.4781, 1.030534, 57.51145, -131.6489],
[1627, 2503, 2323, 2352, 2439, 287.0198, 80.8002, 332.3765, 42.12977, 14.51145, -30.99237, 235.3675, 121.9013, 317.7359, -11.69466, -18.64886, 54.14504],
[1655, 2192, 2327, 2322, 2439, 311.2165, 82.38292, 351.3712, -26.16794, 11.9313, -71.48855, 238.4877, 140.4244, 296.6715, -17.9542, -46.29008, 101.4198],
[1684, 2189, 2339, 2370, 2471, 7.999588, 73.13457, 2.363201, 17.16794, 15.9084, 11.03053, 234.8215, 173.6826, 274.3233, 0.9160305, -38.33588, 43.9084],
[1631, 2187, 2323, 2379, 2431, 334.6545, 69.71066, 350.0759, -28.33588, 6.717557, -1.526718, 232.2923, 168.5454, 278.7472, 32.47328, 37.16031, -60.62595],
[1680, 2198, 2322, 2389, 2459, 325.1316, 73.87586, 348.6352, -17.37405, -51.89313, 78.70229, 235.4032, 126.8065, 312.4382, -3.160305, 41.9771, -112.687],
[1639, 2224, 2339, 2398, 2423, 262.5929, 94.35847, 328.8187, -16.12214, 30.51908, -34.56488, 235.8013, 122.1723, 316.9721, -6.389313, -18.0229, 50.70229],
[1642, 2233, 2358, 2365, 2426, 350.3641, 73.54214, 357.0992, 7.877862, 47.25191, -71.54962, 237.7893, 136.436, 300.7165, -4.419847, -34.99237, 101.1221],
[1672, 2211, 2363, 2355, 2410, 3.964971, 66.04886, 1.705637, 8.183207, -9.19084, 4.725191, 233.8332, 172.7079, 275.2008, -31.39695, -17.60305, 37.86259],
