[2369, 4095, 4095, 4095, 4095, 284.5264, 79.4041, 324.4658, -113.626, 30.9771, 16.65649, 185.7761, 113.9117, 357.3222, -40.93893, 15.44275, 11.0687],
[2359, 4095, 4095, 4095, 4095, 350.2743, 56.1828, 353.4509, -60.32061, 22.0, -22.03817, 177.8429, 111.47, 0.7302283, -35.8168, 2.549618, 14.82443],
[2351, 4095, 4095, 4095, 4095, 321.7163, 65.65669, 340.399, 140.0611, -29.30534, 22.06107, 185.2674, 112.0728, 357.7533, 63.0687, -7.778626, -13.47328],
[2367, 4095, 4095, 4095, 4095, 287.1788, 74.59648, 318.5145, -13.73282, -11.61832, 22.89313, 190.7596, 112.5247, 355.3773, -5.877862, 11.10687, 4.534351],
[2374, 4095, 4095, 4095, 4095, 309.1685, 71.06904, 337.2521, -151.9847, 50.19084, 7.099236, 190.2288, 110.1434, 356.1019, -41.80916, 3.847328, 8.587787],
[2337, 4095, 4095, 4095, 4095, 344.9107, 59.27363, 350.9016, 28.53435, -18.42748, 12.09924, 168.2409, 109.0445, 4.010054, 16.48855, -3.694656, -4.450382],
[2365, 4095, 4095, 4095, 4095, 317.897, 65.80181, 337.9601, 130.3817, -25.20611, 9.778625, 193.5331, 112.3754, 354.2197, 29.69466, 0.8473283, 15.64886],
[2373, 4095, 4095, 4095, 4095, 289.043, 74.88679, 322.1672, -44.22138, 23.29008, -19.31298, 196.1632, 110.9681, 353.5379, -13.53435, 8.580153, -7.725191],
[2378, 4095, 4095, 4095, 4095, 344.3266, 62.50571, 351.6928, -102.7328, 36.83969, -25.82443, 191.9342, 107.1467, 356.1598, -57.63359, 23.85496, 13.73282],
[2339, 4095, 4095, 4095, 4095, 343.0339, 65.12269, 351.9466, 86.61069, -21.93893, -1.305344, 184.6627, 108.8955, 358.3015, 41.91603, -20.33588, -12.03817],
[2384, 4095, 4095, 4095, 4095, 293.5297, 71.2241, 322.1809, 47.19848, -3.21374, 13.21374, 194.6977, 112.8662, 353.5627, 22.27481, -4.870229, 5.78626],
[2375, 4095, 4095, 4095, 4095, 297.2396, 72.42059, 328.5329, -105.9237, 36.81679, -15.22901, 188.4523, 111.2977, 356.5745, -26.0, 15.0, -4.923664],
[2346, 4095, 4095, 4095, 4095, 8.774803, 66.29348, 3.81113, 3.129771, 4.778626, -2.549618, 169.9356, 107.9856, 3.196559, -2.732824, -12.32061, 5.877862],
[2333, 4095, 4095, 4095, 4095, 289.9844, 75.94119, 325.6526, 120.3053, -11.9771, 15.59542, 183.8813, 111.3605, 358.378, 44.99237, -14.9313, 11.54962],
[2369, 4095, 4095, 4095, 4095, 293.4563, 72.55819, 324.2583, -85.41222, 7.59542, -16.90076, 188.9532, 111.0692, 356.4161, -28.30534, 15.62595, -9.366412],
[2377, 4095, 4095, 4095, 4095, 346.1986, 64.55775, 353.3274, -66.68702, 13.14504, 11.44275, 182.7591, 109.4695, 358.9269, -31.82443, -0.6183206, 7.305344],
[2379, 4095, 4095, 4095, 4095, 323.5645, 71.7699, 346.3669, 110.7099, -21.78626, 22.25191, 178.408, 110.7001, 0.4834354, 41.39695, 4.015267, 2.70229],
[2348, 4095, 4093, 4095, 4095, 288.9897, 71.58128, 316.129, -6.931298, -14.43511, 37.79389, 190.7588, 112.2496, 355.4389, 2.0, 8.297709, 6.610687],
[2355, 4095, 4095, 4095, 4095, 316.0743, 66.87979, 337.7112, -83.51909, 13.27481, -58.89313, 191.6254, 108.9194, 355.8547, -34.70992, 15.64886, -5.015267],
[2347, 4095, 4095, 4095, 4095, 346.2542, 59.65051, 351.8515, -0.1068702, -13.85496, -6.358778, 164.0739, 106.5268, 4.749135, -21.59542, 6.847328, -2.641221],
[2351, 4095, 4095, 4095, 4095, 294.6245, 78.82947, 336.8556, 125.3206, -13.71756, 5.343512, 203.9603, 108.644, 351.3368, 33.76336, -4.366412, 1.465649],
[2353, 4095, 4095, 4095, 4095, 282.0846, 80.80919, 323.279, -49.66413, 11.72519, -14.70992, 184.0976, 108.4587, 358.5325, -18.28244, 11.48855, -2.21374],
[2367, 4095, 4095, 4095, 4095, 343.4644, 62.91106, 351.3674, -105.7786, 29.38931, -33.92366, 189.036, 106.4472, 357.2093, -43.9771, 6.251908, 18.80153],
[2331, 4095, 4095, 4095, 4095, 355.9244, 57.9808, 357.4331, 100.0076, -6.419847, 2.748092, 183.0841, 110.6096, 358.7398, 54.78626, -20.40458, -24.22901],
[2335, 4095, 4095, 4095, 4095, 287.7143, 73.6859, 317.7115, 36.45802, -35.13741, 37.65649, 184.8812, 109.6223, 358.1552, 14.26718, 11.68702, 16.98473],
[2344, 4095, 4095, 4095, 4095, 313.172, 69.61389, 338.4609, -72.66412, 22.24427, -44.89313, 196.1052, 110.5324, 353.7049, -41.06107, 8.40458, 10.1374],
[2359, 4095, 4095, 4095, 4095, 3.263473, 60.26712, 1.819532, -23.22901, -6.938931, 7.900764, 177.8762, 108.2839, 0.5882182, -4.221374, 15.71756, 2.534351],
[2352, 4095, 4095, 4095, 4095, 311.6236, 71.45825, 339.3936, 117.9466, -6.465649, 28.20611, 198.1813, 111.4982, 352.5, 33.92366, -20.26718, 5.687023],
[2385, 4095, 4095, 4095, 4095, 293.4981, 71.34923, 322.3392, -25.91603, -3.068702, -6.274809, 202.0745, 110.316, 351.326, -11.28244, 12.42748, -9.78626],
[2373, 4095, 4095, 4095, 4095, 351.8808, 55.56541, 354.4118, -109.6794, 31.73282, -40.49618, 198.081, 107.9917, 353.8253, -58.22901, 2.442748, -3.648855],
[2357, 4095, 4095, 4095, 4095, 351.0196, 62.47463, 355.2787, 76.25191, -32.42748, 28.0458, 190.1956, 108.554, 356.4371, 29.21374, -9.587787, -11.65649],
[2365, 4095, 4095, 4095, 4095, 292.709, 75.20787, 327.9263, 71.1374, -0.6335878, 9.931297, 175.7258, 109.1977, 1.378966, 28.48092, -14.03817, 10.31298],
[2384, 4095, 4095, 4095, 4095, 299.3673, 67.36368, 323.5858, -80.06106, 22.9313, -16.84733, 186.5787, 109.7708, 357.5222, -34.33588, 28.0687, -2.900763],
[2385, 4095, 4095, 4095, 4095, 358.1855, 55.08904, 358.7179, -44.70229, 15.66412, -22.19084, 179.6868, 108.7377, -0.01110671, -24.62595, 1.137405, 6.969466],
[2375, 4095, 4095, 4095, 4095, 323.71, 65.11817, 341.2386, 115.2672, -14.49618, 21.32061, 190.266, 109.4799, 356.2242, 40.46565, -22.16794, 0.740458],
[2375, 4095, 4093, 4095, 4095, 286.6842, 72.23583, 313.2985, 0.3053435, -18.60305, 12.9084, 194.0756, 111.1127, 354.35, 0.06870229, 8.068703, 1.954198],
[2385, 4095, 4095, 4095, 4095, 317.2061, 60.51114, 332.4374, -104.9466, 49.39695, -19.85496, 195.168, 109.779, 354.312, -41.22901, 23.1145, 1.358779],
[2352, 4095, 4095, 4095, 4095, 356.9952, 58.37072, 358.1296, 28.20611, 2.351145, 11.41985, 175.1202, 106.9681, 1.38465, 1.022901, -3.564885, -1.755725],
[2371, 4095, 4095, 4095, 4095, 294.0856, 67.97128, 317.9995, 120.542, -29.21374, 5.961832, 189.191, 109.9343, 356.5326, 42.75573, -31.51145, 11.19847],
[2390, 4095, 4059, 4095, 4095, 290.2824, 71.48934, 318.0065, -66.9771, 25.69466, -13.83206, 200.3131, 112.9808, 350.9415, -24.08397, 17.27481, -2.740458],
[2375, 4095, 4095, 4095, 4095, 338.8565, 61.96804, 348.3793, -90.87024, 13.27481, 0.9389313, 181.6937, 107.9373, 359.3587, -49.29008, 22.33588, 0.6946565],
[2367, 4095, 4095, 4095, 4095, 328.7603, 62.92025, 342.807, 104.4198, -25.54199, 0.5725191, 179.3408, 107.317, 0.09086186, 38.44275, -19.9771, -2.526718],
[2369, 4095, 4095, 4095, 4095, 288.6625, 71.48341, 315.4317, 14.60305, -18.52672, -4.503817, 193.9222, 109.6474, 354.8253, 6.343512, -9.732824, -5.679389],
[2366, 4095, 4095, 4095, 4095, 296.2147, 65.54388, 317.4057, -128.1756, 67.94656, -3.473282, 186.9701, 109.7913, 357.3762, -41.80916, 21.54198, -1.793893],
[2367, 4095, 4095, 4095, 4095, 350.5539, 54.2374, 353.1709, -0.9541985, -6.167939, 7.412214, 171.7534, 108.8824, 2.73281, -2.870229, -0.740458, 2.938931],
[2371, 4095, 4095, 4095, 4095, 311.7489, 62.2278, 329.5422, 120.2901, -66.46565, 38.12977, 178.0404, 109.4464, 0.5763328, 38.37405, -0.8091603, 0.9465649],
[2344, 4095, 4087, 4095, 4095, 285.3343, 72.41134, 311.0762, -54.70993, 22.38168, -6.61832, 196.1855, 111.1233, 353.4773, -20.9313, 10.70229, -2.78626],
[2352, 4095, 4095, 4095, 4095, 324.1419, 58.58339, 336.2381, -122.7939, 41.57252, -36.0458, 189.1837, 108.6451, 356.7708, -48.50382, -3.870229, 7.244275],
[2353, 4095, 4095, 4095, 4095, 314.0699, 63.56386, 332.8917, 142.4046, -53.24428, 46.98473, 203.6005, 109.9883, 350.8323, 77.8855, -20.74809, -27.74046],
[2373, 4095, 4095, 4095, 4095, 282.4806, 74.28625, 308.4467, -50.76336, -13.27481, 3.877863, 193.5571, 110.5421, 354.7187, -24.89313, 17.38931, 12.49618],
[2349, 4095, 4095, 4095, 4095, 341.6752, 55.85956, 347.3641, -130.8015, 87.42748, -69.27481, 216.6674, 105.6863, 348.0294, -88.16794, 9.137404, 40.68702],
[2347, 4095, 4095, 4095, 4095, 350.2863, 58.13102, 353.9218, 118.4198, -42.0229, 21.47328, 184.4484, 106.2181, 358.609, 67.17557, -21.61832, -40.31298],
[2349, 4095, 4095, 4095, 4095, 288.632, 64.35988, 305.2304, 54.52672, -17.26718, 20.06107, 207.6334, 110.0749, 349.0213, 4.08397, -10.83969, 18.51908],
[2367, 4095, 4095, 4095, 4095, 284.2326, 74.47608, 312.6448, -151.3511, 85.91603, 10.90076, 197.1094, 110.1637, 353.4265, -58.83206, 22.05343, 16.41985],
[2350, 4095, 4091, 4095, 4095, 6.951923, 52.04642, 5.395933, 26.47328, -21.85496, 19.47328, 186.1254, 108.7575, 357.8112, 24.73283, -5.236641, -9.664123],
[2326, 4095, 4087, 4095, 4095, 280.0702, 80.52043, 317.1638, 124.4351, -37.29008, 22.89313, 207.8213, 108.6413, 349.7611, 34.22901, -24.23664, 8.732824],
[2367, 4095, 4084, 4095, 4095, 288.8595, 68.39627, 310.95, -75.9313, 17.06107, -23.9084, 201.7258, 110.6056, 351.3443, -29.15267, 22.37405, -0.3282443],
[2358, 4095, 4051, 4095, 4095, 12.26142, 50.55768, 10.09041, -80.57252, 45.9542, -82.87786, 188.8288, 105.963, 357.3544, -69.59542, 18.29771, 22.8397],
[2361, 4095, 4047, 4095, 4095, 336.4064, 58.90085, 345.2674, 115.6107, -57.06871, 39.61069, 192.8745, 109.1786, 355.3402, 63.0916, -11.42748, -29.16794],
[2375, 4095, 4055, 4095, 4095, 286.4978, 66.93851, 304.9894, 61.27481, -17.08397, 20.16794, 195.868, 112.3687, 353.2016, 25.71756, -1.473282, 12.28244],
[2335, 4095, 4063, 4095, 4095, 311.7105, 66.95592, 334.5664, -159.7481, 68.62596, -18.29008, 199.3168, 111.1751, 352.1363, -52.58016, 19.69466, 13.71756],
[2352, 4095, 4063, 4095, 4095, 1.944985, 52.89336, 1.444514, -39.09924, 9.465649, 32.22901, 180.9027, 110.5499, 359.566, -2.267176, 13.00763, 3.938931],
[2322, 4095, 4053, 4095, 4095, 325.7714, 54.82527, 334.4454, 152.1985, -42.49618, 56.46565, 198.2469, 112.5129, 352.0872, 66.96183, -15.78626, -18.72519],
[2337, 4095, 4045, 4095, 4095, 285.3467, 74.2324, 314.419, -36.74809, 5.229008, 7.557252, 191.2225, 111.8208, 355.3416, -19.66412, 11.80916, 9.59542],
[2342, 4095, 4069, 4095, 4095, 328.1014, 58.89966, 339.4679, -152.3817, 50.45038, -42.31298, 194.3894, 108.6416, 354.9371, -77.45038, 6.21374, 39.87023],
[2334, 4095, 4023, 4095, 4095, 358.2542, 53.56309, 358.698, 46.63359, -27.30534, 26.42748, 182.3457, 110.1311, 359.0423, 32.20611, -7.854962, -15.90076],
[2338, 4095, 4035, 4095, 4095, 300.085, 63.61938, 319.5506, 114.9313, -41.84733, 48.71756, 205.3701, 111.585, 349.2292, 55.30534, -23.99237, -6.251908],
[2343, 4095, 4047, 4095, 4095, 288.1436, 72.01725, 315.4696, -73.53435, 14.49618, -11.67939, 196.9871, 112.8344, 352.5407, -32.0229, 14.89313, 1.282443],
[2331, 4095, 4023, 4095, 4095, 327.9522, 61.19514, 341.0477, -112.603, 40.82443, -39.12214, 191.9318, 108.6894, 355.7996, -57.22137, 18.03053, 23.40458],
[2322, 4095, 4048, 4095, 4095, 332.9303, 62.60698, 345.1941, 97.35878, -52.12977, -1.274809, 193.4045, 109.832, 354.9708, 56.96184, -22.59542, -20.14504],
[2359, 4095, 4039, 4095, 4095, 275.3501, 81.8716, 303.815, 34.54199, -54.72519, 47.44275, 195.1644, 111.0716, 353.916, 20.61832, -1.587786, -15.19084],
[2347, 4095, 4055, 4095, 4095, 298.921, 71.21831, 328.5192, -126.9542, 67.57252, -39.75573, 201.3548, 111.558, 351.0826, -74.17558, 22.46565, 28.37405],
[2320, 4095, 4031, 4095, 4095, 22.06682, 57.00784, 14.67091, 5.610687, 3.969466, -23.8626, 158.8739, 108.2675, 7.183019, -15.35878, -7.259542, 1.458015],
[2327, 4095, 4031, 4095, 4095, 300.3653, 59.60237, 315.0737, 107.8168, -62.41985, 64.36641, 197.2957, 111.7077, 352.8056, 75.14503, -31.53435, -26.18321],
[2337, 4095, 4055, 4095, 4095, 262.4764, 98.26419, 311.6426, -8.916031, 38.45038, -37.80153, 204.5134, 113.5423, 348.6153, -41.8855, 18.01527, 10.61832],
[2352, 4095, 4027, 4095, 4095, 317.6601, 59.28221, 331.6411, -121.3435, 61.19084, -61.75573, 206.5118, 108.8642, 350.1851, -81.47328, 17.0229, 36.65649],
[2327, 4095, 4039, 4095, 4095, 332.3909, 61.95053, 344.4591, 65.29771, -57.14504, 40.37405, 188.8517, 110.0321, 356.6416, 57.38931, -20.12977, -20.42748],
[2334, 4095, 4039, 4095, 4095, 282.1607, 77.2132, 313.817, 69.71756, -27.51908, 49.52672, 210.1277, 110.4814, 347.6153, 25.44275, -5.946565, -1.045802],
[2320, 4095, 4075, 4095, 4095, 274.3486, 85.67048, 316.0939, -124.4198, 62.77863, -7.29771, 206.2608, 110.6513, 349.3205, -37.9084, 8.129771, 22.03817],
[2333, 4095, 4055, 4095, 4095, 8.682206, 59.31743, 5.122937, -64.96947, 16.61832, 11.48855, 193.7614, 110.3128, 354.7017, -13.83206, 10.53435, 9.610687],
[2350, 4095, 4069, 4095, 4095, 309.3, 68.47762, 334.3611, 124.0229, -43.31298, 29.1145, 212.1502, 109.5071, 347.2898, 55.67176, -16.17557, -13.57252],
[2352, 4095, 4029, 4095, 4095, 265.8817, 94.83436, 309.3541, -7.816794, 6.007634, 2.19084, 211.494, 110.0286, 347.2534, -10.47328, 4.969466, 1.198473],
[2341, 4095, 4031, 4095, 4095, 13.42727, 68.62298, 5.261231, -113.8702, 47.20611, -40.0229, 204.5255, 110.0559, 350.4029, -67.22137, 26.32825, 27.72519],
[2347, 4095, 4015, 4095, 4095, 327.909, 66.33673, 344.667, 97.39696, -37.19084, 34.15267, 203.0587, 109.6987, 351.1983, 47.9084, -18.22901, -26.0],
[2341, 4095, 4031, 4095, 4095, 259.4579, 101.79, 311.2442, 1.0, -1.78626, 8.511451, 211.8128, 110.1464, 347.0209, 0.08396947, -3.221374, -3.427481],
[2334, 4095, 4055, 4095, 4095, 321.3413, 61.46089, 336.548, -107.2901, 67.43511, -74.33588, 204.6874, 109.1152, 350.8094, -68.80153, 10.38931, 34.0458],
[2341, 4095, 4043, 4095, 4095, 338.4728, 74.03344, 353.5533, 101.855, -41.83206, 24.9771, 202.435, 110.4005, 351.1339, 58.74046, -20.8397, -27.67175],
[2320, 4095, 4023, 4095, 4095, 273.0377, 87.41675, 321.1552, 47.61069, 10.20611, 33.75573, 210.2039, 111.6214, 346.8507, 28.05343, -13.33588, -17.45802],
[2295, 4095, 4071, 4095, 4095, 289.5261, 76.24087, 325.5852, -83.19084, 25.60305, -63.54962, 205.309, 110.5624, 349.7977, -53.65649, 18.45038, 39.96947],
[2299, 4095, 4015, 4095, 4095, 11.18847, 62.96419, 5.698915, -58.35878, 24.68702, -15.50382, 196.8787, 108.8156, 353.976, -24.07634, 13.74809, 0.648855],
[2321, 4095, 3999, 4095, 4095, 318.7473, 65.80632, 338.552, 116.9695, -32.8855, 46.19848, 199.7524, 108.9164, 352.8571, 68.74809, -18.82443, -29.60305],
[2173, 4095, 4015, 4095, 4095, 262.4905, 99.08516, 308.8962, -12.29771, -21.83969, -17.79389, 209.7632, 110.3439, 347.8754, -15.62595, 10.07634, 13.35878],
[1991, 4095, 4055, 4095, 4095, 304.8059, 69.757, 332.1581, -124.6794, 86.76336, -45.8855, 203.2355, 111.0156, 350.4947, -63.43512, 1.282443, 29.17558],
[1887, 4095, 4055, 4095, 4095, 352.852, 57.69693, 355.4582, 2.900763, -7.38168, 0.6412213, 188.5734, 111.4951, 356.4916, 7.335878, 11.70229, -7.328244],
[2003, 4095, 4095, 4095, 4095, 291.0808, 73.26302, 322.2262, 98.15268, -36.75573, 17.25954, 208.1379, 110.4963, 348.5452, 61.15267, -15.69466, -24.24428],
[2109, 4095, 4029, 4095, 4095, 268.0044, 91.40682, 322.1566, -65.87023, 15.31298, -58.34351, 202.1626, 110.569, 351.1734, -39.12977, 13.1145, 9.442748],
[2201, 4095, 4095, 4095, 4095, 345.5326, 59.71303, 351.4344, -121.6412, 27.98473, -2.061069, 201.5925, 103.3176, 354.5271, -62.32824, 42.9542, 6.557252],
[2207, 4095, 4095, 4095, 4095, 323.3352, 68.56752, 343.7504, 139.3511, -9.129771, -10.22901, 205.8515, 105.5321, 352.1966, 57.69466, -46.69466, -0.8931297],
[2207, 4095, 4095, 4095, 4095, 287.0321, 71.80209, 313.1814, 21.58015, -20.24427, 21.44275, 203.0573, 108.6336, 351.6984, 11.67939, -0.7709923, 10.77863],
[2205, 4095, 4095, 4095, 4095, 297.3721, 70.99487, 326.5055, -76.41222, 26.47328, -33.14504, 215.925, 111.0985, 344.2099, -52.8626, 29.0229, -15.66412],
[2220, 4095, 4083, 4095, 4095, 321.4129, 61.5908, 336.7142, -61.49618, 56.0458, -9.366412, 187.2574, 105.159, 357.9262, -57.65649, 16.41221, 12.22137],
[2224, 4095, 4043, 4095, 4095, 320.1574, 63.76126, 337.7017, 100.8168, -15.53435, -11.18321, 189.567, 107.3116, 356.8876, 66.08397, -43.80916, -7.656488],
[2245, 4095, 4039, 4095, 4095, 282.4404, 74.28116, 308.3447, 65.03817, -11.8626, 9.129771, 209.8333, 113.988, 345.523, 12.43512, -9.778625, 5.259542],
[2246, 4095, 4077, 4095, 4095, 292.8955, 74.33759, 326.5942, -73.71756, 11.36641, -30.18321, 196.9225, 110.8879, 353.2516, -42.48855, 18.06107, -8.770992],
[2263, 4095, 4063, 4095, 4095, 9.760814, 56.52808, 6.437586, -51.58016, -3.015267, -12.85496, 185.9414, 106.7245, 358.1109, -28.48855, 11.80153, 14.48855],
[2227, 4095, 4095, 4095, 4095, 321.9747, 66.75594, 341.4816, 81.61833, -21.70229, 24.81679, 202.1543, 107.4828, 352.5623, 47.8855, -25.81679, -8.580153],
[2224, 4095, 4095, 4095, 4095, 287.7758, 68.38229, 309.1459, 27.94657, 6.725191, 32.38931, 205.9463, 114.2534, 347.4827, 1.580153, 4.366412, 14.99237],
[2206, 4095, 4095, 4095, 4095, 290.3587, 73.83029, 322.1884, -107.6946, 64.67175, -24.74809, 204.242, 109.6131, 350.7454, -30.37405, 14.48855, -13.60305],
[2176, 4095, 4095, 4095, 4095, 350.3046, 53.84801, 352.8905, -34.1145, 26.94657, -13.73282, 174.0172, 105.0155, 1.507097, -43.0229, 29.83206, -14.91603],
[2185, 4095, 4095, 4095, 4095, 347.8292, 56.1071, 351.7623, 123.6489, -69.35878, 3.923664, 199.6507, 106.3582, 353.8941, 62.49618, -36.84733, 16.54199],
[2175, 4095, 4095, 4095, 4095, 283.4953, 68.9849, 302.1799, 1.40458, -4.48855, -7.305344, 205.5672, 110.275, 349.8343, 18.78626, -10.85496, -11.71756],
[2157, 4095, 4095, 4095, 4095, 303.7334, 67.15244, 327.8581, -122.6412, 18.61069, 38.43512, 180.225, 108.1584, 359.8353, -34.34351, 48.21374, -25.74046],
[2142, 4095, 4095, 4095, 4095, 357.6894, 56.91753, 358.4766, 41.8626, 10.77099, 36.40458, 184.8691, 104.5983, 358.636, 4.19084, 1.694656, 23.29008],
[2144, 4095, 4095, 4095, 4095, 310.3, 53.04046, 318.51, 138.9771, -0.1603053, 42.19848, 212.3857, 112.8942, 344.8396, 13.36641, -53.59542, 32.14504],
[2179, 4095, 4095, 4095, 4095, 299.8771, 48.96192, 303.5107, -46.08397, 19.20611, -32.18321, 202.5156, 116.0266, 348.4083, -18.35878, 24.26718, -24.99237],
[2182, 4095, 4095, 4095, 4095, 8.602478, 60.05116, 4.925995, -69.37405, 0.6412213, -17.70992, 174.5007, 106.2433, 1.501113, -48.79389, 34.74809, -8.61832],
[2211, 4095, 4095, 4095, 4095, 337.3193, 62.25843, 347.6211, 149.1985, -29.36642, -2.396947, 187.1367, 106.7793, 357.7378, 51.64886, -38.80153, 16.45038],
[2187, 4095, 4059, 4095, 4095, 290.7268, 62.66746, 306.342, 24.54199, -11.51908, 7.78626, 205.0261, 111.1868, 349.5991, 6.854962, -7.633588, 7.59542],
[2197, 4095, 4054, 4095, 4095, 318.8802, 71.12611, 343.4313, -97.62595, 2.015267, -67.771, 225.6637, 105.2438, 344.2261, -55.7481, 36.87023, -14.08397],
[2215, 4095, 4071, 4095, 4095, 1.343078, 57.17433, 0.8310357, -17.49618, 11.37405, -2.519084, 180.55, 101.0792, 359.8113, -24.0687, 0.3816794, -0.6793893],
[2224, 4095, 4087, 4095, 4095, 271.454, 89.51028, 345.0646, 89.90077, -38.0916, 3.839695, 191.282, 108.5929, 356.0502, 63.32824, -35.32824, 6.183206],
[2240, 4095, 4016, 4095, 4095, 282.9668, 76.5455, 314.1861, -42.56488, -28.0458, 14.71756, 207.711, 109.1064, 349.5422, 2.122137, 12.37405, -7.442748],
[2229, 4095, 4030, 4095, 4095, 352.174, 67.15145, 356.6622, -112.0382, 46.0916, -36.41985, 215.4742, 107.2013, 347.3977, -67.47328, 41.0, 4.198473],
[2255, 4095, 4017, 4095, 4095, 347.2215, 71.32511, 355.5961, 63.67176, -24.86259, 18.69466, 195.8474, 104.9748, 355.5454, 37.55725, -12.05344, -3.778626],
[2243, 4095, 4013, 4095, 4095, 278.372, 84.52744, 327.5022, 86.42749, -10.99237, 6.587786, 220.3879, 108.828, 343.6445, 22.25954, -20.80153, 12.45038],
[2242, 4095, 3983, 4095, 4095, 268.3254, 91.23628, 320.4484, -74.12214, 40.69466, -24.40458, 215.4273, 107.2055, 347.4157, -48.44275, 26.66412, -4.671756],
[2257, 4095, 4029, 4095, 4095, 347.1459, 63.54687, 353.5155, -34.03817, -6.129771, -7.793893, 195.5813, 105.4129, 355.4911, -13.94657, 13.70229, 1.603053],
[2265, 4095, 4071, 4095, 4095, 294.0729, 80.4777, 339.5872, 141.7481, -41.67939, 9.511451, 207.4786, 107.2398, 350.6908, 53.25954, -18.96183, 0.9312977],
[2293, 4095, 3987, 4095, 4095, 279.1543, 79.57791, 311.6152, -43.36641, -0.6717557, 4.862596, 209.0644, 107.6398, 349.832, 3.610687, 2.694656, 6.0],
[2288, 4095, 3997, 4095, 4095, 287.4043, 81.77527, 335.5001, -104.626, 10.22138, 77.30535, 204.2868, 109.8792, 350.5939, -42.35115, 47.44275, 3.519084],
[2301, 4095, 4035, 4095, 4095, 352.1944, 67.6865, 356.7559, 36.29008, -25.73282, 13.76336, 200.6864, 105.4963, 353.9005, 18.67939, -0.4427481, 0.3740458],
[2289, 4095, 4083, 4095, 4095, 283.6213, 80.67233, 326.1922, 93.34352, 8.832061, -5.145038, 216.6301, 108.898, 345.5516, 59.82443, -58.41985, -5.412214],
[2316, 4095, 4071, 4095, 4095, 271.0634, 88.89214, 317.892, -77.25955, 18.67175, 11.07634, 212.6504, 112.485, 344.9806, -37.00763, 33.85496, 3.870229],
[2303, 4095, 4087, 4095, 4095, 331.2276, 66.53619, 346.6166, -105.3893, 29.13741, -35.51908, 206.6603, 109.8676, 349.572, -53.06107, 15.48092, 18.0687],
[2278, 4095, 4095, 4095, 4095, 324.8528, 72.1746, 347.2724, 91.1832, -39.25191, 2.427481, 197.7584, 111.625, 352.6355, 56.46565, -22.54962, -15.69466],
[2302, 4095, 4059, 4095, 4095, 289.2251, 67.78513, 310.6585, 36.31298, -21.80916, 29.20611, 215.8636, 112.0298, 343.5218, 19.03817, -7.21374, 6.251908],
[2288, 4095, 4069, 4095, 4095, 284.9404, 78.53776, 323.0487, -146.5954, 52.8626, -6.564886, 215.5941, 109.4656, 345.6361, -70.41985, 37.12214, -8.160305],
[2287, 4095, 4062, 4095, 4095, 6.235575, 57.65361, 3.911897, -14.63359, -1.122137, -14.06107, 186.6479, 110.2488, 357.4331, -12.62596, 10.47328, 2.793893],
[2278, 4095, 3987, 4095, 4095, 302.4337, 68.05178, 327.7329, 151.5496, -34.86259, 24.90076, 211.2535, 109.3096, 347.8402, 51.46565, -29.45802, 9.847328],
[2278, 4095, 4015, 4095, 4095, 278.5826, 80.27801, 311.8016, 29.59542, 7.625954, 4.129771, 218.3326, 110.8339, 343.0764, -11.56489, 7.801527, -6.48855],
[2256, 4095, 4023, 4095, 4095, 316.8537, 68.80956, 340.0895, -138.3053, 55.69466, 3.083969, 199.3028, 110.7953, 352.293, -47.8626, 35.29008, 4.816794],
[2247, 4095, 3983, 4095, 4095, 349.9745, 56.64622, 353.3629, 46.60306, -42.54962, 14.67176, 198.6198, 109.8917, 352.9223, 30.74046, -11.22901, -5.732824],
[2239, 4095, 4007, 4095, 4095, 291.8917, 62.04873, 307.2654, 54.27481, 5.671756, 18.74809, 221.7548, 113.088, 338.973, 36.28244, -30.19084, 25.9084],
[2229, 4095, 3991, 4095, 4095, 285.6149, 81.08118, 330.9716, -138.1832, 23.87786, -22.78626, 215.6316, 112.0912, 343.6065, -57.06107, 36.90077, -16.19084],
[2317, 4095, 4095, 4095, 4095, 13.61203, 62.46488, 7.127007, 12.96947, -12.89313, -4.137404, 181.2347, 105.7775, 359.5622, 0.5496183, -3.045802, -5.030534],
[2311, 4095, 4095, 4095, 4095, 311.3531, 77.46928, 345.8906, 112.1679, -26.85496, -8.183207, 195.6407, 109.2024, 354.3109, 71.09161, -48.65649, -15.32824],
[2343, 4095, 4079, 4095, 4095, 277.0162, 81.93891, 311.5158, -53.09924, -11.44275, 20.27481, 195.7721, 112.682, 353.1409, -17.0687, 27.55725, 10.15267],
[2323, 4095, 4063, 4095, 4095, 357.2757, 69.1217, 358.9248, -114.6336, 48.20611, -43.31298, 213.1867, 103.8602, 350.6846, -88.21374, 22.70992, -2.175573],
[2320, 4095, 4059, 4095, 4095, 355.2616, 64.05599, 357.6663, 56.21374, -34.83969, -6.091603, 172.7923, 103.6359, 1.65785, 48.89313, -24.17557, -21.1145],
[2320, 4095, 4083, 4095, 4095, 261.1774, 94.7185, 331.3046, 68.51908, -21.87786, 17.53435, 193.1405, 108.4674, 355.4283, 64.37405, -30.15267, 24.23664],
[2352, 4095, 4058, 4095, 4095, 280.4816, 79.20157, 314.4887, -98.31298, 28.64886, 0.6946565, 197.9397, 109.9557, 353.1696, -44.38931, 36.9313, -14.40458],
[2325, 4095, 4039, 4095, 4095, 15.62458, 71.58635, 5.233881, -109.0, 29.41221, 15.75572, 155.957, 102.9549, 5.785774, -54.26717, 25.60305, 10.57252],
[2281, 4095, 4095, 4095, 4095, 332.6436, 72.12185, 350.5338, 161.0992, -18.29008, -14.19084, 191.1994, 108.8278, 356.0271, 73.41985, -29.70992, 1.717557],
[2341, 4095, 4067, 4095, 4095, 294.2659, 61.56377, 309.9016, 57.48855, -3.977099, 25.75573, 200.9392, 112.8331, 350.7097, 12.99237, -4.038168, 10.22138],
[2338, 4095, 4031, 4095, 4095, 280.7121, 82.03193, 323.9151, -138.4198, 67.94656, 0.4122138, 192.7585, 106.8587, 355.9645, -63.59542, 33.16794, -8.839695],
[2311, 4095, 4015, 4095, 4095, 18.18045, 67.94314, 7.495879, -53.06107, -12.62596, 37.09924, 159.7312, 103.5475, 5.004753, 1.076336, 4.648855, 5.053435],
[2303, 4095, 4081, 4095, 4095, 291.5697, 79.04308, 334.1019, 139.0611, 5.610687, -29.52672, 203.6932, 108.5273, 351.4988, 68.37405, -31.1603, 0.0],
[2295, 4095, 4067, 4095, 4095, 281.172, 77.96301, 313.1325, -23.46565, -11.51908, 3.458015, 199.62, 109.7953, 352.5596, -8.328244, 14.83206, -3.969466],
[2307, 4095, 4055, 4095, 4095, 340.1969, 65.56652, 350.7131, -163.145, 53.1145, -16.92367, 192.8736, 104.2969, 356.5607, -90.16031, 37.61069, 14.21374],
[2316, 4095, 4063, 4095, 4095, 346.5173, 66.29324, 353.9793, 47.74046, -18.54198, 5.21374, 176.7797, 101.0304, 0.526619, 38.0, -31.70229, -8.839695],
[2315, 4095, 4079, 4095, 4095, 307.6982, 71.06612, 336.1549, 125.4504, 3.656489, 5.969466, 206.2776, 109.2919, 350.0519, 60.89313, -37.25954, 3.78626],
[2299, 4095, 4052, 4095, 4095, 278.9714, 82.83197, 321.9502, -15.19084, -19.05343, -54.18321, 202.8603, 110.8499, 350.7397, -23.61069, 25.36641, -6.312977],
[2309, 4095, 4063, 4095, 4095, 335.1346, 67.97955, 349.3946, -166.2824, 49.33588, 45.35878, 188.3151, 105.0987, 357.6425, -75.91603, 28.8626, 19.94657],
[2320, 4095, 4079, 4095, 4095, 355.6616, 58.83554, 357.3564, 51.31298, -22.79389, 23.0458, 182.0208, 107.1168, 359.2853, 37.36641, -17.9313, -5.396946],
[2335, 4095, 4079, 4095, 4095, 307.0712, 62.34597, 325.3545, 116.1221, -25.60305, 40.89313, 198.2086, 110.5741, 352.8335, 53.69466, -28.87786, 14.29771],
[2311, 4095, 4095, 4095, 4095, 282.9628, 78.89716, 319.8653, -103.8168, 18.05344, 10.49618, 198.3664, 110.7582, 352.6994, -30.16031, 23.06107, -3.969466],
[2331, 4095, 4081, 4095, 4095, 352.6406, 71.60421, 357.5097, -147.2824, 40.93893, -4.091603, 193.4465, 105.0047, 356.225, -80.65649, 15.05344, 19.59542],
[2321, 4095, 4079, 4095, 4095, 344.758, 58.40969, 350.4959, 131.9542, -31.70229, -22.57252, 181.3211, 110.0091, 359.4234, 75.12214, -32.63359, -19.30534],
[2317, 4095, 4090, 4095, 4095, 296.5065, 73.9732, 330.2071, 135.4046, -23.0687, 32.07634, 200.824, 112.4285, 350.9412, 44.70229, -19.23664, 15.08397],
[2324, 4095, 4095, 4095, 4095, 282.6926, 78.66701, 318.6511, -106.2672, 19.98473, -9.282443, 200.869, 112.5841, 350.8522, -33.58016, 26.91603, -3.832061],
[2326, 4095, 4095, 4095, 4095, 349.9687, 70.02364, 356.2974, -142.3512, 8.305344, -18.54198, 193.1983, 107.9716, 355.5369, -71.73283, 31.90076, 31.60306],
[2251, 4095, 4087, 4095, 4095, 351.3028, 65.92464, 356.0704, 99.48855, -36.1832, -0.6870229, 196.4622, 108.4045, 354.2645, 57.93893, -21.93893, -30.54962],
[2315, 4095, 4095, 4095, 4095, 294.9548, 72.07405, 325.3498, 85.40458, -31.64886, 54.03053, 209.9831, 113.3023, 345.8841, 33.77863, -23.46565, 15.35115],
[2351, 4095, 4095, 4095, 4095, 264.5011, 94.96875, 316.9879, -83.58016, 51.15267, 44.72519, 206.4629, 108.5444, 350.3787, -58.0229, 35.1145, -8.870229],
[2359, 4095, 4087, 4095, 4095, 8.643654, 59.05427, 5.154058, -104.0458, 15.64122, -6.068702, 177.237, 100.9743, 0.4338309, -57.08397, 29.92367, 12.16794],
[2331, 4095, 4095, 4095, 4095, 319.6193, 64.91409, 338.3485, 163.2214, -39.9542, -0.03053435, 206.4008, 109.065, 350.1226, 91.65648, -34.22901, -0.6564885],
[2338, 4095, 4071, 4095, 4095, 289.7833, 72.2193, 318.4687, 48.72519, 3.358779, 15.87786, 207.2343, 112.123, 348.0314, 17.16031, -17.29008, -0.02290076],
[2335, 4095, 4094, 4095, 4095, 294.7387, 67.83136, 318.6594, -162.5954, 63.67176, -25.69466, 201.5722, 110.5895, 351.4171, -72.92367, 42.1145, -17.0229],
[2343, 4095, 4095, 4095, 4095, 23.61484, 61.65252, 13.18972, -36.75573, 1.793893, -11.26718, 158.6, 105.6688, 6.19164, -22.21374, 10.22138, 15.03054],
[2335, 4095, 4091, 4095, 4095, 302.6804, 64.73116, 323.7656, 148.4733, -20.0, 17.87786, 207.942, 111.7379, 347.9071, 65.48855, -46.71756, -6.549618],
[2343, 4095, 4095, 4095, 4095, 288.5428, 66.02592, 307.1823, 18.86259, -11.91603, 51.74046, 198.4728, 117.3197, 350.0665, 7.343512, 11.64886, -1.793893],
[2345, 4095, 4077, 4095, 4095, 321.9622, 62.26649, 337.6978, -136.8855, 2.572519, -46.42748, 195.5988, 113.5808, 352.924, -54.26717, 28.26718, -18.0916],
[2347, 4095, 4093, 4095, 4095, 9.555127, 62.10803, 5.030764, -41.07634, -10.21374, 2.229008, 170.3429, 108.2146, 3.102856, -23.03054, 2.167939, 6.366412],
[2335, 4095, 4095, 4095, 4095, 311.5641, 71.90689, 339.8461, 116.2824, -32.89313, 9.541985, 182.0098, 110.7713, 359.1396, 61.94656, -29.45038, 20.19847],
[2346, 4095, 4095, 4095, 4095, 290.9111, 63.38541, 307.4631, 2.366412, -15.21374, 24.66412, 197.3733, 112.8809, 352.3478, 2.580153, 17.32825, -14.43511],
[2365, 4095, 4095, 4095, 4095, 292.7921, 75.44434, 328.4643, -126.1832, 59.93893, -68.22137, 199.7667, 108.338, 353.0809, -85.12977, 23.03054, 4.0],
[2301, 4095, 4095, 4095, 4095, 12.45186, 59.57873, 7.326259, 9.938931, -32.12214, 10.73282, 163.5455, 106.8371, 5.017362, 2.145038, 10.46565, 1.045802],
[2303, 4095, 4095, 4095, 4095, 282.936, 82.41482, 330.2519, 67.19847, -6.137404, -1.763359, 196.3545, 110.4623, 353.6275, 86.74046, -40.69466, 17.08397],
[2323, 4095, 4095, 4095, 4095, 276.6712, 85.17051, 324.8612, -28.19084, -15.49618, -5.167939, 206.5468, 114.6586, 346.9274, -26.70992, 31.63359, -3.068702],
[2315, 4095, 4095, 4095, 4095, 325.5622, 68.76875, 345.1168, -165.0153, 68.9542, -31.42748, 205.0493, 105.8626, 352.3026, -78.80153, 15.0458, 15.80916],
[2319, 4095, 4080, 4095, 4095, 355.0443, 61.09617, 357.24, 75.67175, -19.0916, 22.9084, 177.1812, 107.5726, 0.7817044, 49.47328, -34.49618, -11.19847],
[2319, 4095, 4095, 4095, 4095, 268.8462, 90.75839, 322.0192, 136.1298, -13.78626, -11.07634, 177.4761, 108.6074, 0.7366355, 55.7481, -44.96947, -3.793893],
[2261, 4095, 4095, 4095, 4095, 11.61291, 71.58985, 3.833671, 113.0229, -25.21374, -34.82443, 199.1018, 108.3575, 353.3193, 82.35878, -36.41221, -0.3969466],
[2295, 4095, 4095, 4095, 4095, 287.8021, 66.20044, 306.2142, 88.47328, 29.67939, 62.51145, 214.4814, 116.6687, 340.788, 16.64886, -30.70229, 36.54198],
[2334, 4095, 4095, 4095, 4095, 282.9484, 82.27097, 329.8002, -100.7634, 21.72519, -4.656488, 213.2645, 114.2974, 343.3318, -50.22901, 49.78626, -27.78626],
[2278, 4095, 4095, 4095, 4095, 10.19324, 56.64833, 6.696756, -30.50382, -9.854961, 4.229008, 196.9638, 109.1366, 353.8356, -28.67939, 8.442748, 3.992366],
[2288, 4095, 4095, 4095, 4095, 279.0808, 87.46119, 345.0368, 154.0076, -15.42748, 4.633588, 214.7044, 112.5653, 343.7736, 73.08397, -55.12977, 12.1603],
[2293, 4095, 4035, 4095, 4095, 294.962, 63.69739, 313.4135, -43.0229, -22.0687, -21.31298, 216.2532, 114.2801, 341.5166, -31.30534, 29.40458, -29.75573],
[2302, 4095, 3963, 4095, 4095, 308.0749, 77.40237, 344.1549, -137.9618, 35.34351, -15.38931, 207.361, 109.3847, 349.5353, -91.36642, 67.45801, -12.18321],
[2281, 4095, 4063, 4095, 4095, 356.224, 61.19339, 357.8997, 55.64122, -46.15267, 10.39695, 200.0116, 104.2262, 354.6054, 34.64122, -15.14504, -4.0],
[2283, 4095, 4039, 4095, 4095, 301.6142, 84.46738, 351.1512, 93.32825, -6.503817, 47.64122, 208.6083, 108.4025, 349.5688, 65.61832, -49.40458, 12.82443],
[2318, 4095, 4043, 4095, 4095, 274.9025, 84.20676, 310.9743, -47.32061, -9.725191, 0.7328244, 214.8552, 113.7029, 342.8243, -28.44275, 24.25954, -12.1603],
[2311, 4095, 4063, 4095, 4095, 296.5218, 76.45345, 334.3777, -152.542, 31.77863, 28.51145, 200.5234, 106.3347, 353.6147, -89.85497, 72.53435, -12.03053],
[2239, 4095, 4031, 4095, 4095, 0.59412, 63.96587, 0.2422573, 1.022901, -25.12214, 24.59542, 196.48, 104.9913, 355.3567, 40.55725, -30.71756, 1.854962],
[2269, 4095, 4071, 4095, 4095, 236.81, 93.92594, 353.8003, 115.7634, -29.80916, 40.44275, 213.1952, 110.4254, 346.1444, 65.68702, -49.56489, 34.46565],
[2301, 4095, 4095, 4095, 4095, 288.3573, 69.16455, 311.2621, -5.19084, -40.89313, 10.83206, 213.1745, 113.7888, 343.754, 21.59542, 27.73283, -5.396946],
[2291, 4095, 4095, 4095, 4095, 287.6302, 79.03553, 328.8765, -132.8168, 52.68703, -3.48855, 206.3148, 110.3251, 349.4744, -53.78626, 41.62595, -34.22901],
[2209, 4095, 4087, 4095, 4095, 9.255957, 51.36596, 7.380399, 1.938931, 4.351145, -25.90076, 215.2719, 101.6339, 351.5657, -42.29008, -0.832061, -0.5343512],
[2253, 4095, 4095, 4095, 4095, 309.6843, 68.06848, 334.2007, 136.0229, -39.16794, 24.74809, 214.8526, 109.541, 345.952, 57.87786, -35.54199, 25.77863],
[2269, 4095, 4091, 4095, 4095, 286.0388, 52.30444, 290.4817, -45.63359, -16.14504, 28.80153, 210.6906, 112.5036, 346.025, -5.48855, -1.534351, -6.664122],
[2287, 4095, 4075, 4095, 4095, 296.2261, 76.14396, 333.5532, -108.8092, 68.85497, -29.50382, 219.5722, 108.2146, 344.61, -83.9313, 41.43512, -26.72519],
[2279, 4095, 4071, 4095, 4095, 355.9015, 59.51883, 357.5666, -6.977099, -16.94657, 38.72519, 188.6655, 105.354, 357.5032, -7.862596, -1.969466, 2.694656],
[2259, 4095, 4093, 4095, 4095, 282.8916, 75.70946, 312.2119, 106.0916, -63.22137, 30.33588, 209.3176, 107.4939, 349.8166, 55.08397, -34.08397, 6.832061],
[2302, 4095, 4095, 4095, 4095, 276.3317, 80.74782, 304.7449, 16.76336, 13.40458, 33.64885, 221.5834, 112.4555, 339.6691, -7.435114, -8.351145, 16.59542],
[2309, 4095, 4095, 4095, 4095, 268.4012, 90.58067, 336.3997, -116.0916, 41.9771, -17.80916, 222.0817, 106.5548, 344.7947, -109.7939, 47.60305, -16.25954],
[2241, 4095, 4087, 4095, 4095, 20.18337, 68.92056, 7.976759, -19.68702, -0.4961832, 6.519084, 190.9756, 109.8688, 355.8788, 4.312977, -3.389313, 8.015267],
[2271, 4095, 4095, 4095, 4095, 313.5983, 75.05054, 344.3954, 74.38168, -26.82443, -9.129771, 214.4953, 106.8675, 348.0727, 48.19848, -55.38168, -3.89313],
[2283, 4095, 4055, 4095, 4095, 264.3185, 94.2249, 322.438, -44.80153, 3.572519, -20.91603, 214.0388, 114.6518, 342.6023, -17.9542, 19.16794, -11.06107],
[2303, 4095, 4086, 4095, 4095, 346.4489, 61.69864, 352.6031, -107.084, 34.28244, -22.91603, 205.001, 110.976, 349.7203, -95.38932, 28.96947, 4.091603],
[2288, 4095, 4087, 4095, 4095, 11.69562, 66.97301, 4.95605, 45.07634, -24.37405, -8.389313, 191.7762, 113.3588, 354.7349, 6.694656, -12.64886, -7.480916],
[2267, 4095, 4095, 4095, 4095, 290.5823, 83.93104, 344.3928, 113.1679, 49.76336, -26.92366, 231.1235, 111.0453, 334.2648, 102.5496, -35.39695, 21.93893],
[2307, 4095, 4095, 4095, 4095, 279.7062, 83.41681, 326.4676, -80.60306, 4.603054, -8.412213, 215.0555, 114.8536, 341.8183, -43.9771, 29.19084, -12.40458],
[2315, 4095, 4095, 4095, 4095, 356.9594, 73.37947, 359.0511, -163.5038, 0.5877862, 42.41985, 198.8833, 108.7307, 353.2589, -90.41985, 70.7481, 6.854962],
[2317, 4095, 4095, 4095, 4095, 357.643, 73.71652, 359.269, 118.0534, 0.7633588, -17.90076, 197.8508, 109.1263, 353.5034, 85.25191, -40.9542, -4.137404],
[2300, 4095, 4095, 4095, 4095, 285.6294, 77.69573, 322.321, 98.05344, 8.961832, 70.01527, 213.3967, 115.5593, 342.3253, 37.13741, -34.91603, 3.19084],
[2306, 4095, 4095, 4095, 4095, 290.7792, 76.59852, 328.0732, -113.8244, 84.79389, -6.587786, 207.5243, 113.482, 347.0892, -55.77099, 47.9542, -1.145038],
[2324, 4095, 4095, 4095, 4095, 350.4089, 53.9387, 352.9903, -73.72519, 5.977099, 1.755725, 198.2084, 108.5824, 353.5656, -55.07634, 27.37405, 12.48855],
[2255, 4095, 4095, 4095, 4095, 350.1127, 72.98274, 356.9182, 99.51908, -17.76336, -12.81679, 216.8696, 107.2537, 346.7222, 90.11451, -43.38168, -17.17557],
[2291, 4095, 4095, 4095, 4095, 292.5204, 58.79795, 304.5095, 31.37405, -0.4656488, 42.03053, 208.9549, 111.9232, 347.2916, 8.893129, -14.54198, 7.374046],
[2302, 4095, 4095, 4095, 4095, 280.9673, 79.16122, 315.6985, -129.8244, 57.22137, -25.03053, 221.0754, 106.6157, 345.2436, -89.96947, 41.35115, -11.78626],
[2291, 4095, 4095, 4095, 4095, 12.51218, 61.38896, 6.837455, -65.80916, 7.847328, 29.78626, 195.449, 108.5275, 354.5902, -21.06107, 3.534351, 16.67939],
[2288, 4095, 4095, 4095, 4095, 312.3895, 68.48514, 336.7169, 140.0229, -42.61832, 30.75573, 209.8686, 110.8809, 347.488, 93.63359, -38.21374, -9.770992],
[2274, 4095, 4095, 4095, 4095, 265.5262, 94.41651, 314.2941, -38.9542, 7.129771, -10.83206, 217.147, 110.3095, 344.1644, -15.0, 9.702291, -4.229008],
[2267, 4095, 4095, 4095, 4095, 334.2487, 58.2608, 343.42, -145.458, 54.16794, -51.45038, 221.5247, 107.3494, 344.3563, -101.7939, 40.07634, 12.70229],
[2250, 4095, 4095, 4095, 4095, 359.9257, 61.34439, 359.93, 39.17557, -13.29008, 13.25191, 196.2536, 106.1082, 355.072, 33.03817, -32.25954, -14.10687],
[2241, 4095, 4095, 4095, 4095, 291.8089, 74.23701, 324.9826, 143.9008, 0.5572519, 59.47328, 206.4794, 110.9601, 349.0502, 57.23664, -40.85496, 12.43512],
[2212, 4095, 4095, 4095, 4095, 275.0523, 86.35619, 325.184, -40.29771, -3.358779, -25.21374, 214.4252, 111.9485, 344.3915, -27.41985, 36.43512, -8.137404],
[2263, 4095, 4095, 4095, 4095, 343.5485, 71.07324, 354.2053, -155.9313, 46.33588, -3.145038, 199.2981, 106.9218, 353.7964, -72.68702, 28.00763, 14.53435],
[2287, 4095, 4095, 4095, 4095, 352.0643, 57.45348, 354.9099, 98.24428, -52.9771, 9.679389, 196.8386, 110.0855, 353.5611, 54.71756, -8.824428, -20.9313],
[2273, 4095, 4063, 4095, 4095, 297.366, 70.513, 325.7803, 135.4198, -52.76336, 42.06871, 214.798, 110.1352, 345.5388, 66.51908, -37.87786, -11.49618],
[2293, 4095, 4095, 4095, 4095, 270.5071, 89.39491, 317.9552, -96.10687, 27.80916, -27.19847, 212.521, 111.6691, 345.6212, -55.80153, 41.29771, 3.938931],
[2293, 4095, 4095, 4095, 4095, 10.76912, 64.10306, 5.209919, -119.1908, 14.0, -10.8626, 202.8999, 109.1603, 351.5155, -72.40458, 50.44275, 38.25954],
[2282, 4095, 4095, 4095, 4095, 340.0281, 71.51096, 353.0649, 80.09924, -40.0229, 30.68702, 208.4721, 109.6613, 348.8852, 96.80153, -34.94656, -20.96183],
[2278, 4095, 4095, 4095, 4095, 272.9331, 84.93777, 301.0062, 77.84733, 7.137404, 21.49618, 205.2392, 112.2784, 348.9226, -0.3587786, -19.35878, 5.610687],
[2299, 4095, 4093, 4095, 4095, 336.5027, 54.66966, 342.9093, -65.13741, 25.71756, -109.0458, 213.0332, 108.8977, 347.2923, -65.50382, 41.52672, -5.274809],
[2260, 4095, 4095, 4095, 4095, 14.31516, 57.29235, 9.245151, 2.519084, -18.87023, 22.38168, 180.888, 107.6376, 359.6266, 1.40458, -10.38931, 2.717557],
[2209, 4095, 4095, 4095, 4095, 283.6753, 82.53274, 332.0258, 61.0916, -4.374046, -9.923664, 219.3465, 109.6584, 343.4977, 58.98473, -52.36641, 12.58779],
[2288, 4095, 4017, 4095, 4095, 274.1494, 85.76178, 315.3936, -46.1374, 17.54198, -7.21374, 208.1508, 111.8065, 347.7633, -26.99237, 33.03817, -12.38168],
[2315, 4095, 4047, 4095, 4095, 310.9466, 70.32681, 337.6831, -166.3817, 60.67176, 17.42748, 195.8561, 106.6696, 355.0232, -83.38168, 39.19084, 10.78626],
[2275, 4095, 4059, 4095, 4095, 330.3805, 59.67173, 341.643, 55.34351, -24.56489, 13.75573, 191.6996, 107.9747, 356.0462, 63.27481, -31.32061, -16.15267],
[2288, 4095, 4046, 4095, 4095, 291.2479, 67.09252, 312.7742, 114.5878, -68.55725, 23.22901, 202.8365, 111.705, 350.3445, 39.63359, -33.82443, 14.66412],
[2302, 4095, 4057, 4095, 4095, 274.5718, 84.40375, 310.0184, -59.43511, 13.82443, -35.39695, 214.2958, 111.1305, 345.066, -48.33588, 33.25191, -15.48855],
[2287, 4095, 4083, 4095, 4095, 322.3282, 64.89281, 340.1603, -160.1298, 56.69466, -13.08397, 215.7231, 103.5365, 350.0226, -89.51908, 32.67176, 19.85496],
[2279, 4095, 4095, 4095, 4095, 335.4042, 68.79498, 349.9382, 33.57252, -21.0229, 26.13741, 191.1629, 101.4813, 357.6062, 49.12977, -24.38168, -16.34351],
[2256, 4095, 4095, 4095, 4095, 267.5339, 91.78218, 322.0005, 110.0229, -16.00763, 45.56489, 195.3738, 109.5387, 354.3071, 61.19848, -35.64885, 14.94656],
[2299, 4095, 4095, 4095, 4095, 265.7006, 93.43477, 320.1739, -99.36641, 49.29771, -12.61069, 213.0016, 108.6956, 347.4471, -50.83206, 33.55725, -4.755725],
[2271, 4095, 4095, 4095, 4095, 344.366, 65.8918, 352.8565, -64.98474, 9.465649, -26.21374, 207.4457, 106.8195, 350.9373, -55.9771, 44.54198, 20.8397],
[2275, 4095, 4095, 4095, 4095, 335.1807, 67.87929, 349.3644, 113.7939, -38.9542, -6.854962, 200.1752, 109.8061, 352.3318, 80.48092, -30.74809, -7.648855],
[2288, 4095, 4095, 4095, 4095, 276.655, 85.48175, 326.6112, 65.15267, -7.328244, 37.45038, 218.4723, 111.6371, 342.3242, 47.36641, -33.58016, 15.40458],
[2295, 4095, 4095, 4095, 4095, 279.6181, 81.31243, 318.3896, -75.80916, 20.87786, -19.19847, 215.2525, 109.9799, 345.4214, -52.9084, 39.47328, -8.526717],
[2302, 4095, 4095, 4095, 4095, 341.9281, 70.69669, 353.4708, -127.6947, 25.29771, 17.70992, 195.1005, 106.1771, 355.411, -59.1145, 43.09924, 19.32825],
[2246, 4095, 4095, 4095, 4095, 342.3649, 63.62052, 351.0435, 108.2977, -20.0916, 21.19084, 196.4136, 109.0242, 354.0794, 85.78627, -41.53435, -13.33588],
[2257, 4095, 4095, 4095, 4095, 284.0374, 77.32823, 318.3148, 48.06107, -3.748092, 45.65649, 212.433, 111.9761, 345.4543, -1.007634, -15.48855, 9.923664],
[2239, 4095, 4077, 4095, 4095, 288.6214, 75.68306, 323.0753, -91.51145, 26.22901, -37.49618, 218.9936, 108.2471, 344.8809, -71.69466, 49.30534, -10.05344],
[2281, 4095, 4093, 4095, 4095, 355.283, 58.1619, 357.0523, -73.25954, 30.51908, -38.07634, 214.1359, 104.722, 349.7468, -46.00763, -0.9236641, 14.96947],
[2256, 4095, 4095, 4095, 4095, 335.4219, 66.25276, 348.6363, 120.9008, -30.54962, 14.82443, 199.1127, 105.9985, 354.2053, 79.45038, -29.46565, -14.09924],
[2259, 4095, 4083, 4095, 4095, 248.5255, 104.5797, 326.2047, 55.30534, -12.96947, 34.84733, 212.5796, 111.7229, 345.5526, 26.66412, -8.0, 10.08397],
[2293, 4095, 4087, 4095, 4095, 296.6142, 72.44533, 327.8799, -69.16794, 16.32061, -45.09923, 217.0366, 108.1659, 345.9258, -76.24428, 40.63359, 7.59542],
[2262, 4095, 4095, 4095, 4095, 11.99851, 62.4531, 6.260384, -62.8855, 49.1603, -49.96947, 217.0348, 103.8036, 349.3395, -77.31298, 23.38931, 13.83206],
[2251, 4095, 4095, 4095, 4095, 345.6944, 65.51174, 353.3673, 107.9237, -20.58779, 23.03054, 199.1321, 107.7085, 353.5553, 86.44275, -30.9542, -18.14504],
[2289, 4095, 4079, 4095, 4095, 277.4307, 83.14549, 317.8996, 72.29771, -25.22137, 0.5267176, 202.111, 112.6038, 350.2592, 30.21374, -37.29771, 8.229008],
[2315, 4095, 4087, 4095, 4095, 279.1881, 83.03345, 323.4195, -97.55725, 8.083969, -2.152672, 211.2778, 111.3966, 346.4518, -54.52672, 50.65649, -1.633588],
[2294, 4095, 4086, 4095, 4095, 351.6016, 72.32312, 357.2762, -145.0382, 18.73282, -10.55725, 201.7864, 102.8388, 354.6749, -89.43511, 28.49618, 52.61832],
[2283, 4095, 4079, 4095, 4095, 18.2994, 67.97197, 7.537245, 109.7481, -21.77099, 2.366412, 202.596, 108.3328, 352.0159, 86.45802, -22.80153, -35.43512],
[2288, 4095, 4095, 4095, 4095, 275.7565, 87.16775, 334.7508, 124.5496, 6.175572, 64.40458, 211.3211, 112.5448, 345.6608, 50.43512, -32.05344, 8.396947],
[2288, 4095, 4083, 4095, 4095, 283.4435, 77.41456, 317.2428, -64.63359, 24.10687, -14.99237, 209.1237, 112.8554, 346.6273, -47.48092, 34.12977, -1.10687],
[2318, 4095, 4086, 4095, 4095, 344.3292, 68.04306, 353.538, -180.9313, 22.70229, -17.26718, 197.1681, 106.6039, 354.6186, -92.29771, 50.85496, 47.9542],
[2288, 4095, 4087, 4095, 4095, 349.8111, 57.29085, 353.4151, 115.916, -48.74046, 8.19084, 203.5863, 107.4785, 352.0391, 69.70993, -18.83969, -29.36642],
[2302, 4095, 4087, 4095, 4095, 275.8549, 84.77945, 319.0445, 87.32061, -19.62595, 40.64122, 217.8816, 107.0759, 346.3916, 55.00763, -31.35114, -1.282443],
[2303, 4095, 4081, 4095, 4095, 275.788, 84.9924, 319.9249, -135.0534, 52.99237, 6.40458, 220.6238, 109.0268, 343.3397, -67.70229, 32.32824, 18.05344],
[2278, 4095, 4091, 4095, 4095, 335.4182, 58.07318, 344.1219, -139.8397, 49.84733, 24.08397, 214.1557, 108.7499, 346.8692, -44.80153, 11.50382, 13.28244],
[2279, 4095, 4093, 4095, 4095, 326.9895, 70.68311, 347.1967, 124.084, -37.51909, -5.740458, 207.8639, 108.3336, 349.9192, 76.51145, -23.93893, -22.48855],
[2307, 4095, 4095, 4095, 4095, 280.3656, 83.74206, 329.5115, 78.92367, -41.61832, 41.53435, 219.2734, 110.6363, 342.7035, 60.30534, -27.64886, 5.419847],
[2306, 4095, 4091, 4095, 4095, 280.9584, 82.14972, 324.9548, -60.9542, 24.9542, -16.67939, 217.4988, 112.121, 342.4996, -32.34351, 24.31298, 0.7938931],
[2293, 4095, 4071, 4095, 4095, 327.8693, 72.95203, 349.1178, -133.0916, 35.00763, -36.64122, 222.5239, 105.7807, 345.2899, -91.06871, 25.33588, 39.07634],
[2281, 4095, 4095, 4095, 4095, 19.60863, 65.54115, 9.122431, 27.56489, -10.49618, 19.23664, 208.9727, 106.7046, 350.4222, 24.54962, -11.49618, -17.20611],
[2245, 4095, 4095, 4095, 4095, 295.2531, 80.44452, 340.5151, 183.458, -14.53435, -2.671756, 211.5337, 109.6086, 347.5129, 94.2977, -53.0, -16.91603],
[2262, 4095, 4091, 4095, 4095, 271.5919, 88.72866, 324.4291, -46.49618, -5.061069, -11.64886, 217.4246, 113.5315, 341.3891, -14.12214, 12.31298, -4.305344],