[2065, 4095, 3515, 3895, 1979, 342.2148, 23.12751, 323.2516, -3.40458, 2.480916, 0.8396947, 213.3652, 123.0821, 336.5901, -2.427481, 0.6793893, 1.312977],
[2063, 4095, 3519, 3915, 1975, 342.3239, 22.32401, 322.3513, -3.160305, 0.06870229, -0.8167939, 212.2494, 123.6381, 337.0373, -2.625954, 1.664122, 2.251908],
[2062, 4095, 3531, 3883, 1983, 342.1522, 22.86429, 322.7978, -2.328244, 1.870229, -0.5954198, 213.384, 123.5033, 336.2397, -2.755725, 1.740458, 2.122137],
[2067, 4095, 3531, 3915, 1983, 342.5819, 22.87987, 323.5346, -3.251908, 1.679389, 0.4198473, 213.734, 122.8254, 336.5034, -2.648855, 0.09160305, 1.335878],
[2064, 4095, 3515, 3919, 1993, 343.2409, 23.00733, 324.8187, -4.091603, 1.89313, 1.068702, 214.277, 123.4949, 335.5287, -3.259542, 1.442748, 0.9083969],
[2075, 4095, 3518, 3909, 1998, 343.2525, 22.50581, 324.1766, -2.580153, 1.832061, 0.1832061, 214.0567, 123.4606, 335.7343, -2.824427, 0.7633588, 1.946565],
[2083, 4095, 3515, 3899, 1985, 342.4875, 22.62912, 323.0405, -3.091603, 2.244275, 0.4351145, 213.8298, 123.8242, 335.6227, -4.076336, 0.4885496, 0.9007633],
[2058, 4095, 3527, 3871, 2003, 343.0178, 22.57843, 323.8708, -3.076336, 1.21374, 0.3358779, 214.5786, 123.4728, 335.3029, -1.435114, 0.9541985, 1.335878],
[2071, 4095, 3517, 3887, 1995, 342.5519, 22.27625, 322.6696, -3.007634, 1.931298, 0.03816794, 213.519, 124.2537, 335.5279, -2.70229, 1.206107, 1.206107],
[2095, 4095, 3526, 3895, 2007, 342.6868, 22.49428, 323.1946, -3.954198, 1.534351, 1.183206, 214.0339, 123.9474, 335.3567, -1.824428, 0.3206107, 1.045802],
[2066, 4095, 3531, 3891, 1999, 342.7859, 22.62028, 323.5321, -3.083969, 1.770992, 1.129771, 212.6682, 124.377, 336.122, -1.603053, 0.1603053, 1.419847],
[2079, 4095, 3531, 3891, 1985, 342.4435, 22.4735, 322.7561, -3.480916, 2.839695, -0.1221374, 214.0869, 123.5026, 335.6758, -3.076336, 1.396947, 1.259542],
[2077, 4095, 3527, 3911, 1999, 343.2187, 22.79135, 324.4977, -4.022901, 1.519084, -0.2442748, 213.5014, 123.8003, 335.9075, -2.610687, 0.7022901, 1.610687],
[2074, 4095, 3526, 3903, 1983, 343.2011, 22.21002, 323.6893, -4.022901, 1.427481, 0.2519084, 214.4467, 123.8128, 335.1304, -2.442748, 1.80916, 0.9847328],
[2091, 4095, 3537, 3903, 2012, 342.4647, 23.01016, 323.5114, -2.748092, 2.832061, 0.2290076, 213.4144, 123.8667, 335.9244, -2.664122, 1.038168, 1.48855],
[2059, 4095, 3529, 3887, 2011, 342.6416, 22.69779, 323.3921, -3.030534, 1.854962, -0.1603053, 213.582, 123.7893, 335.8512, -1.648855, 0.9541985, 1.51145],
[2091, 4095, 3536, 3934, 2000, 342.4249, 22.66193, 322.9798, -2.954198, 2.389313, -0.5648855, 213.9282, 124.2705, 335.1795, -3.656489, 0.9847328, 1.580153],
[2077, 4095, 3505, 3911, 2006, 342.4929, 22.47119, 322.836, -3.022901, 2.824427, 0.1526718, 213.0456, 123.9972, 336.1178, -3.51145, 1.053435, 1.564886],
[2095, 4095, 3536, 3871, 2000, 342.7314, 22.48955, 323.2636, -2.916031, 2.282443, 0.09160305, 213.209, 124.2414, 335.7904, -1.480916, 1.022901, 1.717557],
[2077, 4095, 3523, 3903, 2019, 342.6759, 22.7681, 323.5439, -3.862595, 1.625954, -0.6717557, 213.6803, 123.9381, 335.6516, -3.473282, 1.29771, 1.89313],
[2075, 4095, 3537, 3907, 2001, 343.1683, 22.5937, 324.1491, -3.664122, 1.755725, 0.2671756, 213.8284, 123.9586, 335.5148, -3.435115, 0.7022901, 1.496183],
[2082, 4095, 3535, 3915, 2025, 342.6806, 23.06698, 323.9477, -2.351145, 1.633588, 0.2366412, 213.0456, 123.9738, 336.1365, -3.251908, 1.267176, 1.229008],
[2086, 4095, 3525, 3887, 2015, 342.8999, 22.84693, 324.0274, -3.244275, 2.221374, -0.8854962, 213.4515, 124.6346, 335.2751, -2.89313, 1.908397, 1.969466],
[2071, 4095, 3521, 3915, 2001, 343.2467, 22.26811, 323.847, -3.908397, 2.465649, -0.7328244, 212.9394, 124.8444, 335.5278, -3.480916, 1.045802, 2.335878],
[2079, 4095, 3541, 3903, 2017, 343.7075, 22.79436, 325.3463, -3.083969, 3.755725, -0.9083969, 212.9107, 124.3977, 335.9083, -4.931298, 1.358779, 2.0],
[2064, 4095, 3532, 3895, 1993, 342.8388, 22.77078, 323.8227, -3.458015, 2.244275, -0.3435115, 213.0656, 124.6274, 335.5981, -2.832061, 1.312977, 2.343511],
[2077, 4095, 3511, 3911, 2000, 343.1808, 22.04583, 323.4303, -3.030534, 1.480916, 0.3816794, 213.6801, 124.1102, 335.5125, -3.21374, 1.167939, 0.8931297],
[2080, 4095, 3507, 3910, 2003, 343.6667, 22.54093, 324.9423, -2.908397, 2.290076, -0.05343511, 213.8907, 124.8511, 334.7352, -2.687023, 0.4503817, 1.763359],
[2070, 4095, 3535, 3911, 2007, 343.2496, 22.44892, 324.0954, -3.687023, 2.549618, -0.2824428, 213.6166, 125.588, 334.3595, -2.763359, 1.671756, 1.358779],
[2085, 4095, 3555, 3919, 2029, 343.3129, 22.71819, 324.5629, -3.557252, 1.458015, 0.7022901, 213.6167, 124.9756, 334.8612, -1.503817, 0.4503817, 1.343511],
[2074, 4095, 3543, 3883, 2023, 343.1443, 22.1051, 323.4482, -3.0, 2.587786, -0.2748091, 213.6899, 124.9219, 334.8442, -3.328244, 0.9923664, 1.122137],
[2085, 4095, 3519, 3903, 2019, 343.9518, 22.07927, 324.8286, -2.328244, 1.122137, 0.3129771, 213.2709, 124.6671, 335.3975, -2.145038, 1.954198, 1.038168],
[2039, 4095, 3519, 3891, 2026, 343.0492, 22.75189, 324.1554, -2.221374, 1.526718, 0.3740458, 213.4344, 124.6666, 335.2633, -3.496183, 1.419847, 1.374046],
[2068, 4095, 3535, 3915, 2020, 343.3661, 23.11588, 325.1741, -2.885496, 2.335878, 0.2061069, 213.6337, 124.4961, 335.2376, -2.900763, 1.145038, 1.351145],
[2073, 4095, 3533, 3895, 2025, 343.2555, 22.89868, 324.7019, -2.534351, 1.854962, 0.480916, 214.1025, 124.7182, 334.6685, -2.251908, 0.6946565, 1.099237],
[2092, 4095, 3533, 3919, 2015, 343.1647, 22.96917, 324.6387, -2.862595, 1.534351, 0.5877862, 213.9476, 124.2678, 335.1657, -3.442748, 0.8015267, 1.183206],
[2074, 4095, 3519, 3899, 2011, 343.2616, 22.21601, 323.8021, -2.931298, 1.641221, 0.007633588, 212.9411, 124.9081, 335.4753, -2.48855, 1.496183, 1.305344],
[2073, 4095, 3536, 3891, 2025, 343.0778, 22.32744, 323.6358, -3.603053, 1.885496, 0.4580153, 213.5598, 124.7101, 335.1245, -3.19084, 1.206107, 0.9007633],
[2079, 4095, 3525, 3856, 2011, 343.059, 22.43095, 323.7433, -3.816794, 2.068702, 0.4961832, 213.4817, 124.8158, 335.1033, -3.061069, 1.366412, 0.6870229],
[2081, 4095, 3535, 3925, 2027, 342.7849, 23.12775, 324.2027, -4.908397, 1.007634, 0.08396947, 213.5997, 125.1388, 334.7419, -2.022901, 3.183206, 0.259542],
[2058, 4095, 3519, 3889, 2026, 342.6964, 22.71089, 323.5021, -2.0, 3.389313, 0.5954198, 211.3525, 124.2659, 337.2682, -3.152672, -1.21374, 1.946565],
[2064, 4095, 3519, 3878, 2026, 342.9137, 21.82249, 322.6605, -3.183206, 5.519084, 2.496183, 212.2457, 124.2566, 336.5585, -0.648855, -3.564885, -0.8778625],
[2061, 4095, 3533, 3875, 2032, 342.4372, 22.06351, 322.1828, -3.732824, 0.6793893, 0.7862596, 212.8219, 125.4597, 335.1309, -3.954198, 2.824427, 1.244275],
[2096, 4095, 3527, 3911, 2022, 343.2439, 22.26948, 323.8439, -3.946565, 2.160305, 0.0610687, 212.151, 125.1946, 335.8989, -4.458015, 1.862595, 0.8091603],
[2080, 4095, 3519, 3883, 2011, 344.3435, 20.59965, 323.474, -7.251908, -0.2061069, -0.6335878, 212.5288, 125.8914, 335.0295, -3.091603, 5.641222, 1.603053],
[2045, 4095, 3523, 3869, 2016, 342.8037, 22.22519, 323.0274, -4.160306, 1.030534, -0.8015267, 212.861, 125.1865, 335.318, -1.419847, 1.954198, 2.061069],
[2063, 4095, 3509, 3903, 2001, 343.2081, 22.34133, 323.8792, -3.045802, 2.946565, 0.519084, 212.8319, 124.891, 335.579, -2.885496, 0.3358779, 1.496183],
[2037, 4095, 3533, 3903, 2015, 343.0308, 22.18099, 323.3561, -1.763359, 1.78626, 0.1832061, 212.9317, 125.4105, 335.0789, -3.564885, -0.03053435, 2.091603],
[1959, 4095, 3437, 3787, 1865, 336.1843, 25.65211, 317.5501, -0.0610687, 3.022901, 1.374046, 212.9047, 121.8203, 337.937, -0.9541985, -1.221374, 1.465649],
[1963, 4095, 3435, 3767, 1885, 335.8143, 25.74402, 317.1699, -1.770992, 0.9847328, 0.8091603, 213.5925, 121.8903, 337.3566, -0.9160305, 0.6259542, 1.396947],
[1968, 4095, 3437, 3771, 1885, 336.5503, 24.81306, 316.9662, -3.465649, 1.48855, -0.6946565, 211.7688, 123.1022, 337.8269, -2.923664, 1.435114, 1.984733],
[1966, 4095, 3453, 3775, 1888, 336.8792, 25.45902, 318.2522, -4.167939, 1.801527, -0.5954198, 213.6287, 122.6333, 336.7395, -3.389313, 2.007634, 2.0],
[1967, 4095, 3423, 3795, 1899, 336.9215, 25.30422, 318.1125, -2.763359, 1.961832, 0.6412213, 212.5709, 123.0911, 337.2088, -2.351145, 0.4274809, 1.19084],
[1968, 4095, 3455, 3781, 1907, 336.7988, 24.72899, 317.1978, -2.29771, 1.587786, -0.2671756, 212.6108, 122.9257, 337.3062, -3.763359, 0.5267176, 1.618321],
[1942, 4095, 3471, 3790, 1909, 337.2165, 24.99378, 318.122, -3.908397, 2.412214, -0.03053435, 212.851, 122.6477, 337.3354, -1.587786, 0.9694656, 1.938931],
[1973, 4095, 3472, 3775, 1915, 337.0545, 24.85524, 317.7166, -3.068702, 2.290076, -0.2977099, 213.3462, 122.7628, 336.8583, -2.267176, 1.19084, 1.664122],
[1941, 4095, 3467, 3775, 1919, 337.2622, 25.56311, 318.9153, -3.664122, 1.603053, 0.3969466, 213.1073, 122.7892, 337.0246, -2.259542, 1.259542, 1.335878],
[1955, 4095, 3479, 3781, 1913, 337.3878, 24.95481, 318.311, -3.427481, 2.412214, -0.2442748, 213.1066, 122.943, 336.904, -2.740458, 1.030534, 1.78626],
[1974, 4095, 3491, 3805, 1926, 337.4422, 24.80525, 318.1933, -3.70229, 0.2977099, 0.1145038, 213.0606, 123.0399, 336.8639, -0.5496183, 2.343511, 1.496183],
[1961, 4095, 3475, 3790, 1927, 337.2492, 26.72469, 320.3424, -3.221374, 2.068702, -1.564886, 214.7683, 122.5811, 335.8827, -3.465649, 1.687023, 2.763359],
[1955, 4095, 3463, 3795, 1943, 336.643, 26.19321, 318.8548, -3.152672, 3.870229, -0.2442748, 213.599, 122.3053, 337.0233, -3.435115, 0.3587786, 1.343511],
[1967, 4095, 3479, 3781, 1910, 337.371, 26.06346, 319.6959, -2.458015, 2.076336, 1.015267, 212.3402, 123.6227, 336.9773, -1.793893, -0.389313, 1.167939],
[1970, 4095, 3463, 3793, 1925, 337.0244, 25.39397, 318.3697, -4.282443, 1.78626, -0.519084, 213.5989, 122.7943, 336.6347, -3.541985, 2.587786, 1.755725],
[1962, 4095, 3467, 3791, 1914, 337.4634, 25.22281, 318.7624, -2.427481, 1.618321, 0.2519084, 212.7093, 122.969, 337.1955, -3.564885, 1.007634, 1.450382],
[1975, 4095, 3487, 3799, 1923, 338.3845, 24.9329, 319.7007, -3.007634, 2.145038, 0.5572519, 212.1133, 123.7885, 337.0288, -1.763359, 0.7022901, 1.015267],
[1961, 4095, 3483, 3807, 1938, 337.8566, 25.35697, 319.4882, -3.145038, 0.870229, 0.4045802, 213.2557, 123.1532, 336.6204, -2.70229, 1.152672, 1.580153],
[1965, 4095, 3479, 3790, 1936, 339.022, 23.81373, 319.167, -4.366412, 3.870229, 1.038168, 211.8378, 123.4622, 337.498, -0.4580153, 0.1679389, 2.48855],
[1994, 4095, 3467, 3791, 1953, 337.0673, 24.84585, 317.7222, -2.21374, 0.1374046, 4.862596, 212.7742, 123.7925, 336.4983, 2.78626, 0.9236641, -2.038168],
[1974, 4095, 3495, 3793, 1940, 338.3474, 24.1436, 318.6166, -0.5572519, 2.862595, 3.366412, 213.2793, 124.6859, 335.3754, 0.9923664, -2.938931, 0.389313],
[1970, 4095, 3491, 3803, 1958, 337.5484, 24.98441, 318.575, -4.366412, -0.389313, 2.450382, 212.058, 124.3828, 336.6114, -1.877863, 2.29771, -0.2137404],
[1989, 4051, 3503, 3787, 1945, 337.3349, 24.93581, 318.2124, -2.541985, 1.946565, -0.4580153, 212.8299, 123.8515, 336.407, -3.687023, 1.51145, 1.755725],
[1969, 4027, 3551, 3862, 1957, 337.6086, 23.44977, 316.6234, -4.229008, 4.900764, 0.6030535, 211.5959, 124.4244, 336.9515, -3.328244, 0.5572519, 0.7709923],
[1969, 4049, 3557, 3870, 1961, 337.3335, 24.25836, 317.322, -3.748092, 0.8854962, 1.519084, 212.4075, 124.2464, 336.436, -0.6870229, 0.5954198, 0.3358779],
[1968, 4079, 3538, 3877, 1955, 337.5749, 24.99733, 318.629, -3.221374, 0.610687, 2.549618, 213.0312, 123.8547, 336.2428, -0.8854962, 0.389313, 0.1603053],
[1978, 4087, 3527, 3871, 1975, 335.9885, 24.19808, 315.3913, -2.80916, 0.4732824, 0.9770992, 211.3825, 124.0381, 337.418, -2.320611, 1.137405, 1.061069],
[1998, 4095, 3555, 3888, 1963, 336.3994, 24.86817, 316.8321, -2.541985, 0.3740458, 0.1603053, 212.2607, 124.2898, 336.5203, -1.335878, 1.038168, 1.862595],
[1990, 4095, 3525, 3894, 1961, 337.0551, 24.97011, 317.8667, -2.068702, 2.534351, 0.2519084, 212.4764, 123.7144, 336.7975, -2.977099, 1.206107, 1.70229],
[1970, 4095, 3537, 3877, 1970, 335.8703, 24.89171, 316.1473, -2.633588, 1.351145, -0.3587786, 212.6073, 124.3393, 336.2012, -2.534351, 1.923664, 1.343511],
[1975, 4095, 3543, 3871, 1984, 337.0541, 24.4388, 317.1703, -3.221374, 2.770992, -0.4045802, 211.4905, 124.226, 337.1883, -2.763359, -0.08396947, 1.610687],
[1991, 4095, 3557, 3875, 1982, 337.3275, 23.97242, 316.9325, -2.061069, 2.244275, -0.2137404, 211.8273, 124.6273, 336.6077, -3.160305, 0.7862596, 1.923664],
[1986, 4095, 3551, 3891, 1972, 337.4226, 24.63891, 317.9487, -2.648855, 1.687023, 1.007634, 211.0914, 125.4517, 336.571, -1.061069, 0.8396947, 1.145038],
[1975, 4095, 3574, 3887, 1984, 338.0155, 25.02782, 319.2933, -4.679389, 2.725191, -1.465649, 212.1064, 124.7299, 336.3009, -3.916031, 0.5877862, 2.839695],
[1987, 4095, 3555, 3863, 1981, 337.6045, 24.77078, 318.3772, -3.465649, 0.9236641, -0.4503817, 211.4528, 124.8761, 336.719, -2.954198, 2.068702, 1.946565],
[2021, 4095, 3542, 3867, 1984, 337.5593, 24.67875, 318.1933, -3.267176, 1.519084, 1.045802, 211.7848, 124.9251, 336.4107, -4.206107, 1.877863, 0.3053435],
[1975, 4095, 3543, 3863, 1982, 337.2452, 24.453, 317.4557, -4.068702, 1.610687, 0.5419847, 212.5216, 124.5155, 336.1315, -2.152672, 2.229008, 0.8549618],
[1997, 4095, 3539, 3903, 1979, 337.4249, 24.37684, 317.6075, -2.473282, 1.259542, 1.305344, 211.6599, 124.6998, 336.6873, -1.236641, 0.9847328, 1.076336],
[1984, 4095, 3551, 3883, 1984, 337.3666, 24.16661, 317.2467, -3.053435, 1.969466, 0.129771, 211.6679, 124.9856, 336.4589, -2.931298, 1.145038, 1.29771],
[1995, 4095, 3539, 3882, 1987, 336.9761, 24.72921, 317.4434, -3.977099, -6.290076, -0.09160305, 211.3192, 124.3511, 337.2297, -1.152672, 7.419847, 2.152672],
[1979, 4095, 3536, 3883, 1990, 338.3548, 24.46703, 319.0533, -0.03053435, 2.610687, 2.328244, 211.224, 125.7386, 336.2399, -2.229008, -1.732824, 0.4732824],
[2005, 4095, 3543, 3886, 2010, 337.5302, 23.61562, 316.7377, -2.229008, 2.748092, 1.259542, 211.3486, 124.9568, 336.7416, -0.6259542, 0.3816794, 0.8244275],
[2006, 4095, 3537, 3891, 1994, 339.2248, 23.00897, 318.379, -4.885496, 0.3129771, 0.1145038, 211.1317, 126.0096, 336.1063, -0.9770992, 2.70229, 2.022901],
[1987, 4095, 3543, 3887, 2006, 343.1313, 21.20085, 322.1608, 9.137404, 3.48855, 7.641222, 209.1261, 125.8998, 337.8458, -0.1679389, -5.068702, -0.7099237],
[2011, 4095, 3551, 3863, 2012, 337.3614, 24.19718, 317.2801, -2.938931, 1.870229, 3.374046, 211.4918, 126.0796, 335.7506, 0.4045802, 0.3740458, -1.671756],
[1995, 4095, 3558, 3883, 1999, 338.4416, 23.54124, 317.9467, -2.725191, 1.770992, -0.3358779, 211.2644, 126.0389, 335.9728, -2.236641, 1.763359, 1.664122],
[1996, 4095, 3543, 3887, 2000, 336.4195, 24.09924, 315.844, -1.21374, -0.2137404, 1.274809, 211.0633, 125.8048, 336.3218, 0.03816794, -0.007633588, 0.4580153],
[2000, 4095, 3540, 3903, 2014, 337.3944, 23.92614, 316.9646, -4.259542, 1.526718, -0.3587786, 211.9597, 125.8191, 335.5643, -4.648855, 2.801527, 1.251908],
[2032, 3955, 3570, 3967, 1949, 334.3488, 25.44178, 314.8633, -1.038168, 3.167939, -0.9923664, 215.581, 123.4526, 334.5034, -1.900763, 0.1221374, 3.099237],
[2009, 4007, 3567, 3975, 1951, 334.6159, 25.7398, 315.589, -1.961832, 1.465649, 0.480916, 215.4057, 123.1849, 334.871, -3.603053, 0.8473283, 0.9160305],
[2032, 4047, 3551, 3983, 1950, 334.5543, 25.7819, 315.5631, -1.885496, 2.305344, -0.6335878, 215.0638, 124.0866, 334.3966, -3.076336, 0.610687, 1.816794],
[2014, 4063, 3551, 3985, 1952, 335.4185, 25.33061, 316.1144, -2.740458, 0.961832, 0.6870229, 215.1588, 123.7587, 334.5926, -1.183206, 1.282443, 0.7328244],
[2062, 4095, 3561, 3975, 1968, 335.6081, 25.51814, 316.6069, -2.076336, 1.015267, 0.519084, 215.8435, 123.7326, 334.0506, -3.572519, 0.7938931, 1.641221],
[2034, 4067, 3565, 4031, 1955, 336.426, 25.67109, 317.9018, -3.21374, 2.450382, 0.5496183, 215.4333, 124.308, 333.9034, -2.167939, 0.9389313, 1.48855],
[2032, 4055, 3563, 3963, 1983, 336.0678, 25.69015, 317.4414, -2.206107, 1.412214, 0.8396947, 214.9018, 124.1727, 334.4584, -0.8854962, 0.7251908, 1.549618],
[2043, 4063, 3599, 3975, 1965, 336.3283, 25.19325, 317.1571, -1.832061, 2.312977, 0.3206107, 215.0317, 124.1816, 334.3436, -2.366412, -0.2900764, 1.763359],
[2046, 4063, 3568, 3987, 1973, 336.3688, 25.19987, 317.2206, -2.122137, 2.076336, 0.129771, 215.0954, 124.6899, 333.8635, -3.358779, 1.167939, 1.694656],
[2026, 4083, 3598, 3967, 1999, 336.3907, 25.4475, 317.5688, -3.290076, 1.572519, 0.389313, 215.1677, 123.9907, 334.391, -1.564886, 0.6641222, 1.847328],
[2036, 4061, 3583, 3979, 1982, 336.3375, 25.2467, 317.2386, -3.503817, 2.083969, 0.740458, 214.7409, 125.1565, 333.7693, -3.282443, 0.9770992, 1.0],
[2018, 4081, 3599, 3967, 1997, 335.7418, 24.49971, 315.4604, -2.679389, 2.091603, -0.4427481, 214.3165, 124.9391, 334.3075, -3.267176, 1.419847, 1.557252],
[2037, 4095, 3547, 3983, 2002, 336.2547, 25.08121, 316.9123, -3.480916, 0.961832, 0.351145, 215.3233, 124.5955, 333.7522, -1.358779, 1.977099, 1.312977],
[2019, 4091, 3579, 3987, 1988, 336.8795, 25.05236, 317.73, -2.854962, 1.580153, -0.08396947, 214.6702, 124.6487, 334.2536, -3.251908, 2.045802, 1.183206],
[2015, 4083, 3570, 3985, 2002, 337.0628, 24.93117, 317.8268, -2.877863, 1.70229, 0.7175572, 214.4975, 124.6239, 334.4181, -1.664122, 1.091603, 1.343511],
[2033, 4095, 3583, 3983, 2004, 336.5047, 24.94842, 317.0804, -3.587786, 0.8473283, 0.389313, 214.5102, 125.1355, 333.9814, -3.519084, 1.961832, 0.6335878],
[2029, 4095, 3583, 3987, 2000, 336.0445, 25.4052, 317.0461, -2.78626, 3.587786, 0.007633588, 215.1017, 124.579, 333.9517, -2.007634, 1.854962, 1.114504],
[2035, 4095, 3547, 3983, 2001, 336.4422, 24.93399, 316.9761, -3.671756, 2.587786, -0.3053435, 214.942, 123.973, 334.5919, -3.129771, 1.351145, 1.618321],
[2023, 4095, 3583, 3955, 2013, 335.8191, 24.33761, 315.3492, -2.091603, 1.748092, -0.03816794, 214.6879, 124.5333, 334.3351, -4.717557, 1.030534, 1.557252],
[2032, 4095, 3575, 3955, 2002, 335.7905, 25.02395, 316.2126, -3.206107, 1.938931, -0.389313, 214.5416, 124.82, 334.2183, -2.755725, 1.175573, 2.045802],
[2043, 4095, 3543, 3979, 1995, 336.1068, 24.74351, 316.2719, -3.015267, 1.687023, -0.1755725, 214.2473, 124.3464, 334.8549, -2.129771, 2.396947, 1.641221],
[2018, 4095, 3583, 3967, 2015, 335.5395, 25.16389, 316.0596, -2.351145, 1.89313, 0.1603053, 214.6837, 124.4785, 334.3843, -1.748092, 0.5725191, 1.587786],
[2047, 4095, 3583, 3959, 2014, 336.0342, 25.56273, 317.2339, -2.236641, 1.450382, 0.6335878, 215.3726, 124.5715, 333.7312, -3.091603, 0.7175572, 1.374046],
[2029, 4095, 3566, 3975, 2023, 336.762, 25.26351, 317.8404, -3.137405, 1.557252, -0.1755725, 214.5848, 125.1652, 333.8937, -2.152672, 1.450382, 1.885496],
[2047, 4095, 3599, 3975, 2021, 336.6297, 25.21927, 317.6019, -2.572519, 1.694656, -0.2137404, 214.7177, 124.9463, 333.9651, -2.916031, 1.801527, 1.694656],
[2046, 4095, 3583, 3981, 2019, 336.346, 25.19171, 317.1792, -3.59542, 1.816794, 0.3282443, 215.548, 124.6489, 333.5181, -2.656489, 1.396947, 1.534351],
[2034, 4095, 3579, 3971, 2039, 336.0485, 25.92257, 317.71, -2.603053, 0.9236641, 1.030534, 216.3479, 124.5561, 332.9225, -0.7633588, 0.740458, 1.10687],
[2027, 4095, 3583, 3823, 2032, 336.8761, 25.39679, 318.1684, -2.0, 0.8091603, 1.152672, 215.8144, 124.4412, 333.4712, -1.335878, 0.4045802, 1.442748],
[2039, 4095, 3543, 3847, 2016, 336.4752, 25.67824, 317.9778, -3.427481, 2.274809, -0.7175572, 216.2713, 124.6043, 332.9457, -3.076336, 1.419847, 2.221374],
[2045, 4095, 3583, 3835, 2027, 337.087, 25.55389, 318.6601, -2.793893, 2.389313, -0.7175572, 216.0232, 124.4454, 333.2921, -3.778626, 2.007634, 2.183206],
[2033, 4095, 3554, 3839, 2035, 337.372, 25.96457, 319.5739, -3.038168, 2.633588, -0.129771, 215.7289, 125.1163, 332.9655, -3.465649, 1.496183, 1.854962],
[2030, 4095, 3563, 3829, 2035, 337.7966, 25.38304, 319.4365, -2.984733, 0.7099237, 0.8778625, 216.1584, 124.4251, 333.1956, -2.19084, 1.312977, 0.961832],
[2032, 4095, 3555, 3847, 2039, 337.1805, 25.54183, 318.7746, -3.160305, 1.458015, 1.038168, 216.2861, 124.8895, 332.6863, -3.603053, 0.3358779, 0.8015267],
[2046, 4095, 3561, 3856, 2044, 337.2648, 25.67585, 319.0616, -3.145038, 1.267176, 0.06870229, 216.0483, 124.1826, 333.4964, -1.969466, 1.732824, 1.465649],
[2031, 4095, 3567, 3819, 2045, 337.4001, 26.09192, 319.7718, -3.374046, 2.557252, 0.1068702, 216.0826, 124.3393, 333.3332, -2.427481, 0.8854962, 1.648855],
[2031, 4095, 3547, 3869, 2042, 338.1045, 25.22318, 319.6706, -2.870229, 1.557252, -0.1908397, 216.5195, 124.5236, 332.8052, -2.038168, 1.221374, 1.832061],
[2028, 4095, 3575, 3856, 2038, 337.3362, 25.42145, 318.8383, -3.916031, 1.450382, 0.5038168, 216.0707, 124.2316, 333.4355, -3.022901, 1.305344, 1.427481],
[2028, 4095, 3569, 3883, 2037, 337.422, 25.12532, 318.579, -3.068702, 1.687023, 0.648855, 215.7903, 124.9772, 333.0326, -3.061069, 1.167939, 1.267176],
[2019, 4095, 3571, 3863, 2042, 337.2845, 25.49122, 318.8549, -3.374046, 1.992366, 0.05343511, 215.883, 124.8489, 333.0641, -2.29771, 1.458015, 1.618321],
[2047, 4095, 3567, 3863, 2059, 337.0522, 25.45056, 318.4805, -3.343511, 2.725191, -0.259542, 215.6127, 125.0124, 333.1533, -3.061069, 1.137405, 1.419847],
[2001, 4095, 3563, 3883, 2039, 337.445, 25.84958, 319.5317, -3.160305, 0.9465649, 1.175573, 215.9816, 124.5733, 333.2174, -1.206107, 1.068702, 0.8473283],
[2035, 4095, 3575, 3855, 2047, 337.5798, 24.77485, 318.3475, -3.076336, 3.961832, 0.4122138, 215.6204, 125.1233, 333.0519, -6.473282, -0.2519084, 0.3587786],
[2062, 4095, 3559, 3879, 2058, 336.7555, 24.7989, 317.2296, -4.541985, 1.625954, 0.5648855, 214.5873, 125.0962, 333.9494, -2.0, 1.80916, 0.5572519],
[2039, 4095, 3563, 3887, 2047, 336.9231, 25.14098, 317.9047, -3.969466, 1.961832, 0.6870229, 215.8064, 125.0234, 332.9794, -2.824427, 1.480916, -0.2137404],
[2059, 4095, 3583, 3890, 2043, 336.7979, 24.84537, 317.3485, -3.198473, 0.8931297, 1.198473, 215.5307, 125.5322, 332.7782, -1.587786, 1.748092, 1.114504],
[2047, 4095, 3567, 3887, 2039, 336.786, 24.43489, 316.7936, -3.137405, 1.778626, 0.3816794, 215.4108, 125.3938, 332.9993, -2.770992, 1.312977, 0.9312977],
[2036, 4095, 3547, 3894, 2057, 336.7476, 24.4685, 316.785, -3.603053, 2.305344, -0.3435115, 215.7084, 124.5945, 333.4295, -3.648855, 2.007634, 1.412214],
[2043, 4095, 3603, 3887, 2057, 336.4976, 24.43419, 316.3964, -3.977099, 3.801527, -1.343511, 214.7978, 125.0717, 333.7925, -6.145038, 2.167939, 2.656489],
[2010, 4049, 3399, 3795, 2233, 334.5714, 22.99839, 311.8967, -2.045802, 3.099237, -0.3282443, 218.3118, 121.2663, 334.1714, -3.709924, -0.03053435, 1.48855],
[2014, 4031, 3407, 3802, 2235, 334.578, 24.12678, 313.4358, -2.580153, 2.580153, 1.076336, 218.1945, 121.4736, 334.0834, -2.572519, 0.4274809, 0.5877862],
[2006, 4035, 3409, 3793, 2226, 335.2179, 23.76394, 313.7822, -2.549618, 0.9923664, 0.3053435, 217.8461, 121.6051, 334.249, -2.198473, 2.343511, 1.259542],
[2016, 4055, 3446, 3819, 2225, 333.6979, 23.6215, 311.6385, -2.671756, 1.610687, 0.2671756, 218.0249, 121.5075, 334.1904, -1.229008, 2.427481, 1.725191],
[2008, 4071, 3421, 3799, 2239, 334.1659, 23.62375, 312.232, -4.351145, 4.045802, 0.5496183, 218.008, 120.5808, 335.0136, -4.312977, 0.610687, 0.9083969],
[2020, 4031, 3431, 3807, 2245, 333.6525, 23.96266, 312.0397, -4.091603, 1.70229, 0.09923664, 217.7861, 121.2263, 334.6275, -1.603053, 0.7709923, 1.290076],
[2023, 4083, 3434, 3819, 2239, 333.8918, 23.88275, 312.2336, -2.946565, 1.465649, 0.1603053, 216.6527, 121.108, 335.6246, -2.236641, 0.3587786, 2.251908],
[1999, 4059, 3435, 3839, 2245, 334.4966, 23.57063, 312.5829, -2.175573, 3.396947, -0.6412213, 217.3786, 121.4548, 334.7543, -4.328244, 0.09923664, 1.78626],
[2023, 4081, 3459, 3823, 2242, 334.0297, 23.49408, 311.8839, -2.908397, 1.557252, -0.05343511, 217.892, 120.9176, 334.812, -2.80916, 1.381679, 2.29771],
[2010, 4071, 3445, 3827, 2257, 334.6302, 23.59231, 312.7842, -2.290076, 2.709924, 0.648855, 218.7903, 120.5533, 334.4187, -2.267176, 1.022901, 1.59542],
[2030, 4095, 3447, 3839, 2251, 334.6433, 23.59407, 312.8036, -2.80916, 2.610687, 0.5725191, 218.3506, 121.0716, 334.3118, -1.648855, 0.740458, 1.167939],
[2029, 4079, 3447, 3839, 2271, 333.3397, 23.59027, 311.1503, -2.580153, 0.9847328, 0.01526718, 218.1988, 121.1719, 334.3452, -2.244275, 1.19084, 1.045802],
[2017, 4087, 3437, 3839, 2255, 334.7385, 23.0937, 312.2432, -3.839695, 2.29771, 0.1145038, 217.6283, 121.0172, 334.9344, -3.664122, 1.916031, 1.442748],
[2039, 4059, 3445, 3847, 2299, 334.3045, 23.38181, 312.0804, -3.862595, 3.458015, 1.29771, 216.994, 121.2369, 335.2466, -1.671756, 0.2824428, 1.083969],
[2004, 4081, 3455, 3819, 2281, 334.8914, 23.28005, 312.6973, -3.167939, 2.977099, 0.4732824, 217.1188, 121.4258, 334.9861, -3.183206, 0.5801527, 1.48855],
[2035, 4095, 3440, 3855, 2256, 334.1202, 23.28217, 311.7102, -2.824427, 0.9312977, -0.129771, 216.6356, 121.8667, 334.9937, -2.946565, 1.778626, 1.839695],
[2021, 4082, 3472, 3815, 2263, 335.3634, 22.65783, 312.4544, -2.656489, 1.381679, -0.351145, 217.5052, 121.657, 334.478, -2.183206, 1.458015, 2.358779],
[2022, 4091, 3483, 3847, 2282, 334.9602, 23.00505, 312.4087, -1.816794, 3.152672, -0.5419847, 216.1966, 121.4936, 335.6569, -3.40458, 0.5343512, 2.099237],
[2033, 4095, 3467, 3831, 2285, 334.4523, 23.82712, 312.8724, -4.541985, 1.465649, 0.4427481, 217.7476, 121.7664, 334.1876, -1.717557, 1.412214, 0.9465649],
[2032, 4079, 3519, 3839, 2283, 334.4329, 23.2834, 312.1102, -3.618321, 0.610687, -0.610687, 217.7537, 120.8138, 335.0116, -1.221374, 1.458015, 1.389313],
[2039, 4095, 3462, 3853, 2289, 335.1549, 23.31359, 313.0871, -3.19084, 1.541985, 0.4503817, 217.723, 121.1853, 334.7134, -2.931298, 1.083969, 1.419847],
[2039, 4095, 3455, 3839, 2288, 334.3544, 22.78545, 311.325, -2.862595, 0.740458, 1.229008, 216.2125, 122.2565, 335.0013, -1.572519, 1.725191, 0.8931297],
[2029, 4095, 3463, 3835, 2288, 334.0991, 23.69463, 312.243, -2.114504, 0.5801527, 0.8778625, 218.4376, 121.5928, 333.7814, -3.862595, 1.145038, 0.7175572],
[2029, 4095, 3447, 3839, 2256, 335.6987, 24.02137, 314.7661, -2.564885, 2.358779, -0.1984733, 218.6965, 122.1373, 333.0852, -3.129771, -0.129771, 2.450382],
[2045, 4095, 3470, 3846, 2279, 335.951, 23.58788, 314.5191, -2.992366, 1.816794, -0.0610687, 218.5892, 121.7842, 333.4881, -1.961832, 1.274809, 1.977099],
[2026, 4095, 3474, 3821, 2287, 335.7793, 23.16489, 313.71, -2.908397, 2.175573, 0.4885496, 217.539, 121.4789, 334.6053, -4.145038, 1.206107, 1.137405],
[2023, 4095, 3455, 3839, 2299, 335.7371, 23.108, 313.5751, -3.206107, 2.29771, 0.2137404, 218.2214, 122.2752, 333.3541, -3.122137, 1.29771, 1.099237],
[2025, 4095, 3461, 3856, 2288, 335.3263, 23.51433, 313.5866, -4.419847, 2.587786, -0.4732824, 217.8575, 121.5549, 334.2837, -2.236641, 2.290076, 2.610687],
[2031, 4087, 3463, 3839, 2288, 336.1249, 22.82091, 313.6985, -4.885496, 3.183206, -0.5419847, 218.5696, 122.325, 333.0226, -5.198473, 1.175573, 1.305344],
[2032, 4095, 3463, 3853, 2288, 335.9063, 23.63472, 314.5227, -3.51145, 1.198473, -0.1526718, 219.8486, 121.4898, 332.7183, -2.137405, 1.458015, 1.801527],
[2033, 4095, 3471, 3839, 2295, 336.6046, 23.34132, 315.0719, -1.969466, 0.1145038, -0.2900764, 219.5316, 121.5891, 332.8896, -4.038168, 2.519084, 1.648855],
[2038, 4095, 3455, 3855, 2288, 335.3185, 23.87162, 314.06, -4.343512, 3.557252, -0.4427481, 218.9833, 120.6502, 334.1787, -4.229008, -0.5419847, 2.015267],
[2032, 4095, 3471, 3869, 2288, 335.61, 24.20949, 314.8993, -2.534351, 2.587786, -0.6946565, 218.5826, 121.7, 333.5683, -4.167939, 0.4351145, 2.114504],
[2028, 4095, 3453, 3827, 2303, 335.8922, 23.39567, 314.178, -1.694656, 0.9160305, -0.2748091, 218.8641, 122.2902, 332.8096, -3.984733, 0.9160305, 2.152672],
[2031, 4083, 3479, 3831, 2303, 335.9571, 24.07405, 315.1832, -3.618321, 1.801527, -0.03816794, 218.7356, 121.9049, 333.2606, -2.870229, 0.2824428, 1.396947],
[2035, 4095, 3487, 3839, 2314, 336.4968, 24.51338, 316.4997, -2.587786, 2.183206, 0.4274809, 218.0728, 122.1773, 333.5625, -3.145038, 0.1832061, 1.564886],
[2021, 4095, 3473, 3857, 2293, 336.991, 23.85278, 316.3013, -3.122137, 1.679389, 0.1450382, 218.1931, 122.7087, 332.9934, -3.374046, 2.038168, 1.59542],
[2029, 4095, 3479, 3823, 2305, 336.1534, 24.1637, 315.5683, -4.068702, 2.923664, 0.1221374, 218.4076, 121.6788, 333.7297, -0.4885496, 0.4580153, 1.496183],
[2042, 4095, 3491, 3825, 2302, 336.0529, 23.16618, 314.0795, -3.236641, 2.961832, -0.2290076, 217.9439, 122.5266, 333.3606, -2.748092, 0.5038168, 1.564886],
[2034, 4095, 3475, 3847, 2303, 336.4521, 24.21627, 316.0447, -3.984733, 1.175573, 0.8015267, 218.5336, 121.9636, 333.3741, -1.954198, 0.3740458, 0.778626],
[2027, 4081, 3471, 3829, 2302, 336.8819, 24.5216, 317.0405, -3.725191, 2.045802, 0.0, 218.5633, 122.4105, 332.9515, -3.564885, 1.526718, 1.099237],
[2026, 4095, 3487, 3839, 2299, 335.9664, 25.01442, 316.4363, -5.427481, 1.381679, 0.5801527, 218.5305, 122.004, 333.3406, -2.343511, 2.427481, 0.7862596],
[2027, 4095, 3483, 3839, 2327, 335.9151, 24.07245, 315.1246, -3.656489, 2.351145, -0.1603053, 219.1401, 121.8121, 333.011, -2.59542, 1.40458, 2.007634],
[2032, 4095, 3470, 3859, 2314, 337.181, 23.734, 316.4062, -1.961832, 1.473282, 0.351145, 217.5315, 122.6979, 333.55, -3.80916, 0.5496183, 1.320611],
[2026, 4095, 3479, 3847, 2320, 336.1373, 23.75216, 314.9934, -3.435115, 2.206107, 0.1908397, 217.9845, 122.5572, 333.3001, -2.450382, 1.198473, 1.21374],
[2033, 4095, 3467, 3837, 2303, 335.097, 24.17684, 314.1778, -2.480916, 2.320611, -0.4122138, 217.2397, 122.5989, 333.8759, -1.343511, 1.51145, 1.862595],
[2035, 4094, 3471, 3855, 2287, 335.8332, 24.49165, 315.5722, -4.679389, 3.633588, 0.389313, 217.4859, 122.5949, 333.6776, -3.343511, 1.832061, 2.526718],
[2032, 4095, 3463, 3857, 2310, 336.0115, 23.79408, 314.8801, -4.244275, 0.1603053, 1.549618, 217.505, 122.2454, 333.9667, -4.08397, 3.053435, 0.9541985],
[2009, 4095, 3479, 3839, 2115, 329.7167, 23.1608, 306.3481, -2.877863, 4.419847, -0.6717557, 214.602, 120.5256, 337.6748, -2.603053, -0.1832061, 3.175573],
[2000, 4095, 3515, 3829, 2135, 330.8958, 22.53566, 306.8281, -3.396947, 3.053435, 0.1145038, 215.1109, 120.699, 337.1516, -3.763359, -0.8091603, 2.198473],
[2023, 4095, 3503, 3839, 2138, 330.8471, 23.28859, 307.7825, -3.076336, 0.6946565, -0.2061069, 216.6443, 120.0763, 336.5011, -1.183206, 2.732824, 1.48855],
[2011, 4095, 3510, 3855, 2135, 330.9792, 23.19654, 307.8108, -2.549618, 2.129771, -0.2900764, 215.8369, 120.8302, 336.4899, -2.977099, 1.801527, 2.167939],
[2032, 4095, 3495, 3863, 2133, 331.4389, 23.25427, 308.4181, -3.763359, 1.778626, 0.8473283, 215.1829, 120.6864, 337.1071, -2.198473, 1.145038, 0.7328244],
[2029, 4095, 3510, 3849, 2160, 331.613, 23.48313, 308.927, -3.564885, 2.320611, 0.6641222, 214.7915, 120.8195, 337.296, -2.633588, 1.244275, 1.694656],
[2054, 4095, 3522, 3870, 2151, 331.9406, 22.68935, 308.2407, -2.984733, 1.480916, -0.1755725, 216.2873, 120.5002, 336.4187, -3.442748, 0.7480916, 1.770992],
[2010, 4095, 3519, 3831, 2140, 331.5647, 23.28783, 308.6094, -3.099237, 2.450382, 0.3282443, 215.4489, 121.0439, 336.6117, -1.877863, 0.9465649, 1.51145],
[2015, 4095, 3527, 3855, 2150, 331.297, 23.03747, 307.9629, -2.954198, 1.763359, 0.870229, 215.2588, 120.6725, 337.0609, -0.3816794, 1.305344, 1.419847],
[2018, 4095, 3530, 3851, 2159, 332.0664, 23.26457, 309.1683, -2.961832, 1.648855, -0.1603053, 216.0424, 120.4489, 336.6486, -1.89313, 1.091603, 1.274809],
[2038, 4095, 3519, 3858, 2167, 331.4462, 23.39391, 308.6132, -3.358779, -0.0610687, 0.9007633, 215.9811, 120.7652, 336.4329, -2.374046, 1.473282, 1.374046],
[2022, 4095, 3537, 3855, 2155, 331.4544, 23.73156, 309.0718, -3.305344, -0.007633588, 1.076336, 215.8478, 121.3618, 336.0401, -2.900763, 2.022901, 0.5496183],
[2039, 4095, 3525, 3855, 2185, 332.3009, 23.5725, 309.8613, -4.167939, 1.312977, 0.129771, 215.0641, 120.9727, 336.9647, -3.900763, 1.450382, 1.877863],
[2032, 4095, 3536, 3867, 2165, 331.1172, 23.45665, 308.3158, -2.908397, 0.7175572, 0.3053435, 216.0291, 120.9673, 336.2278, -2.374046, 1.549618, 1.381679],
[2017, 4095, 3535, 3859, 2160, 331.8045, 23.85552, 309.6475, -4.167939, 1.557252, 0.2137404, 216.0601, 120.867, 336.2874, -3.541985, 1.427481, 0.480916],
[2032, 4095, 3527, 3863, 2160, 331.5363, 23.3683, 308.684, -2.877863, 1.045802, 1.160305, 215.2167, 121.0065, 336.8206, -3.625954, 2.290076, 1.679389],
[2032, 4095, 3537, 3857, 2148, 331.9624, 23.2017, 308.9606, -2.984733, 2.427481, -0.4045802, 215.8079, 120.8574, 336.4897, -3.748092, 1.267176, 1.412214],
[2000, 4095, 3536, 3871, 2172, 331.0512, 23.6744, 308.5283, -3.748092, 2.160305, -0.3587786, 215.4566, 121.0172, 336.6278, -4.625954, 1.89313, 2.083969],
[2017, 4095, 3533, 3835, 2163, 331.3222, 23.36559, 308.4314, -3.580153, 1.717557, 0.519084, 215.8393, 120.9629, 336.3781, -1.427481, 2.198473, 0.961832],
[2023, 4095, 3539, 3831, 2181, 331.3443, 23.43591, 308.5507, -3.435115, 1.671756, 0.3816794, 214.9797, 121.3438, 336.7275, -3.312977, 1.061069, 1.091603],
[2015, 4095, 3537, 3855, 2175, 331.1955, 23.81662, 308.883, -3.48855, 1.29771, 0.1221374, 215.5826, 121.2886, 336.307, -2.21374, 1.114504, 1.648855],
[2030, 4095, 3538, 3855, 2181, 331.7879, 23.33993, 308.9407, -2.427481, 1.618321, -0.1450382, 216.139, 120.743, 336.3299, -4.022901, 0.5725191, 1.687023],
[2006, 4095, 3537, 3858, 2190, 331.8023, 23.07228, 308.5977, -3.183206, 1.282443, 0.3282443, 215.9069, 120.6312, 336.601, -3.152672, 1.221374, 1.099237],
[2041, 4095, 3517, 3867, 2169, 331.7814, 23.34091, 308.9343, -2.206107, 1.473282, 0.1908397, 215.7018, 121.0471, 336.4144, -2.603053, 1.847328, 1.51145],
[2015, 4095, 3519, 3839, 2175, 331.2521, 23.9821, 309.1667, -3.51145, 1.19084, 0.7633588, 217.3713, 120.744, 335.3724, -3.305344, 1.725191, 0.9083969],
[2030, 4095, 3523, 3857, 2178, 331.9298, 23.82306, 309.7528, -2.824427, 2.160305, -0.9007633, 216.0318, 120.699, 336.449, -2.038168, 0.6946565, 2.465649],
[2015, 4095, 3542, 3847, 2192, 331.5086, 23.98669, 309.4725, -4.152672, 1.419847, 0.2061069, 216.2491, 120.5701, 336.3896, -3.259542, 1.381679, 0.9389313],
[2005, 4095, 3537, 3839, 2178, 332.5142, 23.11005, 309.4939, -3.564885, 1.21374, 0.05343511, 217.1721, 120.8551, 335.4331, -2.992366, 1.778626, 1.206107],
[2026, 4095, 3519, 3855, 2171, 332.0623, 23.27881, 309.1826, -3.954198, 1.862595, 0.129771, 215.8422, 121.4115, 336.0031, -2.641221, 1.633588, 1.450382],
[2026, 4095, 3534, 3851, 2190, 332.1021, 23.01401, 308.8722, -4.19084, 0.8778625, 0.389313, 215.4993, 121.7565, 335.985, -3.068702, 2.175573, 0.6717557],
[2032, 4095, 3537, 3853, 2177, 331.9904, 23.61782, 309.5516, -3.091603, 1.40458, -0.5343512, 215.8221, 121.1668, 336.2221, -2.450382, 2.526718, 1.770992],
[2037, 4095, 3515, 3838, 2183, 331.4066, 23.9573, 309.3143, -2.48855, 2.328244, -0.2519084, 216.2169, 121.576, 335.5718, -0.2900764, 0.8091603, 2.412214],
[2015, 4095, 3535, 3853, 2192, 331.4859, 23.11211, 308.2819, -3.374046, 2.419847, -0.5648855, 216.0967, 121.56, 335.6798, -3.427481, 1.732824, 1.618321],
[2031, 4095, 3471, 3851, 2209, 331.7414, 23.51384, 309.1187, -3.038168, 1.923664, 0.5038168, 215.9764, 121.3224, 335.9727, -1.89313, 2.687023, 1.29771],
[2032, 4095, 3531, 3859, 2191, 330.277, 24.09795, 308.1998, -3.458015, 0.7557252, 0.3129771, 216.8714, 120.685, 335.8126, -1.977099, 0.9770992, 1.748092],
[2031, 4095, 3541, 3859, 2203, 332.3053, 23.16015, 309.3117, -3.374046, 1.938931, -0.1984733, 216.1356, 121.4257, 335.7618, -2.854962, 2.038168, 0.9923664],
[2019, 4095, 3543, 3861, 2199, 331.6722, 23.69588, 309.2798, -3.717557, 2.122137, -0.007633588, 216.9117, 121.0954, 335.4321, -3.496183, 1.496183, 1.59542],
[2032, 4095, 3563, 3855, 2203, 332.6429, 23.31124, 309.9214, -2.977099, 1.923664, 0.4198473, 215.9458, 121.3418, 335.9803, -2.824427, 2.030534, 1.748092],
[2023, 4095, 3499, 3839, 2175, 331.7345, 24.48098, 310.3873, -2.78626, 0.4961832, 1.061069, 216.8222, 121.1848, 335.4264, -0.4580153, 1.496183, 0.9389313],
[2006, 4095, 3547, 3839, 2209, 331.8282, 24.49303, 310.5143, -3.458015, 1.961832, -0.3282443, 217.3042, 120.9611, 335.2385, -3.496183, 0.9770992, 1.916031],
[2019, 4095, 3541, 3857, 2189, 332.586, 23.83927, 310.561, -3.366412, 2.259542, -0.1374046, 216.5748, 121.378, 335.4571, -3.770992, 1.435114, 1.335878],
[2015, 4095, 3559, 3823, 2185, 332.0321, 24.04905, 310.1738, -3.274809, 1.21374, 0.3587786, 216.7701, 120.9416, 335.6738, -2.923664, 1.59542, 0.8473283],
[2030, 4095, 3515, 3831, 2189, 331.6516, 24.01852, 309.6826, -1.740458, 2.549618, -0.1755725, 217.1786, 120.5294, 335.7065, -2.70229, 0.9312977, 2.015267],
[2032, 4095, 3511, 3854, 2213, 332.3015, 24.20885, 310.7075, -3.267176, 2.709924, 0.0, 216.8867, 121.3858, 335.2042, -2.381679, 0.8549618, 1.687023],
[2019, 4095, 3535, 3831, 2199, 331.907, 24.48094, 310.5923, -2.801527, 2.358779, -0.4122138, 217.0413, 121.0008, 335.4112, -2.900763, 1.320611, 2.236641],
[2032, 4095, 3519, 3839, 2225, 332.3365, 24.44815, 311.0644, -2.923664, 1.992366, 0.1603053, 216.8351, 120.9746, 335.595, -2.48855, 0.6183206, 1.755725],
[2039, 4095, 3551, 3819, 2211, 332.7211, 24.62736, 311.7663, -3.152672, 1.503817, -0.3358779, 216.8644, 121.4629, 335.1561, -2.557252, 1.061069, 1.931298],
[2020, 4095, 3551, 3850, 2219, 332.9335, 23.55492, 310.603, -2.793893, 2.29771, -0.4274809, 216.5016, 121.4548, 335.4496, -3.564885, 0.9465649, 2.030534],
[1982, 4095, 3601, 3983, 2279, 333.6816, 26.48, 315.3305, 0.5572519, 5.900764, -2.083969, 215.7218, 119.8265, 337.4035, -6.183206, -0.4656488, 2.908397],
[1987, 4095, 3583, 3975, 2299, 334.0098, 25.52076, 314.5316, -2.122137, 1.244275, -0.4656488, 214.4671, 119.9888, 338.2026, -2.015267, 0.9007633, 2.458015],
[1984, 4095, 3615, 3965, 2295, 333.734, 25.83518, 314.5838, -3.099237, 0.6564885, -1.091603, 215.9238, 119.4497, 337.5623, -4.251908, 1.045802, 1.793893],
[1971, 4095, 3605, 3973, 2285, 334.2688, 25.95774, 315.4192, -2.725191, 2.0, -0.9694656, 215.3539, 119.9433, 337.5825, -3.236641, 1.183206, 1.732824],
[1959, 4095, 3615, 3983, 2288, 334.0051, 26.45247, 315.7056, -3.10687, 0.9312977, -1.625954, 215.5154, 119.2908, 337.9927, -1.870229, 2.022901, 3.465649],
[1997, 4095, 3605, 3987, 2298, 334.5105, 26.36952, 316.2485, -2.679389, 2.351145, -0.129771, 214.9683, 120.1543, 337.6992, -2.709924, 0.8931297, 1.755725],
[1968, 4095, 3639, 3967, 2320, 334.3894, 26.05814, 315.701, -4.641222, 1.343511, 0.4274809, 215.2208, 120.0061, 337.6307, -3.603053, 2.167939, 1.374046],
[1981, 4095, 3622, 3995, 2305, 334.1899, 26.05988, 315.4476, -2.557252, 2.007634, 0.03816794, 216.0063, 119.2755, 337.6444, -2.80916, 0.5343512, 1.29771],
[1987, 4095, 3651, 3991, 2306, 334.8936, 25.70092, 315.8999, -3.51145, 1.679389, 0.2748091, 216.0882, 119.7057, 337.2293, -2.572519, 2.030534, 1.038168],
[1979, 4095, 3629, 3975, 2307, 334.1466, 25.98037, 315.2917, -2.725191, 1.862595, 0.1526718, 215.5732, 120.0768, 337.3099, -3.442748, 1.549618, 0.8625955],
[1981, 4095, 3615, 3991, 2322, 334.5943, 25.70488, 315.5165, -3.832061, 1.862595, 0.2137404, 215.0309, 120.3896, 337.4625, -3.244275, 2.312977, 1.137405],
[1987, 4095, 3623, 3967, 2321, 334.6053, 25.89912, 315.7779, -2.534351, 1.496183, 0.06870229, 215.8059, 119.917, 337.2664, -3.236641, 1.099237, 1.450382],
[1978, 4095, 3633, 3985, 2323, 335.0325, 26.56276, 317.1666, -3.839695, 1.938931, -0.2290076, 215.9555, 120.1732, 336.9429, -2.48855, 1.221374, 1.458015],
[1998, 4095, 3647, 3983, 2325, 334.3113, 26.08916, 315.64, -3.061069, 2.374046, 0.648855, 215.3301, 120.2185, 337.3766, -3.832061, 1.427481, 0.8396947],
[2002, 4095, 3647, 3979, 2339, 334.564, 26.08846, 315.9642, -4.526718, 2.526718, 0.3435115, 215.5581, 120.2363, 337.1908, -3.427481, 2.51145, 1.10687],
[1997, 4095, 3659, 3985, 2311, 334.5007, 26.44523, 316.3306, -3.648855, 0.6717557, 0.4122138, 214.7019, 120.1492, 337.9013, -0.7328244, 2.374046, 1.70229],
[1999, 4095, 3627, 3985, 2319, 333.8839, 26.62787, 315.7706, -2.862595, 3.076336, -0.1221374, 215.781, 118.967, 338.0618, -3.580153, 0.6717557, 1.625954],
[1977, 4095, 3637, 3999, 2334, 334.7176, 26.89092, 317.1638, -2.442748, 2.763359, 0.7328244, 216.1056, 119.7552, 337.1754, -2.343511, 0.03816794, 1.51145],
[2005, 4095, 3633, 3991, 2307, 334.6573, 25.98838, 315.9582, -3.290076, 1.847328, -0.1603053, 214.7918, 119.9382, 338.0034, -2.961832, 0.5496183, 1.770992],
[2021, 4095, 3595, 3984, 2334, 334.0266, 25.77935, 314.8836, -3.671756, 2.076336, -0.7175572, 214.9168, 120.4548, 337.4955, -3.412214, 1.541985, 1.923664],
[1994, 4095, 3627, 3967, 2331, 334.3736, 26.00711, 315.6162, -2.572519, 1.816794, 0.3969466, 214.8815, 119.9756, 337.9072, -3.167939, 1.564886, 1.114504],
[2003, 4095, 3631, 3995, 2334, 333.8839, 26.68404, 315.8405, -3.030534, 1.679389, 0.351145, 215.2825, 119.8242, 337.7321, -2.0, 1.687023, 1.236641],
[2021, 4095, 3639, 3989, 2351, 334.6842, 26.45921, 316.5849, -2.908397, 1.267176, 0.1526718, 215.5396, 120.4832, 337.0026, -2.679389, 1.641221, 1.114504],
[2006, 4095, 3675, 3999, 2354, 334.0875, 26.43874, 315.7933, -4.282443, 1.389313, 0.3664122, 215.1842, 120.2182, 337.4862, -3.038168, 1.793893, 0.9770992],
[1996, 4095, 3649, 3991, 2335, 334.1158, 25.82918, 315.0606, -3.732824, 1.061069, 0.6641222, 215.7777, 119.2908, 337.8002, -3.19084, 1.854962, 1.198473],
[2003, 4095, 3635, 3975, 2350, 333.6032, 26.49392, 315.2493, -3.114504, 1.083969, -0.1068702, 215.7853, 118.7506, 338.2347, -3.0, 1.656489, 1.755725],
[1999, 4095, 3655, 3995, 2352, 334.2677, 26.43158, 316.0143, -3.992366, 2.923664, 0.1221374, 215.7478, 119.7912, 337.4131, -3.59542, 1.580153, 1.427481],
[2002, 4095, 3635, 3987, 2358, 334.4771, 26.62694, 316.5267, -3.70229, 0.9160305, 0.4198473, 216.0429, 119.3884, 337.5246, -2.580153, 1.534351, 1.51145],
[2000, 4095, 3645, 3987, 2349, 333.8182, 26.6525, 315.7181, -3.59542, 1.068702, -0.04580153, 214.8982, 119.9262, 337.9344, -2.19084, 1.816794, 2.0],
[2000, 4095, 3633, 3983, 2349, 333.776, 27.02509, 316.1259, -3.694656, 2.145038, -0.1374046, 215.635, 119.4776, 337.7529, -1.419847, 1.29771, 1.541985],
[2013, 4095, 3635, 3975, 2359, 334.3527, 26.48701, 316.1926, -3.045802, 2.091603, -0.09160305, 214.8783, 120.3145, 337.6374, -3.229008, 0.7099237, 1.290076],
[2001, 4095, 3655, 3979, 2356, 334.2265, 25.38321, 314.6312, -3.076336, 3.900763, -0.2366412, 215.7021, 120.1523, 337.1513, -2.251908, -0.3282443, 1.938931],
[1994, 4095, 3643, 3991, 2365, 333.9435, 27.1196, 316.4539, -3.343511, 1.320611, 0.2061069, 215.7302, 119.2869, 337.8383, -2.633588, 0.9007633, 1.450382],
[1987, 4095, 3637, 3971, 2366, 334.2229, 26.23791, 315.7142, -3.145038, 1.183206, 0.610687, 215.6945, 119.7492, 337.4871, -1.717557, 0.8931297, 1.221374],
[2026, 4095, 3615, 3983, 2350, 334.4783, 26.5976, 316.4918, -2.954198, 3.183206, -0.2748091, 216.6695, 119.621, 336.8639, -2.519084, 0.6335878, 2.412214],
[2000, 4095, 3645, 3983, 2381, 333.2479, 26.45904, 314.7609, -3.854962, 1.473282, 0.6183206, 216.0693, 119.6183, 337.3155, -3.19084, 0.648855, 0.7862596],
[2000, 4095, 3639, 3983, 2373, 334.1567, 26.05535, 315.3995, -3.419847, 0.9541985, 0.03816794, 215.7302, 119.478, 337.6823, -3.648855, 1.961832, 1.587786],
[2005, 4095, 3622, 3983, 2355, 334.4896, 25.69261, 315.3657, -3.587786, 2.175573, 0.09923664, 215.0471, 120.0657, 337.7118, -1.977099, 2.099237, 1.664122],
[2003, 4095, 3623, 3989, 2365, 334.1853, 26.55639, 316.0649, -3.076336, 0.961832, 0.03816794, 216.1294, 119.8076, 337.1142, -2.679389, 1.229008, 1.412214],
[2010, 4095, 3633, 3984, 2365, 334.1645, 26.77946, 316.3155, -3.961832, 2.534351, -0.7175572, 216.414, 119.6001, 337.0731, -5.778626, 1.519084, 1.870229],
[2023, 4095, 3639, 3985, 2368, 334.4226, 26.77705, 316.6429, -2.633588, 2.40458, -0.09160305, 215.7815, 119.8711, 337.3224, -2.396947, 1.496183, 1.534351],
[2007, 4095, 3615, 3984, 2363, 334.3128, 26.75033, 316.4689, -3.251908, 0.8244275, -0.3587786, 215.5275, 119.8142, 337.5583, -1.977099, 2.312977, 1.587786],
[2014, 4095, 3659, 3991, 2378, 334.471, 26.39699, 316.232, -3.229008, 2.572519, -0.2442748, 216.3667, 119.8278, 336.9191, -2.48855, 1.145038, 1.030534],
[2011, 4095, 3635, 3983, 2391, 334.341, 26.66731, 316.4021, -3.748092, 1.450382, -0.02290076, 216.3774, 119.3043, 337.3461, -2.320611, 1.015267, 1.610687],
[2004, 4095, 3639, 3967, 2383, 334.4354, 26.81797, 316.7099, -4.244275, 2.992366, -1.625954, 216.1259, 119.823, 337.1041, -4.862596, 1.687023, 2.885496],
[2007, 4095, 3642, 3983, 2383, 334.2234, 25.97071, 315.3776, -3.396947, 2.19084, -0.1221374, 215.1256, 119.9933, 337.7118, -3.564885, 1.305344, 1.557252],
[2000, 4095, 3659, 3967, 2385, 333.6171, 26.31368, 315.0411, -2.015267, 1.870229, 0.5877862, 216.8187, 119.7508, 336.6424, -2.343511, 0.9083969, 0.9083969],
[2013, 4095, 3638, 3991, 2357, 333.578, 26.56415, 315.3052, -3.198473, 2.083969, 0.3664122, 216.2448, 120.1452, 336.7471, -2.572519, 1.51145, 1.389313],



