[2179, 4095, 3738, 4055, 4095, 320.59, 328.5799, 233.3035, 7.656488, 5.59542, -14.70992, 136.4944, 117.229, 25.95764, -12.03053, -14.61832, 13.80153],
[2189, 4095, 3761, 4047, 4095, 332.3604, 328.7889, 220.7563, 14.33588, -1.625954, 21.26718, 141.2684, 119.6665, 24.47428, -14.29008, -1.534351, 4.366412],
[2186, 4095, 3751, 4013, 4095, 293.4286, 289.1067, 218.5813, -1.839695, 125.0382, -19.75573, 126.9024, 112.7472, 29.11506, -86.77863, 13.61069, 32.41985],
[2183, 4095, 3693, 4017, 4095, 292.03, 282.2304, 208.16, -58.80916, 250.1298, -152.0458, 113.5691, 102.04, 26.03767, -11.8855, -2.427481, 2.954198],
[2183, 4095, 3723, 3999, 4095, 291.6867, 322.8458, 253.1396, 144.8626, -56.92367, -126.4733, 110.533, 102.7256, 31.05901, 70.23664, 10.70229, -19.65649],
[2167, 4095, 3755, 4045, 4095, 279.768, 281.5635, 229.8177, 220.542, -226.313, 89.93894, 142.6295, 113.1008, 17.97267, 39.29771, -13.25191, -10.16794],
[2203, 4095, 3731, 4051, 4095, 282.4456, 285.0941, 230.6059, 69.38168, -23.81679, 177.8168, 127.2694, 113.2466, 29.38094, -41.67939, 22.9542, 28.22138],
[2202, 4095, 3729, 4067, 4095, 295.8209, 281.8782, 203.4811, 20.53435, 241.1221, -91.98474, 124.3162, 109.3041, 27.11301, -47.74809, -16.71756, 25.0687],
[2189, 4095, 3743, 4047, 4095, 269.6492, 269.6918, 220.201, 5.419847, 217.4275, -123.8473, 115.0676, 104.9978, 29.76444, 2.328244, 1.129771, -5.717557],
[2206, 4095, 3807, 4093, 4095, 264.252, 263.3444, 229.1915, 122.0687, -250.1374, 8.793893, 135.0439, 114.5953, 24.49374, 43.70992, -10.8855, -43.22137],
[2210, 4095, 3839, 4079, 4095, 278.4147, 276.8678, 219.1295, 131.5954, -175.9008, 164.771, 132.0508, 115.7148, 28.02848, -0.870229, -7.793893, 36.37405],
[2202, 4095, 3793, 4095, 4095, 286.5141, 279.285, 208.8762, 42.36641, 250.1298, -53.05344, 114.8914, 106.5801, 32.63798, -63.37405, 7.969466, 27.18321],
[2182, 4095, 3743, 4095, 4095, 271.0632, 270.4728, 205.5447, -13.0458, 212.1374, -147.0305, 113.111, 101.8698, 26.20472, 6.923664, 1.603053, 8.946565],
[2214, 4095, 3775, 4095, 4095, 294.2825, 300.3574, 232.3066, 160.7633, -197.8473, -51.23664, 120.3932, 108.7608, 30.02275, 57.08397, 20.20611, -27.72519],
[2222, 4095, 3903, 4095, 4095, 269.7618, 269.7208, 231.1685, -8.534351, -191.8092, 218.2443, 130.5012, 114.3561, 27.85787, -18.8855, -0.9694656, 16.87023],
[2192, 4095, 3853, 4095, 4095, 276.6974, 273.3735, 206.8169, 71.37405, 174.5649, -45.0229, 116.5952, 106.4732, 30.52224, -57.48092, 21.24428, 12.45802],
[2161, 4095, 3743, 4079, 4095, 265.7733, 268.5942, 197.7012, 8.458015, 179.2901, -99.16794, 102.149, 96.94779, 29.54835, 11.96183, 9.824428, 29.40458],
[2206, 4095, 3741, 4059, 4095, 282.7738, 284.6947, 229.0621, 128.6718, -109.3206, -83.9084, 112.3863, 103.2089, 29.6472, 61.23664, -8.519084, -43.24428],
[2207, 4095, 3871, 4095, 4095, 278.4834, 279.0449, 226.7745, 178.6031, -250.1374, 71.39695, 140.9039, 115.4184, 21.04065, 36.34351, -12.54962, 0.2748091],
[2224, 4095, 3861, 4095, 4095, 308.1187, 301.7973, 218.2446, 88.68702, 87.62595, 240.4504, 130.7842, 111.58, 24.57018, -54.25191, 25.59542, 28.0687],
[2219, 4095, 3831, 4095, 4095, 297.8908, 277.7773, 194.4797, 13.61069, 231.229, -126.4657, 121.5733, 107.4304, 27.01532, -45.32061, -0.2366412, 23.87023],
[2271, 4095, 3807, 4095, 4095, 292.7282, 283.5099, 209.8107, -2.725191, 58.91603, -125.0382, 113.7327, 102.8787, 27.45257, 20.15267, -0.3816794, -10.96183],
[2171, 4095, 3743, 4047, 4095, 277.5972, 287.5094, 246.9035, 96.61069, -216.6565, -47.59542, 121.273, 105.6159, 24.67373, 68.25191, 8.824428, -13.35114],
[2198, 4095, 3781, 4095, 4095, 290.1382, 326.8611, 256.4484, 67.24428, -150.9389, 182.6488, 140.8291, 115.4966, 21.15987, -5.885496, -3.358779, 4.061069],
[2122, 4095, 3760, 4038, 4095, 290.0379, 290.5712, 225.7423, 84.75573, 202.7176, 146.2137, 118.7596, 107.2119, 29.39487, -60.90076, 27.0, 8.053435],
[2125, 4095, 3615, 3839, 4095, 296.8442, 278.4719, 196.4074, 22.8855, 237.084, -131.0, 108.1454, 99.19926, 26.3065, -31.32061, -14.27481, 14.1145],
[2123, 4095, 3598, 3859, 4095, 279.0099, 283.7145, 236.8442, 75.09161, -4.022901, -155.9771, 111.3402, 101.8592, 28.23916, 41.53435, -1.320611, -29.56489],
[2098, 4095, 3684, 3923, 4095, 287.2827, 8.869435, 272.7494, 93.22901, -201.2367, 27.74046, 132.2773, 112.0616, 23.96305, 42.19848, -0.870229, -22.22137],
[2159, 4095, 3707, 4027, 4095, 309.2863, 299.0653, 214.1269, 145.7176, -31.31298, 214.7939, 145.1126, 115.9783, 18.68744, -35.8855, 0.3282443, 34.71756],
[2171, 4095, 3703, 4038, 4095, 300.0534, 285.9723, 206.2868, 82.37405, 204.4657, -51.8168, 120.6605, 104.1865, 23.06348, -41.19848, 8.083969, 21.14504],
[2144, 4095, 3699, 3891, 4095, 270.2003, 270.0263, 199.6951, 0.832061, 144.687, -142.7634, 104.892, 98.19675, 28.46146, 1.40458, 5.244275, -2.908397],
[2178, 4095, 3698, 3991, 4095, 262.4204, 252.3279, 247.3657, 130.0687, -103.0687, -145.8397, 112.5298, 102.951, 28.97648, 79.16794, 4.389313, -45.99237],
[2160, 4095, 3783, 4079, 4095, 280.4546, 282.9332, 231.108, 17.87786, -192.2901, 153.2977, 137.9156, 117.4463, 25.05372, 4.267176, -1.206107, 9.625955],
[2140, 4095, 3813, 4095, 4095, 282.0996, 279.2891, 217.3151, 61.69466, 88.15268, 127.1221, 135.9759, 110.4364, 19.74518, -68.07633, 30.13741, 48.94657],
[2178, 4095, 3791, 4095, 4095, 278.4746, 272.5311, 196.7525, 21.81679, 249.687, -90.90839, 113.3626, 101.3174, 24.84847, -44.34351, -6.10687, 18.29771],
[2193, 4095, 3791, 4095, 4095, 276.7659, 276.6388, 224.3829, 5.885496, 40.38931, -156.1298, 108.771, 99.38235, 25.93565, 30.18321, 2.862595, -15.31298],
[2160, 4095, 3807, 4095, 4095, 273.2098, 289.3068, 260.6702, 137.084, -159.8092, -4.641222, 133.8591, 111.3728, 22.09763, 66.69466, -5.312977, -28.96947],
[2160, 4095, 3847, 4095, 4095, 284.6672, 291.5768, 236.3898, 109.3511, -131.9542, 199.1221, 139.3124, 119.9457, 26.27027, -17.57252, -10.58779, 17.35114],
[2180, 4095, 3827, 4095, 4095, 292.0239, 295.1511, 229.1697, 79.74046, 182.8168, 78.96183, 127.585, 103.225, 16.9464, -87.41984, 16.36641, 15.0916],
[2181, 4095, 3807, 4095, 4095, 275.1712, 271.7098, 198.6453, 48.87786, 190.7405, -83.29008, 110.5193, 101.1557, 27.77269, -26.23664, -21.42748, 10.90076],
[2174, 4095, 3793, 4095, 4095, 282.3492, 288.1806, 236.1901, 170.7328, -1.206107, -208.9389, 118.7835, 106.0618, 27.61688, 52.9084, 4.91603, -18.76336],
[2174, 4095, 3819, 4095, 4095, 295.1354, 335.1845, 257.6859, 97.09161, -181.6947, 44.51909, 136.5946, 112.0442, 20.89188, 57.35878, 3.40458, -20.51908],
[2197, 4095, 3819, 4095, 4095, 295.288, 296.9393, 227.0093, 117.8397, -26.62596, 204.5801, 142.9549, 114.9895, 19.30679, -20.54199, -2.053435, 24.23664],
[2176, 4095, 3798, 4095, 4095, 294.6681, 298.3364, 229.497, 64.51908, 152.626, 60.0229, 118.8519, 104.8448, 25.65758, -79.83969, 26.38931, 19.83206],
[2189, 4095, 3759, 4095, 4095, 248.2353, 265.423, 191.1271, 24.98473, 188.8931, -134.8015, 110.5641, 99.23345, 23.43903, -3.572519, -0.961832, 11.62596],
[2183, 4095, 3751, 4095, 4095, 279.5208, 279.5475, 225.0066, 50.22901, -11.32824, -133.3359, 109.3049, 100.2249, 27.24255, 65.0229, 4.290076, -27.71756],
[2187, 4095, 3795, 4095, 4095, 269.388, 268.9262, 241.5888, 135.6565, -169.0382, -4.389313, 125.4725, 108.4451, 25.03307, 54.63359, -8.351145, -24.00763],
[2213, 4095, 3811, 4095, 4095, 293.2434, 297.3737, 230.2385, 70.70992, -82.79389, 156.8321, 137.0293, 117.3459, 25.64899, -23.93893, 2.648855, 24.45038],
[2223, 4095, 3566, 3663, 4095, 298.6766, 309.1141, 235.9865, 18.51145, 131.6412, 60.92367, 135.7708, 122.682, 31.90449, -72.06871, 31.0916, -9.030535],
[2157, 4095, 3623, 3725, 4095, 300.3646, 281.864, 199.7108, 32.47328, 250.1298, -147.9542, 127.0306, 112.0111, 28.12453, -51.36642, 18.27481, 33.0458],
[2155, 4095, 3575, 3735, 4095, 300.2007, 294.902, 218.5119, 10.26718, 137.6947, -198.4733, 116.143, 105.4555, 29.35327, 11.50382, -7.091603, -4.038168],
[2094, 4095, 3635, 3743, 4095, 274.141, 284.4345, 254.0371, 116.1069, -250.1374, 49.58015, 135.8991, 112.8201, 22.11877, 61.98473, 11.60305, -33.9771],
[2178, 4095, 3665, 3783, 4095, 297.3128, 331.9933, 254.567, 150.084, -96.80153, 198.0076, 146.5351, 120.0506, 20.84263, 13.61832, -28.53435, 30.63359],
[2163, 4095, 3695, 3875, 4095, 297.1562, 313.2432, 241.303, -20.16031, 185.0153, 138.0229, 134.7505, 115.8835, 26.00947, -129.5496, 23.41985, -7.938931],
[2163, 4095, 3665, 3875, 4095, 287.1488, 278.5914, 206.1013, -28.87023, 250.1298, -132.8244, 118.6808, 107.4839, 29.88503, -38.9771, -2.763359, 23.48855],
[2167, 4095, 3651, 3871, 4095, 283.3972, 290.0961, 236.8184, 49.1603, 2.274809, -177.5649, 110.949, 102.5738, 30.19896, 60.37405, 11.8626, -31.67176],
[2013, 4095, 3711, 3807, 4095, 293.6056, 332.8487, 257.2899, 131.2901, -204.4733, 22.31298, 138.1403, 115.6452, 23.2031, 58.93893, 3.977099, -16.57252],
[2161, 4095, 3679, 3856, 4095, 305.4926, 336.2086, 252.4849, 226.2595, -19.16031, 172.3893, 155.4305, 121.131, 15.33997, -9.732824, -22.35115, 46.45802],
[2171, 4095, 3695, 3903, 4095, 312.4293, 304.031, 216.3866, 23.29008, 250.1298, -20.12214, 131.2364, 114.9037, 27.83996, -68.64886, 19.38168, 18.77863],
[2147, 4095, 3699, 3909, 4095, 299.4206, 286.6275, 207.8662, -10.17557, 197.9008, -177.3817, 120.4855, 105.9956, 25.92352, -24.09924, -7.603054, 14.94656],
[2141, 4095, 3677, 3835, 4095, 304.7633, 313.7992, 234.0244, 160.7481, -80.11451, -172.3282, 125.7552, 110.5464, 27.44224, 59.45038, 0.4427481, -2.78626],
[2160, 4095, 3695, 3795, 4095, 324.8839, 50.44465, 329.9227, 250.1298, -147.8702, 60.63359, 156.2134, 119.3742, 13.83807, 39.52672, -21.62596, -11.99237],
[2194, 4095, 3747, 3895, 4095, 310.7723, 321.3624, 235.347, 126.145, 75.0458, 216.0534, 147.6147, 115.7908, 16.95891, -1.801527, 15.79389, 34.69466],
[2175, 4095, 3791, 3953, 4095, 316.4615, 287.5248, 196.6554, 53.56489, 142.5496, -90.9542, 131.0226, 110.6626, 23.37802, -93.08397, 8.549619, 16.80916],
[2175, 4095, 3735, 3951, 4095, 304.2634, 279.8693, 194.3142, 69.67939, 159.0916, -118.0382, 116.197, 105.0382, 28.60057, -6.206107, 3.80916, -0.6335878],
[2177, 4095, 3759, 3959, 4095, 301.2488, 303.3741, 227.2731, 220.4046, -200.7405, -15.83969, 134.7, 109.7113, 19.84445, 79.38168, -2.816794, -27.45802],
[2221, 4095, 3783, 3991, 4095, 305.0184, 340.9996, 256.3788, 221.6565, -197.7939, 56.35115, 155.7959, 118.38, 13.55567, 24.1145, -22.35878, 13.34351],
[2170, 4095, 3795, 4013, 4095, 332.7962, 322.9497, 214.1633, 89.12214, 181.4046, 151.3817, 134.7052, 111.7954, 21.93684, -95.96947, 42.06107, -10.0916],
[2179, 4095, 3775, 4047, 4095, 302.6705, 284.1575, 201.4457, 4.343512, 250.1298, -86.43512, 128.1089, 105.512, 19.44578, -35.91603, -9.610687, 18.29008],
[2160, 4095, 3734, 3989, 4095, 284.8303, 281.3317, 217.0842, 36.35878, 2.244275, -185.9618, 122.0256, 109.2076, 29.06372, 35.72519, 15.0, -19.35878],
[2180, 4095, 3731, 4023, 4095, 286.0638, 298.1319, 241.5808, 250.1298, -210.458, 24.37405, 135.216, 114.8015, 24.56858, 72.00764, -2.290076, -23.7939],
[2207, 4095, 3783, 4048, 4095, 294.0824, 329.9692, 255.4332, 20.91603, -86.35115, 138.7786, 160.559, 120.3102, 11.55545, 2.679389, -29.43511, 12.54198],
[2179, 4095, 3760, 4047, 4095, 281.9987, 281.7804, 224.3869, -170.6794, 158.3664, 221.084, 125.826, 113.9997, 31.59658, -130.0916, 43.70992, -0.6259542],
[2182, 4095, 3761, 4055, 4095, 283.554, 274.3759, 197.7131, 68.229, 217.313, -119.6794, 115.5529, 101.9714, 23.90096, -23.21374, -8.908397, 17.93893],
[2163, 4095, 3751, 4019, 4095, 277.4102, 281.9094, 238.1747, 61.42748, -6.351145, -123.9466, 115.7551, 105.5075, 29.8633, 60.73283, 3.969466, -27.20611],
[2173, 4095, 3807, 4055, 4095, 280.4775, 338.8661, 265.8255, 89.96947, -184.8092, 5.526718, 143.6356, 117.5025, 20.89483, 62.06871, -21.67939, -31.74046],
[2190, 4095, 3839, 4095, 4095, 310.3954, 315.523, 230.0445, 132.687, -36.25954, 178.4198, 146.3868, 123.4382, 23.61077, -30.00763, -7.679389, 19.60305],
[2173, 4095, 3891, 4095, 4095, 299.0703, 288.2926, 210.6937, 41.57252, 234.2824, 11.65649, 129.6673, 116.8154, 31.29288, -70.28244, 34.78626, 28.78626],
[2177, 4095, 3839, 4095, 4095, 272.1609, 270.7686, 200.5359, 1.290076, 250.1298, -100.7481, 118.9555, 106.1596, 27.60007, -19.53435, 5.465649, 5.198473],
[2178, 4095, 3863, 4095, 4095, 270.6539, 271.0894, 237.9308, 81.25955, -64.60305, -125.7023, 116.5878, 106.8355, 31.10919, 43.66413, 6.160306, -1.564886],
[2160, 4095, 3856, 4095, 4095, 278.7542, 284.2053, 238.5362, 80.22138, -208.4733, 3.763359, 143.8819, 115.1788, 18.85807, 36.08397, -18.0, -12.79389],
[2166, 4095, 3831, 4095, 4095, 297.0045, 311.7412, 240.1784, 142.1374, -57.0, 138.3053, 153.2754, 120.2542, 16.27332, -4.748092, 3.832061, 22.64122],
[2175, 4095, 3867, 4095, 4095, 317.6829, 284.1309, 192.868, 25.24427, 161.1374, 4.580153, 140.9696, 113.826, 19.62537, -91.80153, 24.64885, 4.541985],
[2175, 4095, 3831, 4095, 4095, 263.9439, 267.4732, 202.1702, -39.44275, 146.5954, -137.313, 127.3764, 107.2394, 22.06114, -8.007633, 3.251908, 3.549618],
[2175, 4095, 3827, 4095, 4095, 261.7461, 263.3506, 218.6534, 45.03817, -52.57252, -129.8244, 120.8543, 108.0212, 28.52243, 80.01527, -2.435115, -12.81679],
[2170, 4095, 3887, 4095, 4095, 279.4132, 294.97, 250.2499, 161.8168, -235.2366, -4.229008, 149.6518, 121.6713, 19.76965, 45.0, -11.38931, 8.908397],
[2167, 4095, 3919, 4095, 4095, 309.4235, 303.4507, 218.7156, 58.44275, 26.56489, 250.1298, 144.5415, 118.0415, 20.69364, -22.78626, 17.29008, 34.25191],
[2166, 4095, 3915, 4095, 4095, 304.5766, 294.0798, 212.901, 66.42748, 198.8015, -0.9389313, 139.1882, 112.1481, 19.29929, -59.32061, 4.541985, 13.12214],
[2161, 4095, 3853, 4095, 4095, 265.8674, 267.7356, 208.2638, -2.366412, 187.6947, -156.6107, 126.8507, 106.4205, 21.42225, -1.458015, 14.27481, -7.40458],
[2175, 4095, 3839, 4095, 4095, 284.8575, 289.3124, 232.7713, 250.1298, -118.7328, -131.4198, 126.8211, 107.2009, 22.41888, 84.92367, -5.709924, -6.740458],
[2185, 4095, 3892, 4095, 4095, 298.1423, 347.5452, 263.2074, 134.2214, -101.855, 204.0534, 159.2246, 121.0445, 12.76102, 17.1145, -24.92367, 8.923664],
[2207, 4095, 3909, 4095, 4095, 329.8797, 307.3429, 203.7956, 26.48092, 140.1679, 172.7252, 151.4749, 119.648, 17.10047, -42.73283, 19.80153, 3.274809],
[2203, 4095, 3951, 4095, 4095, 288.0955, 274.561, 193.7935, -20.56489, 144.5878, -145.4275, 139.8151, 112.1364, 18.89468, -38.79389, -3.0, -19.93893],
[2208, 4095, 3839, 4095, 4095, 281.729, 276.9825, 210.5619, 31.20611, 101.0687, -152.6641, 124.5699, 108.6179, 26.00349, 1.755725, 9.022901, -2.625954],
[2211, 4095, 3825, 4095, 4095, 281.8564, 291.3277, 241.5998, 155.7328, -150.7405, -37.1145, 156.0505, 107.6429, 7.960161, 51.74809, -0.3969466, -20.51145],
[2145, 4095, 3919, 4095, 4095, 278.2467, 282.529, 236.7386, 189.8397, -248.7557, 89.92367, 157.3773, 124.3412, 15.78931, -5.862596, -34.9542, 30.91603],
[2219, 4095, 3723, 4031, 4095, 278.3535, 276.923, 219.5611, 67.66412, 56.45802, -150.1145, 115.4761, 106.5986, 31.98309, 34.87023, 0.8015267, -22.79389],
[2219, 4095, 3783, 4091, 4095, 296.9917, 326.6921, 251.4156, 177.5038, -189.1908, -13.35114, 148.0718, 113.9096, 15.36441, 89.78626, 9.61832, -9.984733],
[2224, 4095, 3855, 4095, 4095, 290.4493, 318.2352, 251.4876, 141.626, -150.6031, 164.2443, 153.2418, 122.9925, 18.03029, 0.1984733, -15.01527, 22.30534],
[2213, 4095, 3889, 4095, 4095, 273.9672, 273.2731, 219.5394, -110.0229, 76.03817, 157.2901, 148.8224, 119.4295, 18.76137, -80.76336, 49.84733, 2.580153],
[2206, 4095, 3835, 4095, 4095, 274.8941, 271.263, 194.9315, 55.61069, 243.4886, -53.35115, 126.3243, 109.932, 26.19867, -50.01527, 0.832061, 13.8855],
[2207, 4095, 3895, 4095, 4095, 283.658, 274.753, 198.9815, 94.2977, 141.5038, -126.7176, 120.4823, 109.2777, 30.66388, -0.7099237, 5.030534, 1.694656],
[2191, 4095, 3911, 4095, 4095, 266.521, 263.3341, 242.6754, 117.9695, -250.1374, -23.99237, 132.6367, 114.0812, 25.82589, 48.25191, 4.038168, -23.47328],
[2207, 4095, 3950, 4095, 4095, 299.1273, 309.0541, 235.435, 72.40458, -124.8092, 97.70992, 153.6504, 121.3667, 16.70683, -3.946565, -2.145038, 28.60306],
[2218, 4095, 3955, 4095, 4095, 294.7357, 291.7069, 220.7646, 41.38931, 8.954199, 52.66412, 124.6288, 114.5634, 33.42925, -60.45038, 28.19847, -27.21374],
[2221, 4095, 3899, 4095, 4095, 286.9154, 277.623, 203.7825, 18.69466, 214.7328, -35.25191, 117.4844, 103.5515, 24.83272, -70.08397, -5.687023, 33.91603],
[2207, 4095, 3907, 4095, 4095, 235.5556, 249.4979, 208.4964, 0.1526718, 224.8015, -91.62596, 115.2026, 101.4937, 23.35559, -5.641222, 8.862596, 0.2824428],
[2205, 4095, 3931, 4095, 4095, 239.5481, 211.5919, 250.0482, 54.64122, -103.0076, -94.64122, 117.7356, 104.4551, 26.08482, 54.96183, 2.961832, -29.59542],
[2207, 4095, 3982, 4095, 4095, 234.8895, 232.7975, 227.1214, 129.0229, -231.4275, -5.717557, 138.7402, 113.4128, 20.73147, 19.84733, -14.13741, -4.007634],
[2219, 4095, 3985, 4095, 4095, 293.6037, 285.9915, 213.2177, 74.1145, -59.14504, 196.4351, 128.6029, 111.0055, 25.62704, -69.07633, -17.76336, 20.01527],
[2189, 4095, 3979, 4095, 4095, 267.1506, 268.555, 206.2205, 45.1145, 243.1832, 7.61832, 115.1464, 104.1499, 28.20651, -58.70992, -10.22138, 3.770992],
[2209, 4095, 3887, 4095, 4095, 238.6679, 258.1937, 198.8135, 30.16031, 188.7786, -78.63359, 114.1783, 101.9094, 25.1467, -5.427481, 1.564886, 6.480916],
[2225, 4095, 3923, 4095, 4095, 244.5896, 225.3542, 244.2563, 73.29008, -69.50382, -108.0458, 115.0375, 104.7207, 29.32002, 74.82442, -7.480916, -39.1832],
[2208, 4095, 3979, 4095, 4095, 268.5988, 267.8001, 237.9392, 92.63359, -188.0458, 34.40458, 133.1057, 111.6079, 22.87603, 45.49618, 6.51145, -14.44275],
[2204, 4095, 3987, 4095, 4095, 292.9097, 286.7756, 215.453, 57.05344, -60.16794, 185.1985, 144.2362, 115.9995, 19.27832, -9.671756, 16.8626, 32.61069],
[2224, 4095, 3967, 4095, 4095, 278.5064, 274.4743, 207.7167, 44.1145, 145.8779, -31.17557, 119.6706, 102.991, 22.0217, -47.63359, 9.664123, 12.51145],
[2218, 4095, 3903, 4095, 4095, 261.1373, 264.5813, 211.1074, 30.8397, 217.313, -134.6412, 117.9989, 102.3572, 22.37514, -3.335878, 2.152672, 6.198473],
[2227, 4095, 3919, 4095, 4095, 247.1321, 224.2631, 247.6013, 40.62595, -32.72519, -69.37405, 117.0701, 105.3178, 28.15091, 50.12214, 5.29771, -17.72519],
[2199, 4095, 3903, 4095, 4095, 257.8287, 255.6005, 229.9181, 109.9924, -250.1374, 32.49618, 145.8094, 114.959, 17.46929, 23.54962, -4.10687, 4.0],
[2222, 4095, 3907, 4095, 4095, 296.4533, 295.6545, 223.9152, 209.6488, -75.46566, 162.3435, 142.7491, 114.654, 19.16614, 12.60305, 7.633588, 38.39695],
[2181, 4095, 3951, 4095, 4095, 288.3951, 281.044, 210.3942, 33.64885, 123.6794, 38.9313, 126.5724, 104.038, 18.58989, -67.87023, 28.52672, 44.07634],
[2177, 4095, 3883, 4095, 4095, 277.0564, 272.3829, 198.8431, -19.9313, 229.2824, -147.5725, 125.6673, 102.5744, 17.2371, -4.770992, -8.083969, -6.847328],
[2186, 4095, 3887, 4095, 4095, 272.8741, 273.3398, 229.1242, 76.57252, -51.99237, -70.03817, 118.6887, 104.1434, 24.69508, 53.61069, -11.8626, -34.96183],
[2198, 4095, 3935, 4095, 4095, 287.0082, 286.3956, 223.8168, 123.5496, -240.687, 85.09924, 142.8111, 118.0943, 21.97048, 31.38168, -15.29771, -25.63359],
[2195, 4095, 3919, 4095, 4095, 302.2367, 295.3472, 216.85, 93.96947, -4.908397, 146.3053, 141.2837, 118.3035, 23.27142, -26.85496, 8.801527, 20.39695],
[2209, 4095, 3903, 4095, 4095, 305.5534, 285.8298, 201.6044, 91.12214, 218.7481, -70.35878, 120.973, 109.2872, 30.18913, -55.85496, 18.47328, 17.41985],
[2192, 4095, 3818, 4095, 4095, 268.3897, 269.1886, 205.6007, -57.06107, 182.4962, -146.8244, 118.6069, 103.7657, 24.16225, -3.679389, -0.4274809, 3.732824],
[2226, 4095, 3839, 4095, 4095, 261.0398, 251.8671, 244.3051, 109.0076, 85.46565, -73.18321, 122.3747, 108.3731, 27.599, 70.48092, 5.664122, -20.9084],
[2210, 4095, 3929, 4095, 4095, 235.7294, 240.5849, 219.5241, 114.6641, -250.1374, 108.1832, 147.0254, 117.7893, 18.79332, 24.39695, -6.328244, -6.229008],
[2194, 4095, 3959, 4095, 4095, 280.9844, 275.8771, 207.9934, -34.25954, -37.70229, 248.2519, 137.4822, 117.175, 25.13337, -15.1374, 13.93893, 44.14504],
[2187, 4095, 3953, 4095, 4095, 262.199, 266.0489, 206.4726, 15.87786, 138.6488, -24.48092, 128.9229, 108.8643, 22.88134, -48.12214, 7.244275, 29.98473],
[2187, 4095, 3903, 4095, 4095, 248.0618, 263.4826, 195.6462, 41.73283, 166.8931, -143.1298, 123.3345, 105.6845, 23.07953, 5.320611, -5.007634, 1.541985],
[2180, 4095, 3949, 4095, 4095, 268.578, 266.0966, 250.5354, 117.6336, 6.48855, -71.34351, 123.2296, 107.578, 25.76066, 76.0, 0.2977099, -26.28244],
[2187, 4095, 4011, 4095, 4095, 267.3398, 267.1343, 227.1142, 151.5878, -185.3435, 120.1908, 147.7466, 119.1939, 19.33686, -3.78626, -8.473283, -2.755725],
[2189, 4095, 4021, 4095, 4095, 284.1644, 281.8584, 219.7114, 58.65649, 14.40458, 136.6183, 132.9135, 114.462, 26.00656, -76.1832, 11.48092, -2.450382],
[2194, 4095, 4023, 4095, 4095, 272.3724, 270.9342, 202.2793, 9.893129, 173.9007, -55.35115, 115.6244, 102.7263, 25.19225, -37.0687, -11.0916, 22.35115],
[2202, 4095, 3949, 4095, 4095, 225.6714, 250.3591, 199.9672, -20.27481, 154.8015, -92.73283, 121.3863, 104.3902, 22.77787, 9.374045, -3.038168, -9.80916],
[2205, 4095, 3953, 4095, 4095, 244.6095, 211.2695, 253.8536, 57.84733, -64.83969, -78.0687, 131.8051, 109.3925, 21.4308, 56.31298, 0.9465649, -16.33588],
[2219, 4095, 4047, 4095, 4095, 265.2084, 263.5251, 233.5833, 102.1756, -197.1985, 68.59542, 148.5037, 116.8525, 17.15121, 8.496183, -9.893129, 0.08396947],
[2201, 4095, 4059, 4095, 4095, 300.1628, 288.6727, 210.1343, -29.80916, 13.49618, 191.8092, 133.8294, 110.3288, 21.04472, -57.22137, 10.70992, 37.1145],
[2193, 4095, 4039, 4095, 4095, 287.474, 276.7511, 200.6506, 93.16031, 177.3817, -53.67176, 140.162, 102.6572, 10.56241, -61.10687, -1.396947, 44.19847],
[2181, 4095, 3789, 4095, 4095, 253.422, 261.9201, 205.3208, -40.64886, 163.8244, -137.7252, 131.5664, 103.0094, 14.56556, 16.67939, 0.3664122, -20.12214],
[2203, 4095, 3815, 4095, 4095, 261.7971, 251.7514, 246.4101, 33.61832, -38.08397, -67.45038, 126.8474, 106.5396, 21.57365, 56.8855, -3.267176, -23.64886],
[2223, 4095, 3985, 4095, 4095, 242.6908, 240.4792, 227.5692, 59.05344, -250.1374, 92.25955, 153.6681, 112.9783, 11.76763, 8.160305, -14.87023, -0.3587786],
[2178, 4095, 3869, 4069, 4095, 302.2455, 283.2846, 200.496, 124.6641, -136.3969, 82.66413, 138.0275, 116.1494, 23.75548, -69.96947, -1.992366, 36.26717],
[2203, 4095, 3771, 4017, 4095, 310.3461, 280.2549, 192.0, -27.65649, 250.1298, -72.09924, 121.2337, 107.6421, 27.6268, -16.26718, -9.076336, 73.54962],
[2197, 4095, 3703, 3903, 4095, 248.071, 258.9097, 205.8171, -0.4503817, 246.5878, -154.458, 125.3041, 106.9995, 23.30632, 17.30534, 7.519084, -16.35878],
[2213, 4095, 3759, 3975, 4095, 282.2569, 296.0504, 245.9045, 185.3053, -166.1985, 34.77863, 147.2942, 108.5802, 12.11056, 133.626, 0.5801527, -37.13741],
[2213, 4095, 3837, 4047, 4095, 281.2603, 280.2586, 222.2136, -30.45038, -250.1374, 184.2977, 166.9942, 123.2941, 8.507723, -11.37405, -24.48092, 18.80153],
[2205, 4095, 3824, 4071, 4095, 292.9014, 298.0451, 231.4981, 135.0916, 43.10687, 20.79389, 154.9735, 121.3693, 15.79201, -59.46565, 6.877862, -33.03817],
[2159, 4095, 3871, 4037, 4095, 284.832, 272.4068, 189.1591, 87.37405, 209.3435, -36.79389, 122.1484, 112.9967, 33.96431, -49.25191, 13.59542, 38.0],
[2165, 4095, 3781, 3984, 4095, 241.9595, 253.5317, 208.9169, -75.57252, 250.1298, -111.1221, 121.0225, 106.1687, 25.69843, -0.480916, 5.862596, -20.0],
[2177, 4095, 3835, 4059, 4095, 258.0713, 238.0975, 251.2408, 123.3359, -169.4656, -115.8397, 127.611, 108.8115, 23.8022, 95.36641, 9.687023, -25.21374],
[2182, 4095, 3853, 4083, 4095, 279.3187, 281.9164, 232.0135, 79.67175, -250.1374, 162.5878, 158.2393, 118.0325, 11.90185, -17.51145, -23.34351, 14.91603],
[2195, 4095, 3855, 4095, 4095, 296.8081, 294.5316, 222.0189, 118.4733, 104.3664, 202.5878, 145.3874, 116.6524, 19.02691, -108.4733, -2.870229, -9.78626],
[2166, 4095, 3857, 4095, 4095, 318.6042, 289.7766, 197.533, 11.8626, 151.7252, -57.41221, 135.956, 111.5473, 20.83891, -80.47328, 13.64122, 64.19084],
[2171, 4095, 3760, 4027, 4095, 229.0882, 255.9026, 196.0426, -71.76336, 241.9542, -98.08397, 123.4489, 104.8356, 21.81397, -2.29771, 12.01527, -4.694656],
[2181, 4095, 3835, 4095, 4095, 260.8306, 250.192, 245.8731, 157.5191, 6.694656, -58.48092, 125.502, 106.6368, 22.685, 73.52672, -4.641222, -16.14504],
[2159, 4095, 3839, 4095, 4095, 267.6434, 260.1599, 256.8779, 250.1298, -250.1374, -5.099236, 148.9473, 118.2064, 17.81196, 26.76336, -11.45038, -20.8397],
[2125, 4095, 3871, 4095, 4095, 303.6702, 316.1831, 237.3332, 151.6641, 113.229, 239.0076, 151.6503, 118.0186, 15.93137, -27.8397, 10.64122, 10.50382],
[2139, 4095, 3869, 4095, 4095, 287.6698, 277.3071, 201.9597, 107.1756, 129.8855, -70.14503, 133.4839, 110.0461, 20.98484, -103.626, 22.8397, 4.412214],
[2119, 4095, 3819, 4095, 4095, 235.6637, 258.2325, 196.8265, 28.9084, 250.1298, -111.229, 122.6501, 103.0956, 19.92681, -11.18321, -18.45802, 1.854962],
[2127, 4095, 3679, 3959, 4095, 260.8126, 254.3621, 239.9842, 136.7481, 45.86259, -104.7252, 127.3493, 107.0988, 21.90786, 58.9771, -7.244275, -31.0687],
[2112, 4095, 3731, 3963, 4095, 267.0325, 247.3848, 262.9797, 250.1298, -250.1374, -16.45802, 148.7517, 116.0839, 16.46133, 45.23664, 7.229008, -10.81679],
[2141, 4095, 3839, 4095, 4095, 301.3971, 327.8875, 248.9659, 51.10687, -70.05344, 171.3282, 161.3932, 116.2673, 9.334291, -18.74046, -2.229008, 21.00763],
[2178, 4095, 3831, 4081, 4095, 291.5525, 289.9915, 222.5795, 31.89313, 163.145, 108.0076, 123.8714, 104.7625, 21.39848, -123.145, 21.22138, 10.49618],
[2143, 4095, 3771, 4039, 4095, 264.0991, 268.0667, 197.5844, -42.83206, 250.1298, -88.90077, 121.9083, 102.6638, 19.81948, -16.31298, -20.49618, 14.15267],
[2153, 4095, 3711, 3974, 4095, 236.9543, 232.8307, 229.2993, -9.603053, 82.77863, -57.25191, 125.3519, 107.6797, 24.1486, 38.45802, 3.137405, -35.20611],
[2155, 4095, 3775, 3959, 4095, 264.7063, 261.0994, 239.4531, 250.1298, -250.1374, -150.0763, 138.5803, 112.7133, 20.20114, 55.0229, 15.28244, -35.32061],
[2141, 4095, 3782, 4039, 4095, 290.0811, 337.3721, 261.2594, 154.3435, -63.23664, 106.0382, 149.6156, 119.4719, 18.2452, 0.7328244, -8.648855, 19.85496],
[2161, 4095, 3813, 4059, 4095, 278.0801, 274.1678, 207.2844, 10.71756, 48.0229, 177.3206, 133.1014, 112.6349, 23.95274, -72.21374, 27.28244, 38.45038],
[2158, 4095, 3647, 3999, 4095, 283.6104, 274.5982, 198.4716, 70.771, 219.5114, -88.01527, 122.3909, 102.1854, 18.77617, -31.29008, 1.183206, 14.38168],
[2177, 4095, 3567, 3927, 4095, 250.3403, 255.7941, 215.2099, 22.31298, 188.5725, -95.96947, 127.8423, 102.5116, 15.91129, 2.89313, -9.343512, 7.961832],
[2129, 4095, 3707, 3983, 4095, 250.0748, 202.9898, 261.1871, 186.3435, -135.9313, -44.54198, 130.9914, 106.0971, 18.32427, 89.38168, 2.557252, -39.12977],
[2146, 4095, 3811, 4095, 4095, 265.5173, 221.5632, 266.0052, 106.8244, -171.8091, 13.51145, 155.3325, 118.1217, 13.69734, 8.977099, 3.877863, -1.839695],
[2106, 4095, 3827, 4095, 4095, 281.3618, 278.2866, 215.9217, 114.2824, 18.08397, 250.1298, 161.062, 117.6365, 10.08422, -13.70229, -14.35878, 42.13741],
[2125, 4095, 3782, 4095, 4095, 277.9238, 273.3845, 203.1894, 28.67939, 172.9542, -48.54198, 139.509, 108.0291, 15.47099, -90.51146, 20.12214, 29.50382],
[2115, 4095, 3669, 3965, 4095, 219.629, 247.6253, 198.7309, -57.39695, 241.8473, -81.27481, 123.6378, 101.9173, 17.57696, -13.44275, -1.473282, 9.183207],
[2128, 4095, 3702, 3967, 4095, 229.8164, 209.8429, 244.0653, 94.09924, 38.67939, -74.59542, 125.406, 104.0357, 19.34314, 43.53435, -4.450382, -23.43511],
[2113, 4095, 3867, 4095, 4095, 239.6092, 206.8915, 253.3581, 239.5878, -250.1374, -120.4122, 143.3436, 114.2888, 18.49, 47.72519, -9.755725, -30.46565],
[2149, 4095, 3955, 4095, 4095, 273.4334, 275.0515, 235.5867, 143.5725, -140.1756, 119.8168, 152.128, 119.4818, 16.5554, -8.19084, -8.969465, 20.20611],
[2159, 4095, 3927, 4095, 4095, 294.4215, 292.3004, 222.0217, 187.9618, 62.41221, 84.45802, 114.5607, 104.9798, 30.30958, -99.33588, -4.801527, -28.43511],
[2179, 4095, 3854, 4095, 4095, 282.4606, 275.3666, 203.108, -11.29771, 195.0992, -66.68702, 118.012, 105.3453, 27.24953, -31.40458, 11.0458, 20.61832],
[2175, 4095, 3771, 4051, 4095, 214.6615, 242.6723, 199.5794, 17.56489, 240.0382, -70.38167, 120.3696, 104.0049, 23.02702, 4.610687, 0.4580153, 14.94656],
[2129, 4095, 3793, 4031, 4095, 241.068, 214.5038, 249.1266, 163.0687, -85.38168, -108.3206, 125.9209, 107.0469, 22.89621, 62.22137, 0.3206107, -21.61069],
[2150, 4095, 3825, 4095, 4095, 264.4878, 135.7045, 275.2231, 163.5572, -149.4886, -13.67176, 146.8402, 114.1903, 16.2796, 37.73283, 6.48855, -13.09924],
[2175, 4095, 3802, 4095, 4095, 300.7721, 305.8592, 230.4369, -3.709924, 4.198473, 250.1298, 150.6716, 115.8114, 15.11788, -17.87023, -3.633588, 13.50382],
[2178, 4095, 3751, 4095, 4095, 268.314, 269.0678, 207.9837, 22.51145, 126.7863, 47.46565, 127.415, 106.4113, 21.01423, -78.90077, 26.33588, -10.09924],
[2177, 4095, 3711, 4095, 4095, 230.8522, 256.9175, 195.8086, -32.80153, 206.3893, -102.4275, 114.9012, 100.6994, 22.1418, -21.39695, -9.442748, 16.33588],
[2183, 4095, 3695, 4079, 4095, 214.8262, 229.6093, 210.5495, 5.694656, 160.0458, -89.61833, 125.84, 104.6706, 19.88725, 27.51908, -2.641221, 2.954198],
[2144, 4095, 3743, 4095, 4095, 245.5142, 218.6384, 249.9354, 125.7939, -175.9389, -75.0229, 126.7345, 103.7661, 18.14013, 76.52672, -7.59542, -39.25954],
[2203, 4095, 3814, 4095, 4095, 260.6531, 227.9654, 259.6338, 198.6183, -143.6641, 33.0229, 147.1648, 115.5933, 17.09614, 5.832061, -12.0916, -9.938931],
[2121, 4095, 3667, 4063, 4095, 252.2038, 261.6065, 204.5158, 65.96947, 188.9008, -99.52672, 119.6155, 104.8185, 24.92401, 12.50382, -2.519084, -10.61069],
[2128, 4095, 3671, 3889, 4095, 275.5643, 277.4443, 233.1307, 250.1298, -233.3282, 10.12977, 143.6807, 111.8117, 16.3226, 73.01527, -4.08397, -29.47328],
[2191, 4095, 3751, 4059, 4095, 312.3786, 320.5887, 233.0642, 2.946565, -49.58015, 250.1298, 141.6169, 119.8197, 24.33832, 2.053435, -2.312977, 8.862596],
[2186, 4095, 3751, 4055, 4095, 301.3544, 283.1172, 200.9065, -12.61069, 234.8092, 108.8931, 127.3605, 108.4705, 23.57958, -113.1908, 11.9771, 18.08397],
[2171, 4095, 3568, 3799, 4095, 261.8334, 267.5941, 195.9166, -36.56488, 213.313, -141.1985, 122.1466, 104.357, 22.1287, -12.25191, 3.068702, 17.54962],
[2176, 4095, 3519, 3763, 4071, 228.4755, 241.1354, 211.8161, 50.61069, 26.55725, -91.59542, 121.8225, 106.7647, 25.85052, 60.98474, 20.48092, -21.63359],
[2186, 4095, 3759, 4061, 4095, 269.3877, 269.026, 238.9948, 250.1298, -250.1374, 31.36641, 146.6623, 114.3116, 16.47309, 50.0229, -0.832061, -16.99237],
[2171, 4095, 3775, 4063, 4095, 307.8455, 298.4755, 214.8551, 12.07634, -34.59542, 249.6336, 157.1799, 122.3769, 14.83773, -22.67175, -10.98473, 30.13741],
[2203, 4095, 3795, 4079, 4095, 277.6521, 273.5124, 204.711, 69.51145, 229.8015, -50.69466, 137.335, 111.1008, 19.5145, -89.93894, 0.5725191, -1.435114],
[2202, 4095, 3667, 3943, 4095, 218.9726, 251.8009, 194.7944, -90.42748, 250.1298, -90.82442, 122.0555, 103.0203, 20.24191, 4.312977, -7.671756, 6.641222],
[2171, 4095, 3671, 3935, 4095, 260.7196, 247.4398, 248.5404, 90.60306, 10.58779, -121.2672, 121.5568, 107.0546, 26.49754, 82.69465, 3.0, -16.92367],
[2158, 4095, 3783, 4039, 4095, 280.4917, 291.0441, 244.1516, 250.1298, -187.2672, 120.5496, 163.1604, 116.5678, 8.504185, 25.33588, -9.083969, -13.25191],
[2187, 4095, 3767, 4083, 4095, 286.2197, 285.4311, 223.4288, 38.78626, 60.98474, 198.771, 155.7488, 117.2693, 12.98041, -40.05344, 18.28244, 29.51908],
[2175, 4095, 3711, 4063, 4095, 284.2556, 276.0387, 202.6642, 84.42748, 210.8702, -75.61069, 135.9493, 105.8516, 15.309, -60.09923, -5.931298, 26.40458],
[2173, 4095, 3575, 3855, 4095, 262.0018, 265.8276, 207.1694, -4.954198, 109.771, -139.1527, 123.6961, 104.7491, 21.50943, 9.679389, -9.465649, -9.274809],
[2175, 4095, 3653, 3975, 4095, 264.2563, 258.3274, 244.108, 230.2595, -117.855, -108.4809, 137.0497, 109.6853, 18.35963, 85.07633, -6.206107, -35.36641],
[2183, 4095, 3831, 4095, 4095, 285.3895, 290.3824, 233.3653, 169.5191, -169.5191, 162.9771, 157.2831, 119.3505, 13.15034, 2.793893, -14.96947, 5.519084],
[2207, 4095, 3835, 4095, 4095, 297.5014, 291.4536, 216.9892, -49.85496, 139.1756, 226.0992, 130.5056, 108.9114, 21.80027, -93.03054, 26.32825, 15.14504],
[2192, 4095, 3711, 4093, 4095, 290.3491, 275.04, 193.4327, 142.2137, 222.542, -164.5802, 126.64, 106.6776, 21.89599, -31.31298, -2.221374, 12.1374],
[2223, 4095, 3735, 4095, 4095, 277.7565, 275.4531, 215.0517, 65.53435, 36.98473, -125.9237, 122.1664, 105.7313, 24.08805, 26.22901, -1.549618, -18.08397],
[2174, 4095, 3727, 4021, 4095, 284.28, 302.8376, 248.3553, 83.35878, -224.9313, -37.35878, 149.0427, 111.7301, 13.36861, 82.16031, 21.9313, -2.412214],
[2221, 4095, 3781, 4095, 4095, 302.1986, 327.9119, 248.3803, 131.3053, -101.8015, 136.2672, 146.5917, 114.6311, 16.74806, -2.114504, 5.320611, 1.954198],
[2219, 4095, 3775, 4095, 4095, 288.0264, 281.9434, 212.9979, 108.5267, 141.5878, 37.75573, 126.1472, 107.6011, 23.42799, -114.3282, 37.1145, 15.16794],
[2192, 4095, 3675, 4031, 4095, 278.1745, 273.3172, 202.1474, -45.39695, 227.8779, -149.2748, 113.0499, 100.2776, 23.08046, -5.610687, 3.740458, 8.992367],
[2197, 4095, 3774, 4095, 4095, 270.1022, 270.118, 227.4188, 171.0382, -46.12978, -138.0687, 120.1808, 103.6718, 22.67036, 52.72519, 1.984733, -21.65649],
[2223, 4095, 3775, 4083, 4095, 277.1354, 331.753, 266.0531, 250.1298, -223.4046, -22.15267, 157.1889, 113.4697, 10.25904, 38.12214, 0.4580153, -12.8397],
[2223, 4095, 3729, 4095, 4095, 306.8085, 321.8177, 239.4477, 118.1145, 80.92367, 241.1069, 145.9123, 117.2972, 19.17088, -29.85496, 2.541985, 31.34351],
[2231, 4095, 3733, 4095, 4095, 281.6052, 277.5997, 213.0184, 71.58016, 250.1298, 7.274809, 122.8901, 104.4435, 21.68386, -81.24428, -6.832061, 15.22901],
[2203, 4095, 3639, 3999, 4095, 252.4918, 260.6042, 207.5232, 21.03817, 207.916, -106.6489, 114.1182, 99.2598, 20.01789, -3.801527, -13.51145, 3.648855],
[2209, 4095, 3655, 4003, 4095, 280.7062, 289.8066, 242.1604, 66.79389, -75.25955, -59.15267, 122.7782, 106.2605, 24.32804, 76.32061, -2.183206, -41.84733],
[2205, 4095, 3743, 4071, 4095, 273.5809, 280.4157, 250.9016, 102.1832, -184.6488, 119.5725, 157.2094, 120.0925, 13.58663, 21.80153, -13.99237, -18.38931],
[2221, 4095, 3783, 4095, 4095, 294.365, 285.6094, 211.6328, 46.67939, 8.282443, 225.9847, 166.9834, 119.029, 7.199085, -51.64122, 16.17557, 55.46565],
[2209, 4095, 3687, 4067, 4095, 296.6961, 282.3137, 203.449, 87.70992, 241.1221, -63.99237, 117.7119, 102.9705, 23.65388, -54.22138, 5.358778, 15.52672],
[2191, 4095, 3670, 4007, 4095, 241.3136, 259.0643, 199.3052, 95.70992, 165.9313, -109.0, 117.5804, 102.3068, 22.6494, 12.0229, -10.75572, -1.51145],
[2199, 4095, 3750, 4095, 4095, 281.6783, 291.7862, 242.5191, 142.4198, -187.1832, -61.85496, 133.1382, 110.8691, 22.08008, 88.41222, -3.320611, -34.82443],
[2213, 4095, 3783, 4095, 4095, 290.4883, 293.4675, 229.1968, 176.7099, -125.5496, 197.5954, 149.4479, 120.4414, 19.04251, -4.343512, -1.961832, 10.90076],
[2192, 4095, 3807, 4095, 4095, 283.7709, 280.3306, 216.6103, -39.37405, 117.458, 133.313, 141.5536, 113.0698, 18.61176, -72.02291, 35.41985, 4.839694],
[2194, 4095, 3735, 4083, 4095, 294.8839, 278.0531, 196.9778, 67.38168, 204.1374, -118.3511, 114.178, 103.2295, 27.61204, -32.77099, 10.9542, 25.50382],
[2213, 4095, 3743, 4091, 4095, 270.3886, 270.2678, 216.3254, 65.69466, 103.084, -143.5954, 117.7323, 103.488, 24.498, 20.80916, -9.038168, -7.465649],
[2224, 4095, 3759, 4094, 4095, 253.4616, 225.3607, 253.2233, 119.2519, -181.4198, -26.27481, 133.748, 109.0629, 19.7936, 76.66412, -2.198473, -20.0229],
[2178, 4095, 3797, 4095, 4095, 284.5254, 285.1749, 226.2302, -29.28244, -120.2595, 165.1527, 157.1971, 116.5497, 11.76983, 6.877862, -12.0916, 13.80153],
[2191, 4095, 3815, 4095, 4095, 305.198, 291.4597, 209.0797, 65.60305, 119.0534, 197.5496, 131.2634, 110.5725, 23.10232, -57.15267, 32.61069, 28.07634],
[2186, 4095, 3763, 4079, 4095, 277.1447, 273.0691, 203.3525, 83.87786, 191.2977, -120.8321, 121.4616, 105.4684, 24.29834, -37.70229, 9.366412, 16.67176],
[2199, 4095, 3695, 3975, 4095, 243.2576, 253.5311, 210.2873, 48.31298, 139.855, -125.2748, 120.3623, 103.5113, 22.27541, 11.8626, -3.145038, 2.854962],
[2240, 4095, 3743, 3981, 4095, 267.0553, 262.0272, 250.0452, 188.0229, -186.1679, -50.03817, 137.939, 109.5881, 17.74072, 66.68702, -6.396946, -32.27481],
[2175, 4095, 3759, 4051, 4095, 276.6865, 283.7655, 244.2344, 148.3588, -145.542, 164.313, 149.1431, 120.1047, 19.01875, 9.267176, 2.954198, 6.465649],
[2167, 4095, 3799, 4081, 4095, 297.7998, 284.2711, 205.7277, 44.65649, 130.2901, 181.1298, 147.6407, 113.7484, 15.49933, -42.53435, 25.0916, 28.12977],
[2135, 4095, 3661, 4020, 4095, 287.5802, 277.2375, 201.8766, 2.694656, 161.5801, -111.1298, 124.6323, 108.6144, 25.94626, -29.38931, 5.221374, 7.977099],
[2187, 4095, 3610, 3711, 4031, 280.7644, 271.7392, 189.3006, 54.93893, 187.1756, -191.4962, 131.8338, 106.7451, 18.52962, -44.87786, -5.755725, 39.1145],
[2201, 4095, 3551, 3743, 4095, 272.1638, 271.1684, 208.9327, 63.65649, 92.94657, -119.2977, 121.6968, 107.8554, 27.50057, 47.58016, -16.63359, -23.65649],
[2191, 4095, 3647, 3831, 4095, 273.6547, 279.5244, 248.8599, 111.4504, -180.7328, 5.496183, 144.1347, 115.3701, 18.8464, 106.0076, 19.60305, -55.59542],
[2193, 4095, 3631, 3839, 4095, 278.2976, 280.9715, 232.916, 83.52672, -160.855, 250.1298, 154.5064, 124.5522, 18.07935, -14.30534, 8.320611, 10.75572],
[2210, 4095, 3651, 3917, 4095, 256.4013, 262.1131, 209.6301, 250.1298, -6.625954, 76.61069, 130.5747, 116.3118, 29.93349, -126.8015, 7.251908, 20.48092],
[2199, 4095, 3663, 3919, 4095, 300.0767, 280.2665, 197.3596, 51.41984, 147.4656, -147.1603, 123.3365, 106.6738, 24.43884, -44.51909, -0.1679389, 50.48091],
[2224, 4095, 3631, 3879, 4095, 255.5569, 262.6421, 206.444, 52.54199, 58.99237, -116.9237, 124.7386, 105.4364, 21.67456, 25.78626, -5.091603, -6.21374],
[2220, 4095, 3439, 3825, 4095, 269.0576, 268.3861, 240.4792, 217.2977, -160.458, -6.358778, 140.1208, 113.8234, 20.1792, 99.7481, 17.29008, -45.0229],
[2229, 4095, 3639, 3953, 4095, 290.6833, 301.6014, 238.366, 58.12214, -134.0534, 233.5496, 153.3034, 122.6931, 17.7923, -6.740458, -1.015267, -15.65649],
[2218, 4095, 3655, 3935, 4095, 345.9605, 290.1529, 185.1599, 0.8778625, 102.9008, 152.2748, 144.1866, 118.9148, 21.64988, -66.32825, 12.08397, 42.50382],
[2181, 4095, 3665, 3951, 4095, 308.3905, 276.8071, 188.5579, 106.7099, 193.1832, -125.458, 133.8119, 109.0001, 19.68805, -76.67939, -3.541985, 37.55725],
[2157, 4095, 3665, 3953, 4095, 270.745, 270.2258, 199.9246, -21.83969, 173.6183, -224.4809, 131.578, 105.7421, 17.58156, 6.59542, -20.00763, 12.9771],
[2112, 4095, 3699, 3995, 4095, 280.9211, 310.6226, 257.1991, 57.21374, -122.8779, -27.43511, 141.2949, 109.3001, 15.61078, 107.8244, 1.129771, -45.76336],
[2117, 4095, 3724, 3967, 4095, 272.7185, 276.3016, 246.3548, -47.49618, -127.4198, 84.96947, 159.5934, 117.2313, 10.74025, 35.64885, 10.98473, -24.77863],
[2046, 4095, 3739, 3975, 4095, 260.6528, 265.4734, 205.4277, -6.267176, -91.57252, 250.1298, 154.4951, 116.864, 13.49513, -56.25954, -4.0, 37.0687],
[2062, 4095, 3761, 4027, 4095, 277.3597, 272.4987, 198.9137, 161.4046, 117.916, -39.79389, 121.6645, 108.9187, 29.00927, -86.6336, -4.541985, 52.54199],
[2097, 4095, 3687, 4003, 4095, 243.6572, 259.0855, 201.132, 3.374046, 183.8321, -163.5572, 118.5822, 105.0463, 26.22687, 5.038168, -1.954198, 12.62596],
[2146, 4095, 3761, 4027, 4095, 273.3463, 276.3623, 242.0207, 196.5267, -172.0382, -23.83206, 125.2699, 107.1926, 23.58339, 102.374, -11.38168, -54.06107],
[2134, 4095, 3887, 4095, 4095, 307.4785, 286.8855, 201.5597, -38.96947, -97.48092, 206.4122, 151.9478, 123.8339, 19.56131, -8.717557, 2.320611, -20.29008],
[2160, 4095, 3919, 4095, 4095, 282.2108, 275.7777, 205.1231, 105.9389, 53.89313, 177.4275, 124.5298, 113.7232, 32.49955, -73.07633, 21.61832, -8.412213],
[2162, 4095, 3889, 4095, 4095, 248.5233, 263.791, 195.263, -52.61069, 200.9313, -171.2214, 124.3491, 109.8505, 27.79111, -32.90076, 4.175572, 51.82443],
[2171, 4095, 3831, 4095, 4095, 265.0918, 267.5, 206.5453, 67.58016, 120.9466, -146.1221, 124.954, 106.6263, 23.08889, 22.48855, -7.725191, 17.14504],
[2151, 4095, 3877, 4095, 4095, 271.2264, 275.4538, 256.7466, 122.3206, -128.7481, -21.45038, 142.7624, 114.6061, 19.11836, 68.54198, 1.961832, -40.25954],
[2177, 4095, 3903, 4095, 4095, 276.3669, 275.0071, 218.1464, 80.35114, -167.1603, 250.1298, 150.941, 121.8777, 18.97178, -25.41985, 1.992366, 16.29771],
[2195, 4095, 3919, 4095, 4095, 272.8962, 271.7564, 211.5392, 120.2519, 122.2672, 9.992367, 119.8112, 104.7809, 24.69284, -101.5496, 21.43512, 13.44275],
[2186, 4095, 3821, 4095, 4095, 231.9552, 261.2444, 190.995, 27.24427, 235.7481, -108.4809, 127.7463, 106.3086, 20.65947, -20.81679, -19.70992, 23.60306],
[2163, 4095, 3823, 4095, 4095, 266.3509, 266.4045, 224.4923, 98.13741, 83.7023, -116.8855, 131.423, 112.1218, 24.67444, 58.8626, -9.671756, -30.8397],
[2177, 4095, 3859, 4095, 4095, 276.0267, 276.1309, 225.4146, 97.99236, -250.1374, 49.35878, 148.1588, 116.9287, 17.42531, 33.9313, -7.076336, -32.79389],
[2166, 4095, 3925, 4095, 4095, 277.1805, 274.0045, 209.1727, -17.9313, -40.1145, 250.1298, 151.2962, 121.8276, 18.67948, -50.68702, 12.38931, 44.75573],
[2165, 4095, 3926, 4095, 4095, 266.0445, 268.2209, 203.6319, 84.33588, 197.7633, -55.44275, 122.3065, 106.6069, 25.20897, -90.25954, -2.656489, 34.87023],
[2176, 4095, 3839, 4095, 4095, 225.0738, 255.5451, 194.3771, 21.89313, 183.3435, -159.7252, 129.8856, 103.7098, 16.23613, -3.938931, -13.24427, 21.19847],
[2187, 4095, 3779, 4063, 4095, 232.5642, 209.8283, 246.2204, 90.22901, -71.71756, -83.70993, 122.523, 108.2338, 27.27434, 82.41221, -2.984733, -50.8855],
[2171, 4095, 3839, 4095, 4095, 257.6881, 239.7234, 249.4876, 250.1298, -250.1374, 42.8168, 150.1176, 116.5788, 15.95428, 16.18321, 4.244275, -26.38168],
[2195, 4095, 3883, 4095, 4095, 293.2774, 283.2557, 208.6807, -77.13741, 59.03817, 236.0763, 155.7509, 116.882, 12.77059, -63.8855, 3.40458, 53.18321],
[2201, 4095, 3815, 4095, 4095, 281.6384, 274.1704, 199.6125, 47.47328, 199.4809, -71.68702, 128.7317, 102.9381, 15.94997, -57.21374, 5.030534, 34.03053],
[2215, 4095, 3821, 4095, 4095, 260.7518, 265.5474, 205.2966, 35.29771, 126.458, -143.8244, 121.7502, 103.9146, 21.78895, 4.954198, -29.61069, 3.045802],
[2186, 4095, 3831, 4095, 4095, 274.7123, 277.8254, 238.8224, 78.0229, -127.7099, -41.34351, 131.1308, 109.6859, 22.2224, 106.3359, 11.9771, -48.96183],
[2210, 4095, 3851, 4095, 4095, 265.9367, 264.4154, 234.0587, 110.7023, -132.6336, 166.9313, 149.74, 120.1345, 18.6211, 11.21374, -0.519084, -42.22901],
[2210, 4095, 3879, 4095, 4095, 270.5558, 270.3795, 215.6373, -66.28244, 37.0458, 203.2901, 140.782, 113.4819, 19.45122, -89.82443, 1.389313, 38.64122],
[2213, 4095, 3887, 4095, 4095, 270.8107, 270.1661, 194.9913, 64.90839, 202.7023, -113.6336, 126.2493, 106.8335, 22.37893, -56.28244, -18.12214, 34.40458],
[2182, 4095, 3825, 4095, 4095, 267.4154, 269.3048, 193.8564, 74.22901, 85.43511, -126.1298, 120.7587, 106.479, 26.38763, 20.48092, -15.78626, -6.931298],
[2224, 4095, 3839, 4095, 4095, 269.1312, 269.2672, 219.6024, 99.0229, -215.1145, 2.435115, 151.9514, 114.3531, 13.47458, 95.06106, 13.03053, -50.09923],
[2221, 4095, 3871, 4095, 4095, 284.3212, 278.0858, 209.1107, -12.96947, -107.2137, 181.7405, 158.2264, 122.0926, 13.96113, -4.480916, -2.419847, 12.03817],
[2192, 4095, 3870, 4095, 4095, 256.4397, 264.4234, 201.814, -25.0687, 84.13741, 96.16031, 130.121, 114.7529, 28.61706, -92.96184, -13.61832, 15.60305],
[2213, 4095, 3799, 4095, 4095, 201.8715, 254.311, 186.3489, -77.06107, 250.1298, -53.93893, 121.5567, 103.8143, 21.79022, -29.91603, -19.12977, 30.13741],
[2201, 4095, 3879, 4095, 4095, 260.8919, 262.8404, 217.9449, 108.3282, -18.64122, -82.97709, 124.881, 107.6163, 24.44227, 44.05344, -14.44275, -23.0],
[2218, 4095, 3879, 4095, 4095, 260.6334, 258.7353, 230.3313, 22.41985, -211.8626, 86.98474, 147.3508, 118.3927, 19.01934, 36.83206, 5.625954, -45.89313],
[2210, 4095, 3915, 4095, 4095, 277.0252, 272.2609, 198.0386, 10.40458, -106.1985, 171.3588, 147.043, 121.0062, 21.20248, -27.18321, -1.030534, 31.35114],