[1843, 4095, 4095, 4095, 4095, 268.5004, 264.7607, 254.516, 24.73283, -46.61069, 163.2901, 157.8593, 112.8553, 9.641577, 6.709924, -12.70992, -26.74809],
[1885, 4095, 4095, 4095, 4095, 278.4688, 276.4174, 217.0648, 117.313, -10.30534, 250.1298, 146.703, 114.478, 16.56962, -20.21374, -0.7938931, -28.38931],
[1873, 4095, 4095, 4095, 4095, 289.906, 274.651, 192.7258, -16.70992, -4.160306, 2.587786, 142.4569, 112.0445, 17.21619, 5.007634, 6.10687, -8.893129],
[1790, 4095, 4095, 4095, 4095, 289.7843, 277.3812, 199.8358, -64.19084, 38.99237, -201.3053, 141.1117, 112.0134, 17.99229, -6.694656, 2.885496, 18.53435],
[1778, 4095, 4095, 4095, 4095, 266.75, 266.8861, 223.6702, -1.29771, 41.0687, -229.3969, 154.0164, 111.0245, 10.52764, -11.19084, -9.305344, 26.87786],
[1797, 4095, 4095, 4095, 4095, 268.3663, 93.03973, 296.4814, -4.61832, -5.19084, -9.923664, 158.9891, 111.6826, 8.592423, -2.870229, 1.954198, -7.526718],
[1891, 4095, 4095, 4095, 4095, 270.0421, 270.0493, 226.6903, 37.8168, -59.79389, 236.3817, 165.8748, 113.7054, 6.202501, 6.29771, 2.396947, -10.34351],
[1911, 4095, 4095, 4095, 4095, 292.8702, 276.5671, 195.2976, 82.75573, 8.053435, 237.4046, 157.8154, 113.9149, 10.15866, -3.740458, -11.12214, -8.916031],
[1898, 4095, 4095, 4095, 4095, 292.5943, 277.7315, 198.0902, -6.847328, 2.40458, -55.41221, 149.0939, 111.926, 13.47067, 0.2290076, 4.633588, 11.81679],
[1834, 4095, 4095, 4095, 4095, 266.5433, 267.7016, 213.2451, -37.64885, 46.14504, -250.1374, 146.9162, 110.7989, 13.82641, -0.4656488, 2.389313, 14.22901],
[1835, 4095, 4095, 4095, 4095, 261.2305, 237.8849, 256.1927, -48.64885, 63.12214, -157.4656, 155.8008, 110.2793, 9.344333, -9.908397, -3.122137, 10.0687],
[1856, 4095, 4095, 4095, 4095, 262.901, 237.4908, 258.9505, -1.29771, -41.44275, 143.2214, 157.0257, 111.7299, 9.502941, -14.07634, -1.671756, -18.62595],
[1893, 4095, 4095, 4095, 4095, 267.1561, 267.8165, 217.2162, -16.91603, -36.8855, 235.6718, 140.7734, 114.1496, 20.03211, -7.78626, -7.679389, -31.49618],
[1891, 4095, 4095, 4095, 4095, 274.8618, 272.8123, 210.1923, 34.09924, 4.076336, 11.80916, 144.7901, 111.6606, 15.58446, 5.473282, 6.396946, -11.32824],
[1808, 4095, 4095, 4095, 4095, 266.9861, 268.3953, 207.4324, -106.3664, 32.72519, -159.8397, 146.7637, 112.0672, 14.80219, -1.175573, 10.50382, 17.01527],
[1808, 4095, 4095, 4095, 4095, 247.0892, 246.3174, 225.9901, -14.96183, 87.66413, -196.3893, 151.8993, 111.5097, 11.80359, -2.022901, -0.7022901, 23.30534],
[1855, 4095, 4095, 4095, 4095, 268.039, 93.07446, 300.8001, 10.92366, -16.9084, 38.54198, 156.318, 110.8839, 9.414565, 11.66412, -3.282443, -3.015267],
[2026, 4095, 4095, 4095, 4095, 247.737, 254.2456, 214.4637, -50.33588, -87.8168, 227.6641, 164.7797, 117.7919, 8.053988, -4.435114, -11.55725, -29.85496],
[1989, 4095, 4095, 4095, 4095, 273.0459, 271.2517, 202.9058, 38.62595, -20.99237, 125.3588, 141.0746, 116.8253, 22.13994, -13.07634, 10.66412, -22.0229],
[1937, 4095, 4095, 4095, 4095, 273.9764, 271.3409, 199.1314, -31.64122, 13.80153, -81.25955, 146.8576, 113.5903, 15.8377, -9.374045, 4.717557, 30.26718],
[1923, 4095, 4095, 4095, 4095, 256.4546, 259.0235, 218.7277, -55.10687, 75.41222, -227.7786, 156.1329, 112.2435, 10.16999, -3.328244, 5.580153, 13.17557],
[1907, 4095, 4095, 4095, 4095, 262.8285, 253.0319, 247.6305, -8.610687, 43.9771, -96.77863, 150.975, 110.569, 11.68445, -4.900764, -4.40458, 3.381679],
[1958, 4095, 4095, 4095, 4095, 264.4567, 257.0745, 247.154, 17.66412, -50.53435, 174.4122, 151.4653, 111.5492, 12.03899, -3.801527, -9.389313, -14.22901],
[1950, 4095, 4095, 4095, 4095, 268.1692, 268.8842, 210.6133, 52.39695, -51.08397, 207.7023, 151.5715, 111.7636, 12.11515, -12.43512, 3.618321, -11.83206],
[1937, 4095, 4095, 4095, 4095, 271.7893, 271.0391, 210.7481, -11.93893, 11.91603, -17.77863, 145.91, 109.7707, 13.60261, 1.236641, 0.9160305, 5.465649],
[1906, 4095, 4095, 4095, 4095, 268.2425, 268.8992, 211.3259, -86.94656, 53.64885, -166.0611, 142.4618, 108.9095, 14.68223, -6.534351, -1.580153, 3.10687],
[1882, 4095, 4095, 4095, 4095, 262.0884, 260.4194, 230.5042, 13.87023, 86.39695, -161.9771, 153.0005, 109.7374, 10.28042, -9.221375, -10.80916, 26.32825],
[1920, 4095, 4095, 4095, 4095, 271.5523, 62.75357, 273.091, 1.610687, -26.70992, 81.1832, 147.9071, 110.8927, 13.38805, 1.70229, 0.7480916, -20.25954],
[1915, 4095, 4095, 4095, 4095, 275.9445, 274.5771, 217.5768, 27.48092, -55.36642, 250.1298, 149.0249, 112.9174, 14.16127, -24.24428, -0.5801527, -6.778626],
[1920, 4095, 4095, 4095, 4095, 279.4953, 273.8924, 202.2729, 18.0458, -17.9542, 33.89313, 150.1632, 111.6396, 12.74098, 9.496183, -5.343512, -19.18321],
[1821, 4095, 4095, 4095, 4095, 281.516, 274.9821, 203.2532, -2.175573, 39.96947, -87.41984, 147.206, 110.5495, 13.50574, -22.25191, 9.862596, 30.33588],
[1806, 4095, 4095, 4095, 4095, 260.7568, 262.7714, 217.7976, -85.72519, 62.74809, -207.2672, 147.0713, 107.8652, 11.72236, 4.129771, 8.083969, 18.70229],
[1868, 4095, 4095, 4095, 4095, 258.2274, 126.2038, 285.6822, 21.30534, 29.57252, -53.65649, 145.4456, 107.807, 12.40671, 0.7633588, -5.610687, 3.694656],
[1888, 4095, 4095, 4095, 4095, 263.596, 261.9431, 231.5787, -34.71756, -52.62596, 226.855, 152.6662, 112.0039, 11.71614, 3.59542, -1.206107, -15.99237],
[1920, 4095, 4095, 4095, 4095, 276.381, 272.5775, 202.1717, -1.10687, -0.7480916, 154.9008, 142.3263, 113.0556, 18.12155, -3.832061, 7.557252, -16.80153],
[1887, 4095, 4095, 4095, 4095, 274.1845, 271.5831, 201.1367, -16.83969, -4.679389, -34.73283, 141.7169, 109.0798, 15.20559, 0.2290076, 2.091603, 21.83969],
[1837, 4095, 4095, 4095, 4095, 266.3023, 267.7005, 211.4705, -66.73283, 54.07634, -222.4504, 146.6234, 110.4556, 13.73369, 4.473282, 5.030534, 12.26718],
[1843, 4095, 4095, 4095, 4095, 262.0039, 254.821, 242.6496, -7.885496, 58.96947, -160.9466, 151.9896, 108.6933, 10.12653, -2.152672, -2.633588, 16.52672],
[1865, 4095, 4095, 4095, 4095, 257.2636, 201.5702, 264.8322, 12.80153, -24.46565, 125.229, 147.5783, 109.5707, 12.65214, -4.877862, 2.244275, -21.00763],
[1868, 4095, 4095, 4095, 4095, 268.2955, 268.5615, 219.8569, 27.15267, -68.12977, 250.1298, 137.4587, 111.4686, 19.78018, -19.03053, 11.09924, -30.93893],
[1934, 4095, 4095, 4095, 4095, 299.8076, 280.0048, 197.1099, 71.30535, -9.297709, 72.16031, 136.2131, 109.8672, 19.04432, -10.50382, 10.01527, -23.0916],
[2057, 4095, 4095, 4095, 4095, 288.8832, 275.6489, 196.1836, -46.9542, 25.54199, -124.1374, 147.0201, 109.7448, 13.03983, -2.343511, -6.564886, 19.91603],
[2119, 4095, 4095, 4095, 4095, 268.8215, 269.1888, 213.6732, -41.54962, 53.67176, -204.9542, 150.6998, 109.9217, 11.41976, 0.5725191, -0.4961832, 14.57252],
[2109, 4095, 4095, 4095, 4095, 290.2579, 65.19557, 308.7579, -10.9084, 51.25954, -54.13741, 154.2426, 109.7054, 9.723627, 14.83206, -3.603053, 13.00763],
[2126, 4095, 4095, 4095, 4095, 276.7214, 273.7191, 209.0076, 53.12977, -58.71756, 250.1298, 156.2375, 110.9901, 9.50234, -9.114504, 10.9313, -9.053435],
[2101, 4095, 4095, 4095, 4095, 280.3986, 273.8485, 200.2681, 15.8855, -17.51145, 89.87786, 138.565, 104.9087, 13.1733, -24.24428, 24.01527, -27.63359],
[2113, 4095, 4095, 4095, 4095, 306.5637, 280.2288, 193.6568, -71.91603, 18.45038, -156.5573, 138.7908, 108.8311, 16.56787, 15.80916, -1.59542, 26.62596],
[2054, 4095, 4095, 4095, 4095, 260.593, 261.8034, 220.898, -24.61832, 61.35878, -215.1527, 155.2676, 109.3509, 9.107334, -6.236641, 4.389313, 8.549619],
[2134, 4095, 4095, 4095, 4095, 284.0533, 276.2667, 203.7403, -1.847328, -73.03817, 250.1298, 139.7125, 102.5986, 10.67927, 32.80916, -33.41221, -12.48092],
[2130, 4095, 4095, 4095, 4095, 281.4206, 277.4656, 212.9801, -41.22901, -6.70229, 45.21374, 143.3075, 103.5019, 10.08839, -9.206107, 5.076336, -7.717557],
[2042, 4095, 4095, 4095, 4095, 266.3156, 268.1181, 206.5163, -155.2214, 92.83969, -229.229, 140.5833, 102.2738, 10.08843, -8.900764, 2.656489, 23.83206],
[2092, 4095, 4095, 4095, 4095, 299.4057, 283.4658, 202.9956, -16.76336, 116.0534, -174.5954, 126.0106, 98.91382, 12.16416, -38.35878, -22.9542, 12.56489],
[2069, 4095, 4095, 4095, 4095, 272.4284, 272.725, 228.1356, 26.81679, -67.42748, 202.6489, 141.2099, 100.7559, 8.633613, 11.61832, -2.145038, -22.35878],
[2073, 4095, 4095, 4095, 4095, 273.8029, 271.6263, 203.561, 2.274809, -49.32825, 250.1298, 135.1146, 104.0481, 13.94901, -6.625954, 7.312977, -5.763359],
[1962, 4095, 4095, 4095, 4095, 271.6284, 271.0073, 212.3179, -16.9313, 17.90076, -87.94657, 134.1154, 100.8905, 11.18809, 7.435114, -8.954199, 33.65649],
[2001, 4095, 4095, 4095, 4095, 271.0677, 270.8407, 218.6081, -75.55725, 106.1298, -250.1374, 166.4588, 100.0019, 2.347039, -14.1145, 2.648855, 20.74809],
[2058, 4095, 4055, 4095, 4095, 12.27019, 13.0965, 42.99678, 64.19847, 10.05344, -28.18321, 146.9629, 100.6183, 6.894846, 0.1908397, -2.877863, 2.748092],
[2090, 4095, 4095, 4095, 4095, 274.5532, 274.3645, 223.7273, 2.427481, -71.00764, 231.4809, 146.7934, 102.394, 8.12601, 11.41221, 1.099237, -21.32061],
[2078, 4095, 4095, 4095, 4095, 268.4106, 268.9759, 212.0314, 31.51908, -19.00763, 122.4733, 142.0341, 105.0011, 11.75363, -8.633588, 10.64122, -26.07634],
[2064, 4095, 4095, 4095, 4095, 275.5075, 273.1185, 209.6319, -64.74046, 42.41221, -169.0382, 135.7564, 100.7121, 10.40136, -1.236641, 4.78626, 20.21374],
[2087, 4095, 4095, 4095, 4095, 270.0363, 270.0253, 221.8565, -22.22901, 76.71756, -227.6031, 151.6643, 99.49083, 5.089303, -25.76336, -3.40458, 25.68702],
[2098, 4095, 4095, 4095, 4095, 303.834, 335.2353, 252.7521, 41.1832, -15.90076, 123.3588, 151.846, 100.1527, 5.410864, -24.29008, 1.175573, -19.13741],
[2093, 4095, 4095, 4095, 4095, 283.1919, 277.6529, 209.8418, 26.69466, -82.25955, 250.1298, 177.9653, 101.3353, 0.3041024, 3.267176, -7.664122, 2.290076],
[2122, 4095, 4095, 4095, 4095, 281.2754, 277.9146, 214.8825, -27.67175, -15.06107, 66.229, 150.6426, 96.78059, 3.770406, -5.053435, -5.053435, 11.57252],
[2090, 4095, 4095, 4095, 4095, 268.5997, 269.008, 214.6334, -135.1298, 97.82443, -250.1374, 135.7938, 98.80954, 8.539376, 22.57252, -1.389313, 20.10687],
[2106, 4095, 4095, 4095, 4095, 307.0997, 295.8064, 212.5343, -8.167939, 68.23664, -128.8473, 144.6847, 99.67631, 6.836703, -22.27481, -19.38931, 27.06107],
[2125, 4095, 4095, 4095, 4095, 279.6974, 278.6438, 221.6056, 43.00764, -79.64122, 250.1298, 164.286, 101.4879, 3.188608, 14.16031, 7.832061, -33.85496],
[2128, 4095, 4095, 4095, 4095, 273.5451, 272.5959, 216.3179, 31.67939, -53.94657, 207.0229, 123.7738, 99.82647, 14.50735, -5.61832, 30.67939, -4.717557],
[2102, 4095, 4095, 4095, 4095, 276.1572, 274.1887, 214.2387, -67.42748, 62.61069, -159.0534, 143.312, 99.81372, 7.294687, -0.7938931, 15.58779, 17.99237],
[2058, 4095, 4095, 4095, 4095, 267.8747, 267.873, 224.9501, -19.0687, 114.1145, -239.8092, 161.9243, 98.36752, 2.672372, -21.14504, -11.53435, 28.42748],
[2129, 4095, 4095, 4095, 4095, 312.6511, 30.57425, 298.6303, 56.51908, -39.23664, 83.80916, 157.187, 98.90347, 3.700336, 6.931298, 6.015267, -20.52672],
[2138, 4095, 4095, 4095, 4095, 276.0705, 272.4818, 202.4317, 51.67939, -66.10687, 229.9618, 145.1004, 100.508, 7.319497, -8.839695, 3.198473, -11.50382],
[2126, 4095, 4095, 4095, 4095, 268.1268, 268.1739, 224.1666, -44.65649, -7.29771, 23.58015, 141.5466, 97.56812, 5.981706, -1.687023, 11.10687, 8.580153],
[2064, 4095, 4095, 4095, 4095, 260.4025, 262.4464, 217.9734, -170.9389, 108.2748, -243.7786, 147.5051, 99.49117, 6.023045, 14.46565, 10.10687, 17.50382],
[2070, 4095, 4095, 4095, 4095, 336.7396, 325.9264, 212.3435, 23.19084, 46.64886, -131.5496, 149.7849, 97.00489, 4.038114, -11.65649, -10.96947, 22.9313],
[2151, 4095, 4095, 4095, 4095, 275.5135, 276.167, 228.1118, 37.19084, -67.66412, 235.9695, 175.6503, 99.68574, 0.6455824, 5.564886, -4.603054, -27.35115],
[2134, 4095, 4095, 4095, 4095, 273.3718, 271.8096, 208.551, 9.030535, -51.54199, 250.1298, 147.4702, 101.3229, 7.21944, -29.43511, 14.09924, -0.870229],
[2099, 4095, 4095, 4095, 4095, 270.7092, 270.4395, 213.1273, 0.870229, 62.23664, -141.916, 133.6018, 98.96469, 9.376341, 3.137405, -10.74046, 28.94657],
[2069, 4095, 4095, 4095, 4095, 250.1194, 258.377, 209.4961, -48.24428, 175.3282, -250.1374, 185.2067, 100.3235, 358.9619, -14.25191, -4.129771, 30.21374],
[2099, 4095, 4095, 4095, 4095, 322.3658, 27.48899, 304.1093, 6.29771, -58.12977, 122.8931, 147.4175, 98.4968, 5.400509, -3.320611, 6.015267, -29.24428],
[2078, 4095, 4095, 4095, 4095, 273.3946, 271.4969, 204.2494, 67.23664, -93.55725, 244.6107, 132.4541, 100.5976, 11.5267, -0.8015267, -3.961832, -23.42748],
[2078, 4095, 4095, 4095, 4095, 272.9462, 272.3001, 218.0788, -48.94657, 8.106871, -14.70229, 128.2731, 96.59369, 8.325685, 31.27481, -0.648855, -19.0687],
[1991, 4095, 4095, 4095, 4095, 270.7632, 270.3187, 204.9709, -141.6107, 102.229, -233.2748, 142.7211, 99.87516, 7.500455, -4.503817, -5.236641, 21.00763],
[1984, 4095, 4095, 4095, 4095, 282.4463, 288.2913, 236.1488, 15.57252, 101.9466, -179.4122, 144.3766, 97.06946, 5.032786, -19.45802, -10.05344, 23.60306],
[2063, 4095, 4095, 4095, 4095, 274.7348, 275.6582, 229.9621, 63.48855, -89.16794, 226.7863, 180.3363, 99.59708, 359.8646, 7.053435, -1.709924, -21.67176],
[2082, 4095, 4095, 4095, 4095, 281.1185, 274.7228, 202.8993, 80.12214, -21.44275, 213.626, 127.4058, 102.1462, 15.69055, 3.885496, 7.832061, -40.19847],
[2035, 4095, 4095, 4095, 4095, 272.5424, 271.6697, 213.5823, -6.38168, 6.778626, -68.16794, 126.7837, 98.42981, 11.19899, -13.05344, -8.030535, 48.41985],
[1975, 4095, 4095, 4095, 4095, 262.241, 264.4466, 215.337, -109.8244, 125.916, -250.1374, 147.4186, 99.2441, 5.883357, -4.694656, 13.96947, 14.90076],
[2014, 4095, 4095, 4095, 4095, 52.36492, 34.196, 62.2571, -5.89313, 24.46565, -49.80917, 135.1866, 97.09201, 7.019274, -6.099236, 0.3816794, 4.274809],
[2058, 4095, 4095, 4095, 4095, 287.824, 282.2606, 214.0244, 154.0, -25.84733, 250.1298, 136.122, 99.10979, 8.730936, 18.46565, -4.48855, -20.19084],
[2047, 4095, 4095, 4095, 4095, 294.5119, 281.1777, 203.4214, 14.89313, -7.099236, 94.87023, 123.3213, 99.56847, 14.37144, 36.14504, 10.61832, -40.19084],
[2005, 4095, 4095, 4095, 4095, 276.058, 273.0658, 206.9632, -30.58015, 39.03053, -123.5878, 126.4386, 97.25738, 9.77927, -29.12214, -0.1450382, 32.07634],
[1918, 4095, 4095, 4095, 4095, 269.849, 269.8549, 222.711, -27.39695, 121.4198, -250.1374, 186.3697, 98.10106, 359.0039, -16.58779, 8.847328, 41.33588],
[1994, 4095, 4095, 4095, 4095, 33.73384, 67.49681, 15.36019, -15.60305, -9.801527, 42.47328, 146.0735, 97.01106, 4.680554, 14.94656, -8.824428, -11.41221],
[2035, 4095, 4095, 4095, 4095, 278.2147, 276.7211, 219.2033, 84.39695, -77.72519, 250.1298, 170.8486, 101.5454, 1.791144, -8.137404, 4.167939, -15.61069],
[2039, 4095, 4095, 4095, 4095, 287.7955, 281.1187, 211.4613, 16.32061, -6.167939, 78.12977, 118.8862, 99.30099, 16.53325, 1.824428, 1.801527, -39.76336],
[2158, 4095, 4086, 4095, 4095, 16.17643, 53.67971, 11.97849, 9.335877, -4.312977, 14.43511, 137.1225, 97.37527, 6.821362, -5.175572, 9.221375, -10.46565],
[2160, 4095, 4087, 4095, 4095, 279.6762, 275.6428, 210.1447, 78.22137, -34.58015, 250.1298, 200.7908, 101.7791, 355.3567, -0.778626, -4.679389, -24.13741],
[2159, 4095, 4095, 4095, 4095, 280.1243, 277.1471, 215.0791, 54.25954, 9.068703, 77.19084, 138.8651, 101.7333, 10.23663, -4.282443, 7.732824, -37.44275],
[2135, 4095, 4095, 4095, 4095, 278.6451, 274.3701, 206.7916, -74.83206, 28.72519, -228.8015, 142.5416, 98.65344, 6.605676, -6.923664, 3.916031, 28.52672],
[2141, 4095, 4063, 4095, 4095, 282.1997, 280.93, 221.7151, -35.56489, 131.9618, -230.3969, 182.862, 98.74269, 359.4783, -22.80916, 5.229008, 25.9084],
[2166, 4095, 4095, 4095, 4095, 299.9816, 4.476057, 272.5747, 81.77863, -47.15267, 185.1298, 197.9725, 98.4485, 357.136, 13.0458, 6.435114, -20.32825],
[2171, 4095, 4091, 4095, 4095, 288.9068, 279.3416, 205.661, 15.74809, -36.21374, 250.1298, 158.9272, 98.92871, 3.391931, 9.656488, -4.847328, -2.778626],
[2138, 4095, 4095, 4095, 4095, 268.1686, 268.6246, 216.4568, -36.57252, 8.183207, -10.14504, 141.4791, 97.35697, 5.827646, -10.53435, 10.03054, 2.59542],
[2157, 4095, 4095, 4095, 4095, 275.0088, 273.144, 212.2144, -2.961832, 96.05344, -234.0153, 166.2542, 99.34783, 2.222011, -6.312977, -2.152672, 34.43512],
[2171, 4095, 4095, 4095, 4095, 314.3954, 324.7155, 235.2129, -51.29008, 69.30534, -101.9847, 160.1846, 99.87946, 3.515156, -19.78626, -7.778626, 6.053435],
[2138, 4095, 4023, 4095, 4095, 266.2314, 266.1099, 225.8541, 81.64123, -79.41985, 241.4275, 172.0827, 99.40576, 1.227147, 14.27481, -5.022901, -24.26718],
[2082, 4095, 4095, 4095, 4095, 286.1288, 279.3311, 209.606, 32.20611, -9.175572, 146.8779, 136.5195, 102.389, 11.72372, 6.961832, -0.4885496, -27.84733],
[2149, 4095, 4095, 4095, 4095, 274.179, 273.0757, 216.4196, -44.48855, 33.87786, -104.313, 121.0962, 95.52845, 9.134138, -23.16031, -4.625954, 35.37405],
[2150, 4095, 4095, 4095, 4095, 273.7081, 272.9342, 218.4027, -46.09924, 115.3435, -250.1374, 189.9106, 100.2815, 358.0901, -23.61832, -19.15267, 30.45038],
[2103, 4095, 4095, 4095, 4095, 23.83451, 57.31579, 15.74796, 1.671756, 0.3816794, 58.38168, 150.5909, 100.4748, 5.887702, 8.221375, 10.0458, -16.68702],
[2058, 4095, 4095, 4095, 4095, 273.0349, 272.5332, 219.8969, 57.78626, -65.8168, 250.1298, 141.6953, 98.01312, 6.302652, 9.511451, -7.022901, -50.35878],
[2067, 4095, 4059, 4095, 4095, 277.3327, 274.8483, 213.4444, -22.89313, 13.69466, 97.58016, 121.9657, 100.919, 17.1636, 24.18321, 14.58015, -58.8855],
[2130, 4095, 4095, 4095, 4095, 280.7222, 274.7636, 203.8503, -59.14504, 37.58779, -148.1985, 135.0956, 99.96801, 9.900733, -23.65649, -2.625954, 37.21374],
[2147, 4095, 4095, 4095, 4095, 312.7442, 284.5301, 195.6281, -51.1145, 97.89313, -250.1374, 187.6701, 99.56704, 358.6098, -23.47328, -13.56489, 64.70993],
[2101, 4095, 4095, 4095, 4095, 282.6664, 292.1437, 240.9615, 62.65649, -40.45038, 141.374, 149.9679, 100.4124, 6.002935, 6.549618, 9.511451, -43.72519],
[2096, 4095, 4079, 4095, 4095, 291.6176, 280.4611, 204.9787, 30.61832, -56.26718, 250.1298, 139.9289, 102.4346, 10.45939, 10.56489, 11.22137, -9.664123],
[2117, 4095, 4095, 4095, 4095, 290.0495, 277.9364, 200.9301, -25.82443, -13.0, 14.8397, 157.9787, 103.0829, 5.29268, 14.70229, -5.931298, -1.572519],
[2122, 4095, 4095, 4095, 4095, 278.7275, 275.7653, 213.3656, -21.69466, 68.75572, -183.5725, 129.7512, 99.5915, 11.46127, -23.48855, 2.832061, 30.8626],
[2100, 4095, 4095, 4095, 4095, 282.3225, 282.4176, 225.1512, -48.38932, 78.94657, -232.1145, 169.5939, 99.54629, 1.679872, -29.17558, -0.6564885, 43.72519],
[2112, 4095, 4095, 4095, 4095, 281.9563, 290.8358, 240.7761, 25.84733, -27.91603, 169.7099, 163.5469, 100.8904, 3.169892, 18.24428, -2.603053, -41.14504],
[2138, 4095, 4079, 4095, 4095, 298.7909, 283.7433, 203.9673, -32.21374, -24.0229, 250.1298, 167.8375, 101.7028, 2.466713, 31.08397, 6.29771, -13.92366],
[2130, 4095, 4095, 4095, 4095, 290.0378, 281.2473, 208.5893, -3.732824, -4.022901, 15.03054, 136.4687, 101.2841, 10.69289, 21.91603, 6.366412, -14.19084],
[2122, 4095, 4095, 4095, 4095, 288.7232, 279.3235, 205.852, 4.534351, 36.54962, -192.2214, 140.9712, 103.7931, 11.2019, -38.27481, -9.801527, 43.53435],
[2114, 4095, 4095, 4095, 4095, 275.4405, 275.9115, 227.2874, -57.84733, 83.85497, -250.1374, 169.3875, 102.6498, 2.315017, -13.22901, -0.8091603, 28.61069],
[2102, 4095, 4095, 4095, 4095, 287.6211, 319.6796, 254.815, 23.33588, -21.54198, 123.7634, 159.0464, 101.8534, 4.518284, 7.70229, 12.91603, -23.59542],
[2111, 4095, 4095, 4095, 4095, 292.7694, 282.1183, 207.0759, 24.45038, -17.26718, 250.1298, 154.0399, 103.9763, 6.836703, -2.152672, 5.160306, -1.244275],
[2135, 4095, 4095, 4095, 4095, 293.1706, 283.9699, 210.138, -36.79389, 11.12214, 45.0, 147.5506, 98.79438, 5.563845, 11.53435, 5.526718, -22.87786],
[2138, 4095, 4095, 4095, 4095, 284.9687, 279.1757, 211.1365, -118.8702, 26.66412, -250.1374, 127.4007, 99.8819, 12.81542, 5.38168, 11.9313, 34.93893],
[2113, 4095, 4095, 4095, 4095, 281.7966, 283.8808, 229.6988, -41.58016, 65.67175, -222.8397, 161.3691, 98.57577, 2.834915, -37.08397, -2.763359, 32.8168],
[2127, 4095, 4095, 4095, 4095, 280.0408, 299.972, 252.7892, 33.22901, -36.21374, 134.8168, 153.7468, 99.87008, 4.838917, 18.54962, 3.625954, -27.61069],
[2128, 4095, 4095, 4095, 4095, 279.6634, 274.7008, 205.8724, 27.8397, -51.99237, 222.4962, 134.9089, 99.92841, 9.925105, -3.763359, 2.59542, -20.09924],
[2208, 4095, 4095, 4095, 4095, 275.315, 274.004, 217.0017, -6.519084, 4.198473, -21.03817, 124.2075, 95.49458, 8.061228, 4.061069, 2.770992, 2.755725],
[2154, 4095, 4095, 4095, 4095, 273.7652, 272.3534, 212.1949, -91.6336, 69.54962, -250.1374, 141.9675, 98.85436, 6.902688, -2.534351, 5.580153, 18.92366],
[2138, 4095, 4095, 4095, 4095, 299.9226, 318.1957, 242.6832, 42.69466, 52.22137, -187.374, 167.1823, 96.2832, 1.353966, -45.0687, -12.67939, 26.9542],
[2145, 4095, 4095, 4095, 4095, 272.7448, 273.6127, 232.5462, 55.96183, -48.58779, 250.1298, 165.1405, 98.90911, 2.29999, 14.12977, -1.312977, -39.38168],
[2149, 4095, 4095, 4095, 4095, 282.9493, 275.8318, 204.0143, 43.64122, -44.52672, 229.1985, 133.3099, 99.99666, 10.55968, -3.832061, 10.08397, -23.53435],
[2069, 4095, 4095, 4095, 4095, 280.7787, 277.0151, 212.8922, -17.58779, 11.90076, -48.21374, 133.6704, 97.49074, 7.817386, -9.458015, 11.31298, 18.48092],
[2151, 4095, 4095, 4095, 4095, 278.663, 275.4603, 212.1507, -114.626, 71.10687, -250.1374, 144.0425, 98.753, 6.324893, -4.091603, 0.4503817, 22.98473],
[2147, 4095, 4095, 4095, 4095, 42.68696, 38.0051, 49.63799, -39.38931, 47.68703, -102.5725, 124.8635, 95.14656, 7.373158, -19.85496, -13.16794, 9.870229],
[2159, 4095, 4095, 4095, 4095, 276.604, 276.7395, 225.5067, 59.17557, -64.9542, 247.8702, 175.3648, 98.58611, 0.60509, 9.366412, -17.17557, -34.08397],
[2145, 4095, 4095, 4095, 4095, 288.3897, 279.9721, 207.8711, 44.87786, -34.78626, 191.8397, 141.4726, 99.46207, 7.513939, 10.99237, 10.01527, -21.45038],
[2145, 4095, 4083, 4095, 4095, 275.2114, 273.2533, 212.0644, -17.50382, 32.55725, -95.13741, 125.208, 96.03777, 8.526412, -22.9542, -7.343512, 31.61832],
[2146, 4095, 4095, 4095, 4095, 281.053, 278.2866, 216.6904, -18.06107, 88.45801, -250.1374, 182.1029, 98.43142, 359.6086, -26.12977, -10.49618, 35.59542],
[1817, 4095, 4095, 4095, 4095, 269.2461, 268.9572, 234.8335, -12.73282, 92.11451, -200.6336, 153.1366, 97.95218, 3.985422, -32.25191, -8.748092, 40.34351],
[1947, 4095, 4095, 4095, 4095, 267.72, 114.1766, 274.8199, 34.54199, -30.17557, 88.41222, 144.6879, 98.79909, 6.208088, -2.763359, 6.70229, -21.50382],
[1971, 4095, 4095, 4095, 4095, 277.4395, 277.4226, 224.86, 49.87023, -51.9771, 224.771, 142.432, 99.43579, 7.238334, 25.12977, 4.335878, -21.12977],
[2066, 4095, 4095, 4095, 4095, 285.3355, 280.2079, 213.2736, -4.076336, -15.48092, 106.3359, 129.0994, 100.3815, 12.67915, 14.15267, 7.396946, -14.64122],
[1961, 4095, 4095, 4095, 4095, 275.7471, 274.1947, 216.1298, -58.38168, 39.28244, -145.4885, 131.2819, 99.38647, 10.63729, -34.25191, 5.343512, 21.03817],
[1972, 4095, 4095, 4095, 4095, 266.4351, 266.2375, 226.5047, -79.51908, 112.626, -250.1374, 136.4465, 97.84999, 7.435987, -48.20611, -9.648855, 5.221374],
[2013, 4095, 4095, 4095, 4095, 272.8217, 317.9374, 267.3237, -29.03817, -20.9313, 72.41985, 142.5023, 99.3551, 7.157514, -1.374046, 0.3129771, -18.31298],
[2022, 4095, 4095, 4095, 4095, 278.4595, 276.1392, 215.8839, 70.42748, -71.55725, 250.1298, 182.2805, 102.6068, 359.4039, 17.28244, 3.908397, -19.17557],
[1998, 4095, 4095, 4095, 4095, 279.412, 274.9322, 207.5845, -12.40458, -11.31298, 72.53435, 120.9242, 101.4745, 18.70227, 23.48092, 6.664122, -38.9313],
[1989, 4095, 4095, 4095, 4095, 282.9657, 276.3176, 205.7315, -18.08397, 26.38168, -95.8855, 130.4608, 100.3067, 12.00896, -40.99237, 2.938931, 40.67176],
[2021, 4095, 4095, 4095, 4095, 273.8386, 272.3834, 212.021, -33.03817, 79.22138, -244.2366, 164.2345, 99.738, 2.692372, -11.53435, -15.61832, 32.79389],
[2026, 4095, 4095, 4095, 4095, 320.2219, 313.0061, 217.7538, 21.52672, -11.26718, 57.13741, 158.797, 100.6793, 4.109303, 5.854962, 5.351145, -9.458015],
[2027, 4095, 4095, 4095, 4095, 300.1219, 280.3653, 197.4896, 32.15267, -54.60306, 250.1298, 164.87, 101.8928, 3.17369, 23.34351, 8.183207, -13.73282],
[2032, 4095, 4095, 4095, 4095, 280.7316, 275.3938, 206.5533, -43.07634, -11.36641, 23.28244, 167.1278, 97.07307, 1.542097, 6.801527, 5.51145, -26.70992],
[1984, 4095, 4095, 4095, 4095, 284.2031, 276.2045, 203.3003, -87.7481, 56.23664, -250.1374, 132.7139, 100.7151, 11.55048, -6.679389, 5.442748, 25.58779],
[1982, 4095, 4095, 4095, 4095, 282.7647, 281.5189, 221.9154, -101.8397, 116.4962, -250.1374, 121.1054, 95.75418, 9.497436, -22.19084, -19.75573, 41.56488],
[2058, 4095, 4067, 4095, 4095, 269.1346, 107.9389, 272.3676, 76.1374, -51.69466, 196.2824, 169.1833, 100.7775, 1.992704, 7.656488, 13.9771, -41.58016],
[2067, 4095, 4031, 4095, 4095, 283.8617, 278.6422, 211.6313, 16.8855, -31.54198, 210.0382, 125.6615, 100.025, 13.82282, 15.44275, -26.35114, -27.28244],
[2046, 4095, 4087, 4095, 4095, 288.8637, 280.1577, 207.6689, 3.961832, -1.175573, 40.8397, 121.1287, 98.83746, 14.43522, 16.23664, 8.725191, -35.73283],
[1989, 4095, 4095, 4095, 4095, 279.873, 275.4373, 208.738, -115.5573, 42.58016, -221.145, 125.4102, 101.0602, 15.35266, 1.419847, -2.335878, 18.77863],
[1999, 4095, 4095, 4095, 4095, 270.4654, 270.4286, 222.8955, 13.07634, 102.0611, -250.1374, 157.0647, 100.3713, 4.356575, -28.03817, -9.366412, 37.03817],
[2119, 4095, 4095, 4095, 4095, 276.3834, 304.742, 260.6866, 31.60306, -37.76336, 157.9695, 145.9901, 100.8384, 7.305808, 14.8626, 12.05344, -28.53435],
[2114, 4095, 4095, 4095, 4095, 287.9198, 279.1534, 206.494, 17.84733, -49.25954, 250.1298, 160.1699, 104.7754, 5.350713, 26.14504, -15.50382, -20.0],
[2085, 4095, 4095, 4095, 4095, 275.9348, 273.5837, 211.1877, -5.045802, -4.244275, 63.77862, 131.9869, 104.7135, 16.22318, 7.534351, 9.625955, -15.71756],
[1955, 4095, 4095, 4095, 4095, 283.6456, 277.0736, 207.1074, -47.05344, 33.26717, -199.4046, 129.1758, 103.0133, 15.80017, -24.06107, 5.419847, 30.16794],
[1910, 4095, 4095, 4095, 4095, 273.6227, 273.6078, 224.8083, -47.83206, 101.1069, -212.7634, 158.1427, 99.55684, 3.791512, -44.81679, -20.12214, 46.99237],
[1936, 4095, 4095, 4095, 4095, 280.9328, 337.3901, 265.3137, 42.87786, -41.8168, 130.8779, 144.8807, 100.742, 7.546617, 13.51145, 4.832061, -25.31298],
[1994, 4095, 4095, 4095, 4095, 285.5551, 282.3512, 218.1466, 66.27481, -3.618321, 227.7099, 138.817, 101.467, 10.01911, 16.18321, -11.34351, -15.42748],
[2016, 4095, 4095, 4095, 4095, 282.2261, 277.728, 212.0671, 20.45038, -17.74046, 86.67939, 136.4258, 102.5827, 11.9461, -4.091603, 9.137404, -3.587786],
[1897, 4095, 4095, 4095, 4095, 280.9776, 276.6853, 211.1711, -64.98474, 18.96947, -186.3511, 126.9282, 102.4364, 16.32391, -15.42748, -1.030534, 22.50382],
[1971, 4095, 4095, 4095, 4095, 271.0817, 271.3129, 230.1342, -54.37405, 85.71756, -250.1374, 151.4259, 101.9883, 6.531235, -25.61069, -7.946565, 37.45802],
[2022, 4095, 4095, 4095, 4095, 284.6315, 6.911445, 271.7746, 1.19084, -29.96947, 127.8168, 155.3338, 102.3364, 5.663245, 4.091603, 11.79389, -20.61069],
[2015, 4095, 4095, 4095, 4095, 277.7904, 275.6577, 215.9257, 65.42748, -15.00763, 250.1298, 140.3791, 102.3465, 10.222, -2.587786, 3.961832, -38.12977],
[1967, 4095, 4095, 4095, 4095, 278.9152, 276.2191, 214.8028, -1.267176, 11.42748, 38.92366, 121.6136, 102.1019, 19.18502, 6.389313, 10.83969, -28.77863],
[1894, 4095, 4095, 4095, 4095, 280.2558, 276.5111, 212.2692, -88.10687, 24.42748, -217.7862, 124.1753, 100.5715, 15.35273, -13.28244, -9.465649, 34.92367],
[1917, 4095, 4095, 4095, 4095, 291.6615, 276.0117, 194.8913, 16.74046, 95.25954, -250.1374, 173.3492, 101.7492, 1.291616, -10.00763, -11.07634, 45.70992],
[1986, 4095, 4095, 4095, 4095, 295.2455, 313.4516, 243.4482, 28.45038, -36.21374, 175.3282, 151.1754, 102.152, 6.692521, 8.083969, 2.0, -39.15267],
[1979, 4095, 4095, 4095, 4095, 288.5001, 278.2422, 203.4292, 15.8626, -33.9542, 209.4351, 142.9365, 103.6465, 10.33538, 20.83206, 5.167939, -15.39695],
[1921, 4095, 4095, 4095, 4095, 284.6174, 278.7304, 210.494, -37.05344, 22.44275, -19.12977, 143.8471, 102.3754, 9.05288, 18.46565, -0.3358779, -17.77863],
[1698, 4095, 4095, 4095, 4095, 282.082, 276.2184, 207.0276, -58.41221, 34.34351, -211.7939, 125.3154, 102.2849, 17.06027, -2.099237, -17.94657, 25.22137],
[1715, 4095, 4095, 4095, 4095, 264.3021, 262.926, 231.1939, -51.32061, 86.68702, -249.0534, 150.1616, 101.2827, 6.465728, -14.35878, -1.175573, 35.58016],
[1802, 4095, 4095, 4095, 4095, 267.869, 97.3968, 285.2443, 78.54198, -46.87786, 161.9237, 146.8989, 101.5535, 7.533038, 9.992367, 6.961832, -31.08397],
[1843, 4095, 4095, 4095, 4095, 275.8291, 272.448, 202.9853, 28.75573, -0.4351145, 250.1298, 140.2461, 104.6547, 12.21787, -10.82443, -5.687023, -8.175572],
[1635, 4095, 4095, 4095, 4095, 280.8938, 275.9646, 208.5479, -6.954198, -0.7938931, 25.39695, 141.5485, 102.5818, 9.998522, 13.01527, 6.274809, -9.145039],
[1285, 4095, 4095, 4095, 4095, 276.1152, 273.1932, 207.6777, -120.7176, 12.69466, -248.7481, 123.2963, 102.8355, 19.10636, 9.160305, -3.885496, 9.183207],
[1264, 4095, 4095, 4095, 4095, 273.3037, 273.7726, 228.651, -34.03053, 98.64122, -228.3511, 141.1222, 101.3003, 9.104042, -39.80153, -1.816794, 31.21374],
[1568, 4095, 4095, 4095, 4095, 265.2711, 260.9077, 242.7617, 93.99237, -44.71756, 187.8855, 138.9548, 102.4343, 10.82005, 3.89313, 3.633588, -25.41221],
[1550, 4095, 4095, 4095, 4095, 326.7596, 281.8994, 187.8131, 35.87786, 2.015267, 239.8397, 152.2258, 103.5704, 7.175615, 0.3358779, 10.39695, 12.14504],
[1827, 4095, 4095, 4095, 4095, 297.7703, 284.1886, 205.6208, -52.0916, 14.73282, 51.92367, 141.2051, 103.8262, 11.13744, 26.13741, -2.778626, -36.96183],
[1838, 4095, 4095, 4095, 4095, 287.9799, 278.7306, 205.3367, -12.32824, 24.80153, -146.5725, 126.6709, 101.6823, 15.49422, -21.58779, -1.740458, 35.9771],
[1802, 4095, 4095, 4095, 4095, 281.3022, 281.0427, 224.2469, -65.25191, 125.3664, -250.1374, 160.2624, 99.24417, 3.267161, -33.08397, 2.083969, 28.36641],
[1771, 4095, 4095, 4095, 4095, 35.06921, 33.76939, 46.30382, 78.03053, -20.77099, 110.8779, 119.1969, 98.23278, 14.52246, 10.17557, -5.541985, -24.56489],
[1773, 4095, 4095, 4095, 4095, 314.267, 282.7446, 193.0287, 38.13741, 27.05343, 250.1298, 153.5005, 101.6217, 5.786375, -31.94657, -8.610687, -4.580153],
[1732, 4095, 4095, 4095, 4095, 293.1941, 277.5012, 197.1049, -73.52672, -1.366412, -37.41221, 189.7787, 100.0405, 358.1582, 47.69466, -38.39695, -26.99237],
[1643, 4095, 4095, 4095, 4095, 296.7402, 278.2398, 196.0453, -77.79389, 55.55725, -208.2061, 128.6109, 102.3342, 15.28167, -0.7022901, 3.251908, 10.06107],
[1648, 4095, 4095, 4095, 4095, 268.9188, 269.2213, 214.933, 16.55725, 70.29771, -250.1374, 150.7042, 102.2717, 6.893261, -41.68703, -4.022901, 45.52672],
[1743, 4095, 4095, 4095, 4095, 291.3585, 298.4818, 234.123, 69.16031, -40.42748, 181.8397, 142.228, 102.121, 9.396942, 17.64122, 10.1145, -36.64885],
[1684, 4095, 4095, 4095, 4095, 296.4583, 279.3193, 198.2522, 52.03053, -38.03817, 250.1298, 129.5902, 102.2069, 14.62782, -24.32825, 7.656488, -24.76336],
[1687, 4095, 4095, 4095, 4095, 283.0428, 275.4885, 202.6012, -30.24427, 0.8473283, -31.00763, 140.0055, 101.4648, 9.609418, -2.229008, 6.709924, 5.938931],
[1866, 4095, 4091, 4095, 4095, 277.1451, 273.497, 206.1444, -75.79389, 58.52672, -250.1374, 131.582, 102.2734, 13.74122, -2.656489, -2.862595, 30.54962],
[2014, 4095, 4075, 4095, 4095, 294.2945, 289.7676, 218.4664, -77.32061, 51.65649, -164.6488, 139.4335, 100.1708, 8.688518, -11.35115, -5.419847, 34.74809],
[2128, 4095, 4083, 4095, 4095, 293.5586, 286.047, 213.3698, 65.61832, -34.17557, 250.1298, 149.4509, 99.33133, 5.481043, 27.84733, 3.244275, -29.32061],
[2147, 4095, 4075, 4095, 4095, 288.9883, 276.0585, 197.1911, 20.9542, -35.48092, 205.2366, 133.6023, 105.2829, 15.96256, 13.58779, 3.099237, -30.91603],
[2018, 4095, 4095, 4095, 4095, 290.7355, 279.5293, 203.9191, -13.41985, 8.78626, -47.17557, 134.0946, 102.654, 13.00655, -12.73282, 2.114504, 28.58779],
[1947, 4095, 4095, 4095, 4095, 279.4795, 276.7189, 215.2107, -122.7328, 71.25191, -250.1374, 138.7185, 102.7147, 11.15727, -0.6717557, 13.40458, 16.81679],
[1988, 4095, 4095, 4095, 4095, 349.5578, 0.3391029, 272.2776, -35.89313, 50.61069, -121.0534, 128.1112, 98.1569, 10.34052, -18.22901, 0.2213741, 22.19847],
[2041, 4095, 4095, 4095, 4095, 278.5368, 282.3339, 235.3895, 146.9466, -37.9084, 249.9847, 159.5002, 102.4559, 4.642794, 10.63359, -12.07634, -27.41985],
[2064, 4095, 4095, 4095, 4095, 290.2293, 280.9134, 207.6108, 15.37405, -8.0, 224.084, 132.3648, 102.2714, 13.37803, 8.152672, 1.206107, -22.01527],
[1991, 4095, 4095, 4095, 4095, 282.8462, 277.9824, 211.5968, -47.54199, -1.450382, -51.80152, 130.9595, 101.9602, 13.68068, 1.458015, -3.900763, 21.35878],
[2047, 4095, 3891, 4095, 4095, 271.5412, 271.0588, 214.9457, -70.86259, 73.12214, -250.1374, 145.4889, 102.9305, 8.912387, -5.625954, 10.87786, 21.81679],
[2054, 4095, 3919, 4095, 4095, 296.3848, 346.3359, 263.0648, 21.65649, 40.79389, -115.5038, 131.3872, 100.8529, 12.24332, -13.1374, -3.870229, -0.007633588],
[2064, 4095, 3921, 4095, 4095, 280.9782, 281.4165, 226.0688, 94.84733, -56.98473, 250.1298, 167.1755, 101.6427, 2.597097, 3.061069, -3.78626, -22.0458],
[2080, 4095, 3915, 4095, 4095, 301.1481, 284.2674, 202.7916, -30.98473, -23.87786, 120.2061, 129.5455, 101.4858, 13.79604, 21.68702, -4.267176, -16.84733],
[2059, 4095, 3950, 4095, 4095, 287.2207, 278.5436, 205.8743, -10.58779, 18.23664, -61.01527, 131.4029, 102.2374, 13.78492, -7.145038, -4.129771, 7.526718],
[2026, 4095, 3967, 4095, 4095, 277.3206, 274.9136, 213.8387, -63.68702, 60.47328, -240.5802, 137.6689, 102.7189, 11.57229, -21.99237, 3.549618, 29.39695],
[2000, 4095, 3985, 4095, 4095, 300.6131, 330.5722, 251.4684, -19.03817, 38.37405, -142.6107, 138.6948, 100.8319, 9.500427, -9.526717, -10.29771, 21.74809],
[2045, 4095, 3954, 4095, 4095, 274.3732, 276.5691, 236.1967, 49.29771, -45.54199, 235.9542, 161.2966, 105.2892, 5.202679, 12.41985, -3.900763, -30.92366],
[2031, 4095, 3983, 4095, 4095, 283.3245, 276.1989, 204.6905, -11.48855, -50.0, 194.6947, 137.3209, 105.1303, 13.94898, 17.51145, 1.343511, -8.328244],
[2055, 4095, 4019, 4095, 4095, 278.7981, 274.7039, 208.0856, 4.51145, 2.984733, -20.61832, 145.0172, 105.0501, 10.59466, -5.984733, 2.580153, 6.335878],
[1934, 4095, 4046, 4095, 4095, 281.4244, 277.007, 211.3307, -86.09923, 59.48092, -223.9084, 127.3503, 103.9454, 17.98833, -10.69466, -3.770992, 10.80916],
[1946, 4095, 4059, 4095, 4095, 266.0719, 261.43, 245.6441, -87.92367, 68.37405, -225.6565, 133.7366, 101.7183, 12.19419, -17.36641, 3.458015, 20.22137],
[1966, 4095, 4067, 4095, 4095, 271.3159, 299.6646, 267.5008, 61.37405, -46.15267, 166.3664, 151.1218, 103.0603, 7.224126, 9.847328, -2.175573, -20.10687],
[2002, 4095, 4067, 4095, 4095, 280.6825, 278.6776, 218.9425, 18.06107, -52.32061, 237.5343, 136.1569, 103.7096, 13.14024, 6.816794, 10.1374, -11.54199],
[1974, 4095, 4079, 4095, 4095, 283.3584, 277.5509, 209.1924, 25.24427, -4.312977, 60.12977, 122.8871, 102.7489, 19.26056, 13.64886, 8.526717, -23.45802],
[1931, 4095, 4095, 4095, 4095, 277.3185, 274.2892, 210.3769, -38.47328, 41.49618, -169.2214, 124.8884, 103.3391, 18.75007, -20.8855, 3.816794, 25.14504],
[1913, 4095, 4095, 4095, 4095, 270.543, 270.6517, 229.5745, -28.16031, 88.83969, -246.2443, 146.0298, 101.6976, 7.884573, -18.64122, -9.152672, 38.43512],
[1898, 4095, 4055, 4095, 4095, 64.04766, 72.49266, 32.82257, 26.09924, 2.587786, 1.938931, 130.2071, 100.3752, 12.19453, 1.167939, 4.236641, -7.21374],
[1975, 4095, 4017, 4095, 4095, 276.7414, 278.0536, 230.0026, 68.78626, -63.46565, 250.0534, 134.2249, 102.8744, 13.17434, -27.8855, -6.129771, -7.824428],
[1981, 4095, 4039, 4095, 4095, 278.5607, 277.4363, 220.8874, 51.01527, -28.70229, 124.0153, 108.7396, 98.18545, 23.00274, -22.48855, 25.19847, -47.80153],
[1919, 4095, 4017, 4095, 4095, 282.7551, 279.24, 215.6836, -27.0916, 10.26718, -98.771, 123.9461, 100.0551, 14.7436, -20.48092, -0.519084, 40.82443],
[1866, 4095, 4039, 4095, 4095, 275.3668, 276.5593, 230.6101, -77.53435, 77.0, -250.1374, 142.3139, 101.0544, 8.532627, -2.618321, 12.73282, 16.57252],
[1930, 4095, 4047, 4095, 4095, 78.79289, 73.47034, 56.24701, -24.53435, 18.36641, -68.41985, 127.3469, 99.41856, 12.24634, 16.9771, -13.50382, 6.664122],
[1993, 4095, 4051, 4095, 4095, 278.7334, 279.9888, 228.8022, 72.14504, 2.48855, 250.1298, 186.4499, 111.3507, 357.3631, 14.92366, 16.99237, 15.94656],
[1971, 4095, 4067, 4095, 4095, 284.1545, 280.5882, 216.5161, -0.351145, -9.358779, 209.1679, 126.5619, 100.9999, 14.66388, -37.24427, 16.77099, -28.34351],
[1955, 4095, 4071, 4095, 4095, 281.8145, 278.4527, 215.3794, -5.725191, 9.564885, -62.08397, 122.8988, 97.24358, 11.11813, 13.77099, -25.84733, 30.70992],
[1958, 4095, 4055, 4095, 4095, 274.6894, 274.1753, 221.6456, -51.15267, 76.25191, -240.1374, 148.103, 101.9529, 7.445263, -10.1145, 6.748092, 11.07634],
[2080, 4095, 4059, 4095, 4095, 278.3996, 275.194, 211.6728, -73.09161, 43.38932, -250.1374, 141.643, 98.42319, 6.64069, 13.39695, -4.099236, 17.00763],
[2058, 4095, 4078, 4095, 4095, 268.9891, 268.016, 243.7734, 11.60305, 80.31299, -236.4351, 146.78, 96.32625, 4.104276, -13.94657, -1.885496, 16.43511],
[2066, 4095, 4035, 4095, 4095, 279.3882, 306.908, 257.4503, 106.2443, -49.25191, 230.3588, 162.7932, 97.86728, 2.37357, 10.94656, 0.5877862, -7.549618],
[2143, 4095, 4047, 4095, 4095, 296.1963, 280.5999, 200.821, 25.23664, 10.77099, 250.1298, 117.8163, 98.23682, 15.35224, -11.0916, 6.534351, -11.00763],
[2133, 4095, 4035, 4095, 4095, 283.721, 278.8075, 212.3961, -16.77863, 2.465649, -2.51145, 135.2973, 99.55502, 9.424142, 17.0687, 0.1984733, 4.717557],
[2087, 4095, 4039, 4095, 4095, 283.599, 277.6758, 209.144, -89.05344, 20.8626, -217.542, 125.0837, 99.93544, 13.98759, 17.18321, -3.503817, 10.66412],
[2064, 4095, 4017, 4095, 4095, 276.5171, 276.896, 226.5417, -162.3969, 111.1221, -226.2748, 127.5573, 94.44501, 5.773984, -19.8855, -2.725191, 26.80916],
[2122, 4095, 4027, 4095, 4095, 284.5016, 290.2713, 234.8876, 109.7939, -8.343512, 250.1298, 162.3924, 98.2315, 2.552042, -5.19084, -13.26718, -16.65649],
[2151, 4095, 3943, 4095, 4095, 296.8105, 282.7129, 204.0376, 14.93893, 33.29008, 250.1298, 122.3622, 99.75886, 15.17539, -37.39695, 9.755725, -11.52672],
[2123, 4095, 4039, 4095, 4095, 282.1585, 278.0403, 213.2518, -7.839694, -3.015267, -31.50382, 139.1811, 96.44817, 5.541658, 9.931297, -1.274809, 9.122137],
[2125, 4095, 4075, 4095, 4095, 285.8995, 278.2871, 207.099, -115.5802, 21.0916, -250.1374, 137.4539, 100.7557, 9.848984, 13.58015, 6.442748, 1.580153],
[2114, 4095, 4039, 4095, 4095, 299.0395, 303.3549, 229.7728, -120.7634, 71.229, -200.542, 146.4513, 97.17876, 4.724995, -8.580153, -4.175572, 28.34351],
[2155, 4095, 4031, 4095, 4095, 284.3845, 308.6501, 252.1024, 142.9924, -27.45038, 217.0763, 147.7632, 99.68085, 6.084125, 3.21374, -13.09924, -18.73282],
[2192, 4095, 3991, 4095, 4095, 309.4876, 283.3041, 195.9819, -70.21374, -2.244275, 250.1298, 161.6101, 102.0635, 3.983263, -12.42748, 4.045802, 6.763359],
[2189, 4095, 3991, 4095, 4095, 268.8585, 269.4006, 206.1826, -30.68702, -3.732824, -55.29008, 133.7152, 95.15214, 5.368897, 11.23664, -10.83969, 0.9923664],
[2179, 4095, 4031, 4095, 4095, 280.5794, 276.3319, 210.7507, -32.79389, 36.41985, -250.1374, 128.8758, 98.85627, 10.91963, 11.57252, 15.00763, -2.114504],
[2125, 4095, 4031, 4095, 4095, 284.9161, 286.8225, 228.5297, -82.49619, 25.73282, -210.5572, 122.8716, 96.23593, 9.604869, -10.48855, -4.358778, 36.93893],
[2190, 4095, 4087, 4095, 4095, 284.6376, 318.1053, 256.7076, 53.85496, -1.732824, 216.1679, 150.0739, 98.21174, 4.69136, -2.984733, -10.16794, -24.77863],
[2247, 4095, 4015, 4095, 4095, 297.441, 282.3462, 202.8401, -7.015267, -28.42748, 250.1298, 132.7008, 97.24381, 7.820446, -31.1145, 9.473283, -5.503817],
[2223, 4095, 4075, 4095, 4095, 287.6265, 278.5669, 205.3825, -29.51145, -14.64886, -19.0916, 127.7191, 94.26661, 5.51103, 10.65649, -4.541985, -12.10687],
[2142, 4095, 4095, 4095, 4095, 280.3674, 275.5806, 208.1681, -76.20611, 47.55725, -250.1374, 128.5729, 99.38206, 11.68451, 12.38931, 8.694656, 0.1068702],
[2122, 4095, 4095, 4095, 4095, 274.1736, 282.8368, 251.9817, -79.38168, 76.67175, -212.4428, 182.9229, 97.26875, 359.5476, -13.93893, -5.335878, 25.55725],
[2160, 4095, 4051, 4095, 4095, 271.3694, 283.257, 263.8681, 116.8931, -57.0458, 168.6107, 143.3146, 101.1679, 8.31533, -4.480916, -3.900763, -25.25954],
[2161, 4095, 4059, 4095, 4095, 286.6671, 286.6066, 224.8155, 80.89313, 13.80916, 250.1298, 147.1982, 100.4687, 6.734639, -12.03053, 1.465649, -6.587786],
[2182, 4095, 4061, 4095, 4095, 273.9099, 272.5656, 213.4187, -55.09923, 7.549618, 33.51908, 130.6903, 101.6112, 13.40802, 1.274809, 4.732824, -14.8626],
[2166, 4095, 4048, 4095, 4095, 280.083, 275.9928, 210.5989, -62.8626, 19.0458, -190.9771, 128.7798, 100.7274, 13.24224, 2.572519, -6.946565, 13.09924],
[2150, 4095, 4031, 4095, 4095, 274.6907, 275.1221, 227.4194, -9.488549, 64.48092, -242.626, 142.0386, 99.43678, 7.342707, -21.29771, -4.854962, 14.59542],
[2189, 4095, 3955, 4095, 4095, 289.9654, 351.7239, 266.9163, 41.36642, -16.66412, 162.229, 150.421, 100.801, 6.117978, 2.51145, 2.641221, -9.519084],
[2181, 4095, 3943, 4095, 4095, 298.4758, 280.9819, 199.6758, 15.73282, 65.56489, 245.4351, 127.2471, 101.9083, 15.47439, 13.74809, 3.48855, -17.38931],
[2177, 4095, 3951, 4095, 4095, 274.7613, 272.2753, 205.7834, -46.94656, 6.946565, 25.60305, 132.9544, 101.1582, 11.92758, 12.27481, 9.297709, -13.26718],
[2165, 4095, 3951, 4095, 4095, 280.2551, 275.7646, 209.2148, -88.44275, 20.46565, -182.8855, 124.7229, 99.60758, 13.71253, -3.946565, 5.648855, 24.42748],
[2148, 4095, 3953, 4095, 4095, 270.7468, 270.8464, 228.2115, -24.32825, 74.74046, -250.1374, 138.8935, 95.58776, 4.848029, -12.45802, -0.9694656, 25.78626],
[2157, 4095, 3999, 4095, 4095, 275.918, 69.04544, 285.3159, 23.91603, -11.76336, 135.6031, 137.8135, 97.58328, 6.846102, -4.610687, -0.007633588, -9.946565],
[2164, 4095, 4039, 4095, 4095, 276.2831, 274.4065, 215.0401, 49.52672, -23.0458, 250.1298, 132.4878, 99.67525, 10.5151, -1.435114, 2.229008, -18.54198],
[2165, 4095, 4015, 4095, 4095, 285.4938, 278.7187, 208.9601, -13.79389, -2.954198, 23.74046, 130.9154, 99.71448, 11.14738, 16.0916, 4.236641, -30.87786],
[2153, 4095, 3987, 4095, 4095, 284.3904, 277.2468, 206.3953, -26.0229, 22.56489, -176.4046, 122.3562, 98.04414, 12.57474, -12.84733, 2.763359, 33.9084],
[2149, 4095, 4017, 4095, 4095, 273.6085, 273.7307, 225.8633, -49.94657, 53.49618, -250.1374, 153.8628, 96.96888, 3.371015, -7.137404, -8.458015, 20.9542],
[2150, 4095, 4019, 4095, 4095, 296.5194, 37.61009, 291.0779, 22.79389, -22.46565, 105.2672, 140.1453, 97.75256, 6.44484, -3.625954, 5.328244, -15.26718],
[2160, 4095, 4039, 4095, 4095, 290.3455, 280.7531, 207.1122, 43.29771, 17.29008, 250.1298, 136.948, 97.58248, 7.056761, 14.37405, -6.496183, 0.04580153],
[2166, 4095, 4015, 4095, 4095, 285.0221, 276.6964, 203.6741, -36.8855, -12.34351, 80.7023, 125.9981, 101.0731, 15.05463, 7.732824, -3.473282, -36.35878],
[2186, 4095, 4015, 4095, 4095, 288.6543, 278.4303, 203.72, -47.1832, 30.87786, -126.1298, 131.3397, 99.71104, 10.98097, -25.54962, 12.63359, 40.50382],
[2159, 4095, 4007, 4095, 4095, 271.3861, 271.2461, 222.0373, -17.03817, 82.32825, -250.1374, 171.1252, 98.71634, 1.281137, -12.0916, -21.44275, 19.54962],
[2156, 4095, 4054, 4095, 4095, 83.84194, 84.54015, 41.39874, 1.587786, -1.183206, 30.70229, 150.7711, 100.2741, 5.72953, -16.69466, 6.587786, -11.34351],
[2143, 4095, 3999, 4095, 4095, 284.2461, 282.0581, 220.0254, 125.0153, 6.068702, 250.1298, 164.4159, 98.80161, 2.392327, -6.641222, -6.274809, -35.35878],
[2160, 4095, 3991, 4095, 4095, 296.9163, 281.6929, 202.1661, -18.50382, -9.19084, 121.0458, 127.2652, 98.82644, 11.51976, 21.96183, -4.89313, -31.93893],
[2142, 4095, 4005, 4095, 4095, 277.1926, 272.7297, 200.9226, -6.465649, 29.0916, -101.5572, 134.8328, 100.2013, 10.22486, -23.35114, 13.66412, 34.27481],
[2143, 4095, 4007, 4095, 4095, 274.9452, 273.9898, 218.8922, -21.63359, 97.29771, -250.1374, 171.0479, 99.07102, 1.3501, -11.14504, -3.305344, 22.93893],