[1415, 4095, 2674, 2343, 2267, 89.74445, 89.7935, 35.39988, 20.87023, 181.313, 39.79389, 238.9212, 185.1899, 266.757, -17.61832, -6.38168, -2.610687],
[1441, 4095, 2643, 2256, 2223, 245.7867, 110.3181, 320.2437, -150.626, -221.7786, -175.3282, 234.9984, 185.561, 265.9842, 13.32061, 2.206107, 0.7557252],
[1440, 4095, 2739, 2320, 2233, 68.8664, 76.31683, 32.06306, 51.56488, 201.8091, 250.1298, 238.5654, 184.7913, 266.9564, -19.59542, -6.053435, 4.923664],
[1413, 4095, 2671, 2366, 2256, 170.4563, 107.3799, 2.9112, -174.7633, -23.75573, -250.1374, 238.8799, 180.9432, 269.3138, -5.496183, 8.694656, 3.389313],
[1420, 4095, 2631, 2297, 2182, 301.4803, 66.54139, 324.7923, 35.45802, 26.05344, 250.1298, 237.4259, 189.1551, 264.016, 3.549618, 5.076336, 7.229008],
[1444, 4095, 2687, 2385, 2295, 93.44419, 95.53943, 57.85714, 6.251908, 240.9236, -34.0687, 234.6488, 180.238, 269.7051, 7.557252, -5.770992, 9.679389],
[1444, 4095, 2527, 2239, 2178, 230.0536, 129.1551, 315.5788, -149.542, -202.2595, -193.0992, 236.6141, 180.7848, 269.3615, 19.65649, 10.34351, 1.641221],
[1456, 4095, 2698, 2375, 2287, 41.86561, 51.13939, 35.74352, 142.3053, 101.8855, 250.1298, 239.5562, 181.8665, 268.7888, 0.08396947, -4.022901, -6.152672],
[1449, 4095, 2543, 2333, 2257, 208.7982, 125.7262, 338.2394, -156.9389, -74.17558, -250.1374, 239.1047, 178.5472, 270.7489, -8.916031, 7.045802, 4.0],
[1436, 4095, 2687, 2375, 2307, 24.07763, 44.85137, 24.12299, 56.16031, 163.916, 250.1298, 239.4287, 183.751, 267.6712, -0.02290076, -4.412214, -1.954198],
[1423, 4095, 2525, 2322, 2271, 198.2825, 131.2624, 343.6562, -175.626, -26.29008, -250.1374, 236.1093, 175.1162, 273.152, -3.061069, 10.36641, 10.91603],
[1449, 4095, 2683, 2351, 2309, 355.0498, 43.20325, 354.7509, -26.87786, -59.48092, 238.4198, 239.7647, 183.7841, 267.682, 0.0, 0.8396947, -5.312977],
[1424, 4095, 2549, 2315, 2301, 170.694, 129.4472, 7.544486, -158.2137, 144.9084, -224.4275, 236.9103, 172.2988, 274.8992, -0.07633588, 3.78626, 9.916031],
[1438, 4095, 2683, 2279, 2302, 347.3218, 37.13671, 343.5234, 3.152672, -136.2214, 250.1298, 238.3436, 184.3751, 267.1874, -4.305344, 7.473282, -3.450382],
[1451, 4095, 2651, 2401, 2410, 127.7422, 129.926, 47.14437, -7.854962, 250.1298, -50.38931, 235.7769, 173.5781, 274.2412, 10.98473, -2.503817, 6.900764],
[1452, 4095, 2675, 2331, 2333, 283.2408, 71.53989, 305.3939, -84.57252, -250.1374, 95.53435, 241.1278, 183.0749, 268.1942, -6.068702, 13.14504, -3.755725],
[1427, 4095, 2703, 2445, 2411, 116.9218, 115.5995, 43.25014, -70.36641, 250.1298, 90.31299, 238.0887, 175.1698, 272.8836, -9.885496, -10.79389, 2.610687],
[1472, 4095, 2715, 2318, 2310, 262.5471, 99.19337, 308.3464, -116.8168, -204.2443, -91.05344, 239.5158, 181.1267, 269.2214, -5.48855, 5.519084, -8.717557],
[1462, 4095, 2719, 2431, 2404, 94.26432, 95.31248, 51.08009, -51.89313, 237.5954, 85.13741, 239.7796, 176.5169, 271.9077, -1.816794, -8.274809, -0.4198473],
[1471, 4095, 2641, 2305, 2291, 258.2253, 104.2782, 308.9037, -40.44275, -232.9771, -179.542, 237.7555, 178.2914, 270.9544, 1.625954, 6.526718, -2.328244],
[1487, 4095, 2747, 2451, 2375, 48.42682, 51.16254, 42.13933, 25.89313, 218.5572, 179.7786, 240.1045, 182.7876, 268.2851, -16.0458, -6.954198, 0.9312977],
[1477, 4095, 2675, 2331, 2281, 220.51, 128.275, 325.7984, -164.1527, -140.1221, -204.2672, 238.7957, 174.608, 273.144, 3.129771, 6.496183, 5.89313],
[1477, 4095, 2814, 2448, 2384, 73.17369, 76.92566, 37.3949, 178.6565, 155.3206, 246.771, 240.0548, 180.7139, 269.4737, -11.29771, -0.8549618, -1.015267],
[1508, 4095, 2694, 2321, 2322, 217.4977, 123.9103, 332.5135, -186.3664, -145.5725, -250.1374, 237.6864, 173.9124, 273.7273, 1.335878, 5.114504, -2.564885],
[1498, 4095, 2842, 2485, 2415, 38.36005, 43.34637, 39.89449, 81.52672, 163.5496, 236.1298, 240.1492, 179.9597, 269.907, -5.984733, -1.656489, 4.022901],
[1466, 4095, 2673, 2361, 2346, 195.7274, 129.9425, 346.5625, -217.8702, -78.83969, -246.2443, 238.1247, 175.4008, 272.7356, 3.633588, 4.221374, -1.305344],
[1456, 4095, 2870, 2481, 2415, 44.70288, 61.22545, 28.42282, 140.2366, 153.5191, 250.1298, 240.1132, 179.6898, 270.0617, -10.70992, -0.8473283, -3.641221],
[1440, 4095, 2687, 2355, 2307, 198.1593, 128.7462, 345.0827, -183.3893, -171.9847, -243.8702, 236.1528, 170.0088, 276.5949, 0.2900764, -3.816794, 6.259542],
[1490, 4095, 2895, 2426, 2407, 59.07358, 80.92677, 14.74746, 128.6183, 106.2443, 189.8779, 240.8507, 178.2221, 270.874, -2.007634, 5.145038, 3.603053],
[1494, 4095, 2815, 2317, 2293, 195.6994, 120.2807, 350.5366, -250.1374, -167.1374, -95.32825, 237.0129, 172.3883, 274.8212, 2.778626, 5.824428, 8.816793],
[1490, 4095, 2771, 2402, 2359, 101.6544, 104.3914, 51.08219, 126.9847, 238.1526, 82.8168, 239.0693, 174.4114, 273.2275, -4.740458, -3.358779, 2.564885],
[1504, 4095, 2768, 2311, 2279, 258.8148, 99.08022, 320.5366, -222.7786, -193.2824, 6.198473, 241.6004, 174.0403, 273.107, -5.236641, 12.26718, -4.938931],
[1484, 4095, 2759, 2398, 2349, 114.6689, 108.7551, 36.41315, -32.0687, 250.1298, 60.52672, 239.2844, 172.747, 274.1935, -14.07634, -11.06107, 3.061069],
[1487, 4095, 2805, 2359, 2295, 264.2442, 94.32846, 322.1446, -130.6641, -172.2443, 71.80153, 238.4876, 175.9186, 272.3785, 4.969466, 15.03817, 2.091603],
[1446, 4095, 2727, 2413, 2349, 124.9043, 120.4061, 39.98504, 42.65649, 190.8244, -38.09924, 238.8393, 169.5326, 276.2366, -8.755725, -6.091603, 3.732824],
[1440, 4095, 2703, 2283, 2225, 279.086, 80.86319, 315.2687, -136.7328, -137.4886, 18.8855, 238.0536, 174.8973, 273.0578, 3.610687, 12.69466, -2.679389],
[1363, 4095, 2634, 2330, 2254, 110.4586, 108.4925, 41.79944, 34.41221, 250.1298, 126.1221, 239.7129, 168.0747, 276.8932, -8.511451, -10.15267, 3.572519],
[1442, 4095, 2410, 2090, 2064, 235.4908, 115.7661, 324.6869, -165.7939, -241.2366, -62.60305, 239.3206, 171.1876, 275.1214, -0.7862596, 14.68702, 4.122138],
[1465, 4095, 2439, 2160, 2146, 100.6752, 98.75152, 39.19611, 109.0382, 250.1298, 112.5038, 239.3559, 173.8264, 273.5381, -7.045802, -5.603054, -1.908397],
[1482, 4095, 2498, 2178, 2141, 225.0205, 116.786, 332.9877, -139.8397, -160.0611, 20.51908, 240.0337, 171.0498, 275.0563, -8.80916, 12.87023, 4.099236],
[1472, 4095, 2559, 2249, 2192, 54.80699, 72.04833, 24.5435, 125.8168, 118.1908, 210.8244, 238.8688, 168.4587, 276.8913, -11.68702, -8.564885, -7.198473],
[1482, 4095, 2494, 2209, 2193, 227.625, 117.1253, 330.4673, -184.4962, -169.8931, -137.0, 238.8584, 170.3698, 275.7177, 1.435114, 7.740458, 1.0],
[1520, 4095, 2619, 2291, 2276, 68.54089, 74.31993, 35.40651, 120.6259, 222.1679, 250.1298, 239.8525, 169.2404, 276.162, -8.251908, -8.435115, 1.59542],
[1561, 4095, 2557, 2288, 2306, 221.5855, 117.5241, 334.9822, -132.5725, -230.5801, -228.1679, 238.4735, 169.8185, 276.1489, -8.351145, 8.900764, 1.931298],
[1586, 4095, 2674, 2352, 2314, 25.39912, 44.19645, 25.95949, 35.84733, 110.7252, 209.7023, 239.517, 169.3931, 276.1541, -1.801527, -7.145038, 2.259542],
[1596, 4095, 2623, 2260, 2279, 228.9022, 120.2602, 325.9995, -208.3435, -187.0153, -250.1374, 237.3161, 167.1589, 278.1745, -0.3435115, 5.175572, -1.900763],
[1584, 4095, 2715, 2345, 2317, 40.93377, 60.02904, 26.4725, -12.84733, 197.0, 192.0076, 238.4555, 171.9176, 274.8481, 0.09923664, -6.099236, -2.183206],
[1595, 4095, 2704, 2203, 2244, 224.9963, 116.466, 333.3277, -108.1374, -229.9542, -182.313, 240.4346, 174.5342, 272.982, 6.91603, 8.450381, 6.541985],
[1639, 4095, 2416, 2299, 2246, 160.4055, 124.6061, 13.69223, -204.1221, 247.3588, -200.4657, 237.3442, 183.4776, 267.6545, -2.916031, 11.43512, -2.206107],
[1485, 4095, 2544, 2225, 2182, 305.6204, 41.60343, 302.5414, 4.328244, -250.1374, 33.52672, 243.9115, 198.356, 260.6888, -24.87023, 7.442748, 1.832061],
[1520, 4095, 2439, 2303, 2256, 104.2044, 107.8799, 51.76208, -134.0458, 250.1298, 144.7634, 238.297, 179.2953, 270.3146, -4.755725, -7.854962, 0.8931297],
[1474, 4095, 2342, 2138, 2160, 246.4861, 120.239, 306.4828, -191.458, -247.5725, -173.1603, 240.6902, 187.4908, 265.6752, 14.36641, 27.59542, 2.847328],
[1526, 4095, 2487, 2224, 2231, 1.185494, 20.07413, 3.381917, 228.5801, 65.63359, 250.1298, 239.3634, 180.2411, 269.7402, -12.9313, -13.03817, -3.335878],
[1561, 4095, 2417, 2210, 2244, 183.931, 128.9002, 356.689, -212.8931, 52.48092, -250.1374, 236.8459, 179.4607, 270.2291, -9.687023, 10.99237, 9.503817],
[1549, 4095, 2573, 2225, 2233, 327.648, 43.47815, 326.3389, 21.49618, -250.1374, 250.1298, 243.6944, 184.8312, 267.505, -14.38931, -5.793893, -2.549618],
[1461, 4095, 2514, 2305, 2288, 100.6548, 106.3161, 57.11546, -209.6946, 246.229, 95.7939, 236.3837, 175.8102, 272.6572, 7.435114, -0.8244275, 1.694656],
[1485, 4095, 2658, 2261, 2256, 280.5697, 75.245, 305.5981, -96.51908, -250.1374, -87.38168, 240.535, 188.8301, 264.8832, -7.587786, 6.045802, -0.6641222],
[1490, 4095, 2596, 2321, 2305, 111.6951, 109.6666, 41.85594, -188.0305, 250.1298, 211.3053, 238.4775, 180.8191, 269.3799, -16.38931, -8.290076, -2.564885],
[1545, 4095, 2506, 2243, 2256, 245.2145, 121.4332, 306.8208, -46.72519, -250.1374, -95.66413, 236.8548, 185.916, 266.0172, -1.770992, 9.702291, 6.29771],
[1557, 4095, 2683, 2325, 2303, 35.90137, 46.09994, 34.77892, 73.16031, 191.6641, 250.1298, 239.4853, 181.5216, 268.9885, -0.5114504, -8.854961, -1.51145],
[1572, 4095, 2462, 2296, 2300, 173.6762, 127.4834, 4.720405, -149.4351, -75.52672, -250.1374, 237.1949, 175.5053, 272.7708, 1.900763, 15.42748, 3.969466],
[1534, 4095, 2655, 2350, 2281, 326.3182, 22.99824, 302.6012, -111.0458, 24.48855, 238.2977, 237.8549, 187.19, 265.3596, 4.343512, 3.801527, 9.954199],
[1520, 4095, 2485, 2307, 2273, 155.4762, 138.9789, 27.56533, -107.0076, 121.5191, -250.1374, 237.894, 174.236, 273.4932, -1.167939, -2.916031, 7.183206],
[1488, 4095, 2613, 2271, 2219, 287.4109, 37.72224, 283.6625, 41.23664, -248.2824, 54.45038, 241.8688, 190.5527, 264.2155, 6.641222, 8.610687, -5.961832],
[1535, 4095, 2544, 2309, 2258, 99.55794, 104.8014, 57.32765, -84.96183, 250.1298, 42.23664, 237.1144, 176.8981, 271.8793, 12.64122, -1.70229, 6.717557],
[1506, 4095, 2625, 2281, 2211, 258.6578, 109.1361, 299.6838, -94.76336, -207.3435, -47.22137, 238.7713, 181.4877, 268.9819, 8.251908, 14.48855, 7.40458],
[1509, 4095, 2645, 2353, 2287, 66.18165, 51.81486, 60.6324, 77.80916, 153.4198, 223.1527, 238.5692, 176.7058, 271.8898, -7.961832, -8.091603, -11.12214],
[1484, 4095, 2559, 2275, 2213, 232.9779, 123.5507, 318.4409, -187.8397, -69.85497, -242.9542, 240.0639, 176.4782, 271.9075, 3.129771, 9.465649, 4.480916],
[1488, 4095, 2665, 2352, 2263, 28.44535, 49.20242, 24.98316, 95.05343, 19.22901, 250.1298, 241.2973, 185.8234, 266.6991, 0.2366412, 2.465649, -6.679389],
[1492, 4095, 2503, 2271, 2219, 180.7968, 121.1878, 359.4039, -172.6641, 26.16794, -250.1374, 239.7094, 175.7584, 272.3564, -13.8855, -3.824427, 4.068702],
[1479, 4095, 2607, 2247, 2217, 335.9631, 42.30114, 333.963, 43.01527, -203.1603, 250.1298, 242.4958, 181.3574, 269.1835, 4.885496, 5.885496, -4.59542],
[1517, 4095, 2576, 2291, 2287, 128.4906, 118.8642, 34.6539, -207.7481, 250.1298, -117.2366, 237.4906, 174.3378, 273.484, 0.9923664, -1.435114, 2.312977],
[1456, 4095, 2673, 2212, 2223, 298.8562, 62.9083, 317.2487, -160.8779, -250.1374, 148.5725, 241.6078, 180.3479, 269.6991, 8.687023, 6.030534, 1.320611],
[1488, 4095, 2618, 2311, 2269, 97.18714, 98.9994, 51.3201, -228.9695, 221.4122, 56.61832, 239.3083, 172.7039, 274.2151, -1.114504, -8.580153, 0.3282443],
[1488, 4095, 2633, 2198, 2191, 266.0204, 92.78661, 323.6485, -43.9313, -132.5267, -19.8397, 237.3063, 180.3732, 269.6398, -3.145038, 8.183207, 6.129771],
[1422, 4095, 2653, 2279, 2281, 59.10882, 56.33878, 47.98003, 4.549618, 185.1374, 231.3511, 238.4666, 177.8212, 271.2143, -0.7099237, 3.229008, 2.114504],
[1488, 4095, 2587, 2275, 2263, 253.5695, 100.9317, 326.3804, -218.9008, -159.0916, -167.2137, 239.6138, 178.0945, 270.9973, 7.137404, 12.74809, 0.259542],
[1488, 4095, 2639, 2333, 2320, 78.94788, 80.24205, 41.24581, 157.6412, 250.1298, 250.1298, 238.5233, 180.4136, 269.6285, 12.83206, -3.687023, 11.52672],
[1506, 4095, 2635, 2194, 2224, 271.1604, 88.06782, 303.6178, -156.0229, -250.1374, -117.0382, 239.201, 181.8549, 268.7795, 13.35114, 8.496183, 1.312977],
[1518, 4095, 2667, 2322, 2284, 40.86276, 50.69445, 35.21763, -60.16794, 239.3282, 223.7481, 238.8336, 178.6747, 270.6809, -5.374046, -3.580153, 1.984733],
[1504, 4095, 2575, 2311, 2284, 236.7182, 112.62, 327.3484, -154.4122, -250.0458, -175.2519, 239.5303, 180.1701, 269.7831, -6.480916, 10.16794, 3.916031],
[1485, 4095, 2731, 2369, 2339, 328.3055, 17.19478, 296.7365, 61.26718, 250.1298, 250.1298, 236.3505, 180.053, 269.8417, -4.946565, -2.801527, 6.931298],
[1425, 4095, 2542, 2293, 2286, 234.7383, 117.8407, 323.002, -166.9847, -194.3283, -250.1374, 240.0348, 178.7204, 270.6194, -1.007634, 7.267176, -0.3740458],
[1488, 4095, 2687, 2256, 2251, 353.881, 14.43909, 337.6784, 124.2366, 239.9924, 250.1298, 238.4871, 181.1026, 269.2068, -15.91603, -4.725191, 5.984733],
[1523, 4095, 2458, 2273, 2225, 203.1754, 127.8881, 341.396, -248.8855, 116.8779, -250.1374, 237.782, 177.2005, 271.6395, -7.908397, 11.50382, 7.641222],
[1824, 4095, 2507, 2176, 2141, 354.7486, 37.52954, 353.2171, 114.145, 59.04581, 250.1298, 241.4388, 184.2957, 267.5518, 3.519084, 8.282443, 8.297709],
[1755, 4095, 2394, 2251, 2251, 166.4278, 134.3904, 13.16518, -120.8168, 86.67939, -214.6183, 238.9912, 173.0719, 274.0466, -12.42748, 2.091603, 5.282443],
[1861, 4095, 2442, 2119, 2126, 314.0186, 59.13841, 328.3491, 12.05344, -246.9542, 139.8168, 243.2261, 183.4764, 268.1392, -13.01527, 0.5114504, -8.603053],
[1696, 4095, 2365, 2143, 2146, 155.6727, 136.3561, 25.25286, -250.1374, 48.05344, -121.4122, 240.0419, 177.0605, 271.5739, 9.679389, 6.137404, 4.687023],
[1664, 4095, 2549, 2157, 2170, 301.6192, 67.25863, 325.8693, 70.48855, -250.1374, 103.229, 243.9355, 185.6166, 267.1453, -35.89313, 0.3282443, -10.33588],
[1649, 4095, 2474, 2158, 2156, 118.4429, 122.9548, 50.0242, -176.7023, 134.9084, 14.41221, 240.519, 173.3125, 273.6653, 6.114504, 0.6717557, -0.9923664],
[1655, 4095, 2523, 2176, 2165, 298.4826, 36.42669, 291.8727, 48.96183, -250.1374, 130.9695, 244.0654, 186.8886, 266.5388, -30.49618, -1.969466, -14.79389],
[1689, 4095, 2507, 2249, 2150, 110.7414, 111.0783, 45.41558, -140.9008, 250.1298, 63.87786, 238.3272, 168.7803, 276.8368, 15.67176, -3.687023, 3.206107],
[1680, 4095, 2515, 2179, 2064, 267.5716, 92.33862, 314.1367, -52.50382, -250.1374, -37.32061, 240.0465, 177.5612, 271.2855, 18.9313, 20.77099, -2.10687],
[1742, 4095, 2527, 2245, 2146, 78.19396, 80.73378, 37.83157, -93.98474, 250.1298, 90.72519, 239.806, 170.9079, 275.1869, -7.183206, -9.335877, -7.938931],
[1680, 4095, 2555, 2207, 2123, 244.5004, 115.897, 314.224, -146.5801, -213.3053, -80.90076, 239.2437, 176.861, 271.746, 7.908397, 13.48092, 3.648855],
[1516, 4095, 2480, 2107, 2080, 252.7718, 108.8265, 311.9552, -27.67939, -234.3588, -51.56488, 239.6999, 191.5723, 263.0785, 20.00763, 17.32825, 2.236641],
[1554, 4095, 2530, 2256, 2192, 61.39294, 62.813, 43.19211, 29.89313, 250.1298, 220.6641, 237.991, 191.0794, 262.9201, -14.37405, -3.992366, -2.267176],
[1565, 4095, 2491, 2183, 2145, 229.9891, 121.4948, 323.6478, -210.0687, -104.3359, -213.0382, 237.7202, 185.8096, 266.2122, 4.931298, 10.49618, -0.9770992],
[1585, 4095, 2575, 2245, 2158, 359.4355, 30.88707, 359.1028, 150.3817, -9.40458, 250.1298, 240.6366, 192.5539, 262.7634, 3.854962, -0.5725191, -8.687023],
[1601, 4095, 2551, 2252, 2199, 194.6955, 131.4052, 346.808, -101.7634, 15.87023, -250.1374, 237.8687, 181.4308, 268.9836, -12.14504, 1.900763, 2.603053],
[1595, 4095, 2611, 2187, 2115, 306.1449, 38.70493, 300.4122, -40.60306, -155.5649, 175.3435, 240.1977, 198.3828, 259.1354, -2.839695, 2.061069, -4.824428],
[1575, 4095, 2555, 2203, 2144, 155.757, 128.4061, 19.54223, -70.57252, 176.1679, -179.771, 238.3935, 183.2203, 267.9034, -7.587786, -7.832061, 2.709924],
[1568, 4095, 2637, 2189, 2135, 285.5621, 74.87851, 316.1015, -80.8626, -213.0305, 138.4046, 241.0346, 191.7798, 263.3193, -0.2366412, 11.62596, 0.5343512],
[1598, 4095, 2613, 2250, 2192, 116.6785, 112.7848, 39.81869, -61.9313, 225.9466, 11.40458, 239.3567, 178.5654, 270.73, 4.839694, -7.343512, 1.870229],
[1527, 4095, 2579, 2175, 2128, 242.6894, 117.2686, 314.7921, -103.7252, -162.5878, -72.1145, 237.7774, 182.9042, 268.0533, 5.328244, 13.44275, 1.969466],
[1563, 4095, 2647, 2257, 2191, 72.8048, 76.47872, 37.72585, 103.374, 146.4885, 250.1298, 241.1994, 187.3473, 265.8428, -14.0229, -5.305344, -2.656489],
[1520, 4095, 2559, 2227, 2128, 216.0687, 129.3953, 328.9019, -119.1985, -106.8626, -250.1374, 239.9746, 180.933, 269.346, -12.42748, -1.709924, 4.633588],
[1455, 4095, 2626, 2179, 2090, 333.2653, 55.38196, 340.8695, -1.938931, 39.46565, 250.1298, 241.7157, 189.0095, 265.0245, 2.541985, 9.282443, 0.7557252],
[1458, 4095, 2499, 2135, 2047, 158.3863, 138.2235, 23.80181, -32.61832, 239.7405, -198.7862, 238.2555, 180.3726, 269.6506, -8.19084, -9.885496, 10.03054],
[1542, 4095, 2647, 2145, 2097, 285.5764, 71.57636, 310.1304, -168.2977, -228.1221, 116.0076, 239.7988, 189.2119, 264.506, 2.770992, 16.64122, -3.198473],
[1600, 4095, 2591, 2155, 2129, 131.0656, 120.4242, 33.90263, -89.54199, 227.7481, -144.9542, 241.2225, 181.8765, 268.8581, -12.54198, -10.90076, -2.839695],
[1522, 4095, 2641, 2147, 2057, 277.3429, 83.6289, 319.6826, -9.832061, -250.1374, 104.6489, 241.6537, 188.9487, 265.045, -13.48855, 8.984733, -3.564885],
[1524, 4095, 2611, 2165, 2106, 131.1706, 135.208, 48.9468, -152.4351, 250.1298, -18.52672, 237.3652, 182.3454, 268.3806, -5.435114, -10.81679, -0.8625955],
[1534, 4095, 2701, 2157, 2094, 283.1048, 66.72945, 298.5915, 21.94657, -250.1374, 64.23664, 238.0285, 186.002, 266.1358, 15.14504, 8.862596, 0.5419847],
[1556, 4095, 2691, 2218, 2133, 110.8192, 113.4043, 48.60103, -236.458, 241.5725, 83.09161, 238.3356, 181.472, 268.9752, -11.21374, -6.748092, -0.610687],
[1584, 4095, 2687, 2195, 2112, 237.9865, 111.8018, 327.1374, -15.67939, -168.0305, -74.45802, 237.8817, 184.2611, 267.2093, 0.1450382, 7.496183, 0.1603053],
[1624, 4095, 2711, 2288, 2173, 61.78811, 68.35523, 36.38167, 72.53435, 164.7633, 199.1374, 238.9585, 184.7499, 267.027, -13.09924, -8.969465, -5.068702],
[1475, 4095, 2627, 2163, 2102, 229.7517, 125.8938, 319.2441, -136.2519, -79.33588, -82.90076, 238.6531, 179.6102, 270.118, 2.419847, 6.473282, 4.564886],
[1619, 4095, 2769, 2270, 2273, 71.61685, 76.31349, 36.1038, 74.12977, 136.0687, 198.2824, 240.6766, 181.7268, 268.9177, -3.21374, -5.816794, -5.78626],
[1535, 4095, 2667, 2154, 2160, 228.9467, 127.3528, 318.543, -125.7481, -191.6336, -98.70993, 239.6458, 179.4688, 270.1932, -8.702291, 10.1374, 5.244275],
[1588, 4095, 2723, 2265, 2231, 64.21268, 69.14754, 38.14518, 156.9847, 195.4962, 240.2595, 241.9241, 190.4507, 264.2843, -5.89313, -0.7175572, 4.725191],
[1616, 4095, 2669, 2128, 2224, 234.5988, 120.9491, 319.6069, -108.7099, -200.7023, -130.4122, 239.7794, 179.0241, 270.4501, -5.007634, 4.763359, 4.458015],
[1633, 4095, 2787, 2263, 2268, 9.691864, 43.94011, 10.02265, 100.6794, 39.39695, 185.4198, 240.596, 184.5282, 267.3367, -6.206107, -5.748092, -7.603054],
[1620, 4095, 2714, 2167, 2174, 206.5146, 120.3431, 343.552, -177.2061, -160.5649, -215.0534, 239.6416, 180.0833, 269.8344, -0.5496183, 4.534351, 0.778626],
[1647, 4095, 2771, 2287, 2255, 29.64626, 64.41936, 15.14646, 57.82443, 211.4962, 148.7099, 241.2295, 183.197, 268.1345, -6.984733, -6.343512, -1.862595],
[1616, 4095, 2707, 2165, 2155, 233.2588, 117.873, 324.4489, -213.2901, -200.4275, -98.46565, 238.903, 180.6374, 269.4983, 1.129771, 12.09924, 2.610687],
[1617, 4095, 2789, 2288, 2271, 78.70465, 81.88144, 35.36733, 74.55725, 250.1298, 204.7863, 240.4989, 179.7984, 269.9983, -12.90076, -3.305344, 4.61832],
[1600, 4095, 2770, 2199, 2185, 242.2162, 112.7111, 321.2696, -181.4962, -181.7939, -92.60305, 239.3867, 178.1852, 270.9535, 13.03817, 12.17557, 1.656489],
[1520, 4095, 2739, 2270, 2231, 83.55388, 83.10435, 46.884, -74.20611, 243.7939, 112.8092, 239.3443, 181.2737, 269.1297, -11.92366, -8.473283, -4.603054],
[1518, 4095, 2823, 2192, 2181, 250.5868, 109.6526, 314.3046, -107.458, -167.6412, -48.54962, 237.2921, 180.6075, 269.4896, 12.54198, 6.633588, 2.954198],
[1563, 4095, 2759, 2311, 2250, 83.44824, 81.19735, 53.44014, 6.305344, 149.5725, 226.1298, 239.4974, 179.8802, 269.9532, -3.343511, -7.755725, -0.2671756],
[1498, 4095, 2670, 2123, 2129, 243.8962, 113.6793, 317.8987, -117.9084, -117.4886, -81.75572, 241.2779, 180.9053, 269.3913, 0.6030535, 4.717557, 0.4732824],
[1552, 4095, 2719, 2256, 2215, 50.08686, 62.36914, 31.93352, -80.18321, 250.1298, 153.1908, 238.9228, 179.019, 270.4713, -7.335878, -5.396946, -2.038168],
[1545, 4095, 2752, 2169, 2151, 244.7328, 110.5752, 321.2216, -98.29008, -235.6183, -143.2519, 241.0918, 183.655, 267.8714, -8.534351, 9.374045, -0.8854962],
[1553, 4095, 2737, 2266, 2235, 111.8872, 112.3361, 45.55371, -143.8321, 250.1298, 156.7175, 240.0547, 181.3958, 269.0819, -13.70229, -4.503817, 0.04580153],
[1580, 4095, 2795, 2205, 2160, 270.6043, 88.96937, 305.4682, -13.0458, -244.2519, 14.14504, 240.1309, 183.8489, 267.6777, 1.389313, 11.22901, 2.954198],
[1550, 4095, 2749, 2291, 2259, 113.266, 123.4103, 56.79311, 91.0916, 194.5954, -8.183207, 237.5215, 180.6954, 269.4377, -20.19084, -11.25191, 3.343511],
[1585, 4095, 2795, 2218, 2193, 273.623, 84.7486, 305.461, -23.0458, -187.9542, 1.10687, 238.8556, 178.9189, 270.533, 7.61832, 13.34351, -4.778626],
[1520, 4095, 2741, 2255, 2224, 125.2759, 127.6783, 47.42033, 81.76336, 201.4733, 3.587786, 238.7915, 173.7428, 273.6705, -5.557252, -15.01527, 1.244275],
[1601, 4095, 2787, 2224, 2192, 278.0593, 85.48267, 331.4489, 18.0229, -111.4733, 154.5954, 240.8202, 182.4155, 268.5398, 5.564886, 16.82443, 2.564885],
[1527, 4095, 2767, 2295, 2238, 133.375, 129.3162, 40.83183, -57.67939, 177.6336, -28.93893, 239.6153, 176.9471, 271.6688, -11.43512, -10.67939, -4.267176],
[1584, 4095, 2738, 2195, 2186, 264.0822, 99.69029, 300.6561, -52.8626, -136.9924, -37.28245, 241.2299, 176.6931, 271.6974, -2.48855, 8.709924, -2.122137],
[1526, 4095, 2749, 2303, 2229, 96.0805, 96.81941, 48.17628, 49.1145, 82.51145, 49.82443, 239.741, 182.32, 268.5333, -11.08397, -7.068702, -3.618321],
[1893, 4095, 2629, 2295, 2220, 238.5002, 113.0113, 325.0227, -138.7557, -110.0076, -75.0687, 239.6078, 188.6593, 264.793, 2.358779, 7.007634, 4.0],
[1969, 4095, 2559, 2330, 2267, 118.4283, 104.7013, 25.82455, 24.26718, 164.313, 42.77863, 240.603, 190.7287, 263.8087, -11.36641, -7.068702, -4.519084],
[1766, 4095, 2605, 2421, 2271, 262.8783, 95.04324, 323.9685, -8.641221, -114.5802, 13.01527, 238.7643, 187.662, 265.23, -1.083969, 2.099237, 0.4885496],
[1763, 4095, 2572, 2397, 2289, 161.9739, 125.4624, 12.93915, -41.25191, 126.5267, -158.9618, 238.4976, 190.7897, 263.2373, -8.671756, -7.984733, 0.2519084],
[1807, 4095, 2575, 2416, 2294, 296.1674, 81.26173, 342.7747, 24.17557, -23.49618, 152.7863, 238.886, 189.9911, 263.8288, 2.206107, 8.045801, -2.778626],
[1797, 4095, 2576, 2395, 2304, 196.3618, 123.862, 348.7019, -50.67939, 5.992366, -92.25191, 239.1426, 186.0694, 266.2573, -4.938931, -5.854962, 10.41221],
[1824, 4095, 2559, 2414, 2303, 118.7385, 92.57884, 4.741374, 31.39695, 7.312977, 90.24428, 239.4104, 190.738, 263.5037, -2.160305, 6.137404, -10.48855],
[1634, 4095, 2559, 2302, 2236, 222.179, 118.8536, 333.2654, -84.27482, -3.083969, -66.32825, 239.3285, 185.254, 266.7696, 2.770992, 3.099237, 11.66412],
[1721, 4095, 2530, 2381, 2284, 84.90667, 87.04387, 29.69436, 58.45802, 108.3588, 42.35115, 237.0413, 191.6026, 262.3152, -6.328244, -0.389313, -9.916031],
[1665, 4095, 2555, 2323, 2247, 265.9267, 93.49907, 318.0965, -68.0229, -110.6641, 7.229008, 239.8413, 188.1041, 265.167, 0.610687, 6.679389, 4.045802],
[1735, 4095, 2526, 2357, 2277, 101.0977, 92.76929, 14.06341, -78.28244, 187.0916, -46.26718, 238.7011, 188.8361, 264.497, -10.17557, -5.854962, 0.610687],
[1687, 4095, 2604, 2348, 2256, 304.4709, 76.44254, 340.7438, 49.21374, -217.1908, 126.4275, 239.9487, 190.1152, 264.0072, -0.6183206, 4.740458, 2.587786],
[1680, 4095, 2525, 2330, 2242, 156.4379, 124.8593, 16.79511, -152.2824, 146.9847, -94.05344, 237.9842, 187.9515, 264.9024, -1.412214, -4.793893, 3.862595],
[1642, 4095, 2627, 2371, 2288, 2.823084, 61.88006, 1.461454, 128.0916, -7.480916, 189.8931, 239.3242, 190.6734, 263.5208, 0.832061, 3.160305, -2.099237],
[1686, 4095, 2638, 2314, 2253, 213.9255, 124.3211, 335.1403, -178.2672, -114.8779, -123.0153, 239.4741, 185.0614, 266.9017, -2.541985, 7.480916, 6.458015],
[1670, 4095, 2670, 2324, 2318, 69.98579, 78.99423, 27.93133, -31.52672, 164.4275, 132.4656, 238.9075, 188.4282, 264.7897, -2.679389, 0.480916, -3.839695],
[1605, 4095, 2691, 2301, 2223, 261.4635, 95.60191, 326.1474, -49.18321, -179.1069, -55.48091, 240.124, 186.1312, 266.3628, -1.160305, 5.664122, -1.51145],
[1605, 4095, 2530, 2321, 2256, 119.3654, 113.7871, 38.00088, -18.25954, 141.6794, 4.78626, 238.259, 185.5259, 266.4651, -5.839694, -7.549618, 2.839695],
[1611, 4095, 2677, 2350, 2256, 330.2009, 66.67777, 346.1565, 39.66412, -134.0305, 177.2214, 240.982, 190.8349, 263.8422, -0.5648855, 3.19084, -1.603053],
[1615, 4095, 2621, 2285, 2229, 145.1849, 120.5211, 22.20834, -143.8626, 70.82443, -128.4733, 238.8395, 183.3304, 267.8721, -6.045802, 0.5572519, 6.557252],
[1600, 4095, 2651, 2355, 2239, 34.15983, 72.14513, 12.2179, 119.1298, -17.45802, 175.2824, 240.0608, 190.0996, 264.0429, -6.679389, -0.1221374, -3.389313],
[1584, 4095, 2679, 2286, 2219, 213.4954, 122.8019, 336.71, -160.9313, -119.6031, -133.8321, 240.5066, 182.3659, 268.5499, 4.389313, 8.427481, 3.839695],
[1623, 4095, 2625, 2338, 2261, 85.40844, 86.67809, 35.57352, 68.8855, 199.626, 96.08397, 239.1969, 188.6494, 264.7145, -7.183206, -5.427481, 0.8091603],
[1614, 4095, 2723, 2374, 2261, 272.161, 88.53518, 328.2149, -106.1527, -151.9618, 39.90077, 239.4158, 187.7336, 265.3066, 1.374046, 12.22137, -0.3664122],
[1535, 4095, 2646, 2358, 2274, 149.0724, 130.1283, 26.69922, -4.885496, 163.0, -94.8168, 239.6496, 186.0241, 266.3573, -5.480916, -1.259542, 6.335878],
[1593, 4095, 2704, 2408, 2282, 290.8662, 83.41491, 343.3503, -18.36641, -43.46565, 189.458, 239.4278, 187.305, 265.5642, -1.137405, 4.908397, -0.778626],
[1583, 4095, 2643, 2267, 2257, 178.1139, 128.7789, 1.365824, -64.0, 16.80153, -173.0382, 238.5, 182.3182, 268.4639, -5.854962, -2.587786, 4.832061],
[1553, 4095, 2595, 2338, 2240, 75.78262, 82.85401, 26.10622, 64.42749, 70.28244, 169.5725, 241.1722, 190.6897, 263.9712, 0.5038168, 2.0, -0.7709923],
[1659, 4095, 2402, 2098, 2113, 217.1402, 119.244, 336.8278, -151.7405, -153.0534, -36.38931, 239.2732, 184.4878, 267.2189, 5.48855, 13.0687, 4.641222],
[1658, 4095, 2459, 2255, 2177, 154.8329, 126.9449, 19.35979, 68.64122, 166.6947, -51.12214, 241.151, 187.2813, 265.8714, -5.38168, -8.366412, 0.870229],
[1664, 4095, 2594, 2263, 2199, 260.7313, 95.87661, 327.1148, 5.938931, -122.7557, 21.0, 239.4291, 186.4241, 266.0882, 3.435115, 15.67176, -1.732824],
[1679, 4095, 2544, 2252, 2211, 164.8362, 138.5971, 16.95385, 17.93893, 50.74046, -68.28244, 238.0833, 181.585, 268.8956, -3.053435, -8.656488, 4.435114],
[1723, 4095, 2591, 2285, 2224, 29.79036, 64.85267, 14.94779, 13.25954, 30.78626, 6.465649, 239.734, 189.5682, 264.2808, -7.961832, -0.3969466, -10.83969],
[1610, 4095, 2646, 2266, 2215, 265.0854, 93.73629, 321.6867, -105.3511, -111.0763, 16.94657, 239.0994, 184.9957, 266.8957, 8.503817, 7.229008, 4.251908],
[1597, 4095, 2655, 2280, 2243, 146.1823, 119.2782, 20.50219, -13.12977, 95.12214, -100.603, 240.5216, 186.05, 266.466, -11.79389, -5.877862, 1.473282],
[1542, 4095, 2736, 2321, 2235, 284.9787, 82.83446, 335.1377, -13.46565, -67.19847, 100.4733, 239.9972, 185.9909, 266.426, 0.05343511, 7.770992, -1.244275],
[1520, 4095, 2763, 2263, 2245, 188.9566, 137.439, 350.0844, -101.2672, 17.51908, -134.1679, 237.6013, 179.5391, 270.1709, 0.05343511, -1.526718, 8.366412],
[1601, 4095, 2704, 2325, 2263, 105.4832, 93.89848, 13.94228, 57.64885, 61.89313, 107.6641, 239.7784, 186.661, 266.0026, -4.946565, 1.267176, -6.473282],
[1575, 4095, 2738, 2300, 2272, 248.6113, 107.7769, 320.3827, -80.9771, -77.49619, -45.24427, 238.1315, 180.2273, 269.7393, 2.870229, 5.320611, 5.839694],
[1601, 4095, 2704, 2365, 2275, 140.9467, 113.7883, 19.60791, 7.557252, 94.69466, -15.49618, 239.751, 185.7888, 266.5096, -12.0916, -4.61832, -5.320611],
[1629, 4095, 2727, 2352, 2274, 271.9823, 88.76401, 330.6635, -9.045801, -47.8168, 67.48855, 240.6831, 183.6514, 267.8385, 6.877862, 6.839694, 4.389313],
[1556, 4095, 2769, 2330, 2288, 182.3259, 123.7187, 358.3254, -53.99237, 30.76336, -127.7939, 239.2402, 181.1723, 269.1865, -5.564886, -5.740458, 7.366412],
[1600, 4095, 2737, 2303, 2289, 155.2567, 102.2425, 5.638873, 37.22137, 46.73283, 53.35878, 239.2963, 184.6669, 267.1149, -1.183206, 3.465649, -4.748092],
[1506, 4095, 2655, 2266, 2268, 252.2377, 102.275, 325.4441, -41.53435, -20.19084, -26.64886, 238.2612, 183.6592, 267.6216, -0.4732824, 4.587786, 5.70229],
[1545, 4095, 2741, 2319, 2261, 139.8677, 109.4006, 16.47321, -10.93893, 59.64122, -91.37404, 239.2114, 186.0271, 266.2926, -12.64886, -2.335878, 4.450382],
[1504, 4095, 2731, 2307, 2261, 169.3761, 92.56822, 0.4029152, -3.473282, -46.87786, 91.79389, 237.8269, 186.2904, 265.9239, 0.04580153, 3.916031, -0.3664122],
[1482, 4095, 2767, 2366, 2256, 206.6599, 117.5377, 345.1684, -50.86259, 20.80916, -84.17558, 237.7407, 185.0642, 266.687, -4.137404, -4.351145, 5.030534],
[1552, 4095, 2796, 2399, 2287, 100.0901, 93.73687, 20.32475, 24.54962, 28.83206, 62.32061, 239.4362, 185.7918, 266.4645, 0.9847328, 3.992366, -11.40458],
[1582, 4095, 2365, 2143, 2154, 195.4282, 94.69003, 358.6078, -55.33588, 250.1298, -1.129771, 236.3081, 184.9115, 266.6066, -14.60305, -1.748092, 0.0610687],
[1517, 4095, 2463, 2094, 2122, 258.8576, 107.2392, 302.0308, -8.824428, -248.374, -99.32061, 238.9677, 194.287, 261.1944, 21.0458, 22.58015, -8.503817],
[1423, 4095, 2431, 2193, 2175, 121.4826, 114.0067, 35.95676, -192.3206, 250.1298, 80.93894, 236.6112, 180.5941, 269.4869, -25.80916, -22.68702, 1.374046],
[1482, 4095, 2553, 2159, 2149, 273.0637, 78.22745, 284.7593, -92.43511, -250.1374, -14.61832, 237.9193, 193.1436, 261.5744, 11.59542, 18.84733, 3.847328],
[1470, 4095, 2495, 2219, 2211, 135.8644, 119.1582, 28.35229, -20.01527, 236.7176, 7.862596, 236.3974, 183.9404, 267.2635, -2.549618, -8.572519, 0.09923664],
[1487, 4095, 2534, 2191, 2185, 269.8372, 90.30787, 283.0382, -82.59542, -164.7786, -4.045802, 235.1109, 192.5693, 261.0594, 12.77099, 14.69466, -10.0],
[1574, 4095, 2469, 2229, 2225, 164.3791, 133.6905, 14.82887, -84.03053, 250.1298, -112.6794, 234.5165, 186.8888, 264.9637, 4.061069, -10.37405, 5.664122],
[1618, 4095, 2502, 2187, 2176, 271.6578, 86.33134, 295.6638, -150.5725, -133.4427, 34.9084, 239.5155, 197.7766, 259.2223, -4.114504, 13.58015, 1.51145],
[1761, 4095, 2415, 2263, 2228, 140.4637, 129.7928, 34.42122, -90.9313, 183.5649, 0.6870229, 236.8795, 182.7071, 268.1159, -15.30534, -3.870229, 2.221374],
[1737, 4095, 2512, 2223, 2210, 288.6914, 21.92887, 277.7508, -11.80153, -232.3206, 66.0, 239.1652, 198.7748, 258.4406, 11.58779, 17.54962, -2.946565],
[1806, 4095, 2463, 2285, 2239, 127.4558, 119.1748, 36.00586, -48.70992, 222.0381, -65.28244, 235.2584, 180.958, 269.2121, 4.755725, -5.900764, 3.229008],
[1750, 4095, 2539, 2259, 2228, 266.6877, 92.96741, 316.655, -76.48092, -149.2977, 79.0687, 238.2531, 191.0113, 263.0336, -0.05343511, 7.259542, 1.282443],
[1726, 4095, 2469, 2283, 2256, 117.4703, 113.7933, 40.22274, -21.56489, 158.0687, 7.908397, 238.1611, 181.0443, 269.2336, -9.038168, -10.10687, 2.206107],
[1728, 4095, 2531, 2219, 2229, 269.4541, 90.73184, 300.0938, -55.96947, -131.6031, 24.94657, 239.0965, 189.573, 264.1334, 18.01527, 18.16794, -3.396947],
[1769, 4095, 2477, 2258, 2260, 126.2465, 117.1913, 34.94649, -56.44275, 168.3664, -31.71756, 237.4585, 184.0213, 267.3177, 4.114504, -15.30534, -2.938931],
[1712, 4095, 2487, 2179, 2160, 277.826, 75.99359, 299.1627, -145.229, -138.0153, 160.8931, 239.6612, 190.4096, 263.7633, 3.740458, 10.27481, 1.671756],
[1735, 4095, 2447, 2239, 2221, 146.3915, 128.4692, 27.74529, -50.89313, 250.1298, -172.8855, 236.7834, 184.7043, 266.8018, -3.541985, -6.267176, 0.6259542],
[1750, 4095, 2545, 2265, 2230, 291.0852, 77.55713, 330.4168, -52.0229, -37.82443, 250.1298, 240.9707, 192.1276, 263.1036, 0.07633588, 11.96947, 3.633588],
[1630, 4095, 2497, 2243, 2245, 172.3602, 127.4989, 5.741839, -87.51145, 67.83969, -164.0305, 236.7095, 183.1012, 267.8456, -14.31298, 1.908397, 1.923664],
[1697, 4095, 2539, 2259, 2267, 317.9644, 74.52107, 346.0266, 89.91603, 38.52672, 250.1298, 240.0446, 190.8873, 263.5761, -2.022901, 2.633588, 3.847328],
[1694, 4095, 2494, 2203, 2211, 222.554, 117.2644, 334.4766, -172.626, -24.40458, -245.2366, 238.2329, 181.7488, 268.8004, -2.80916, 4.854962, -1.908397],
[1682, 4095, 2559, 2251, 2224, 24.30623, 55.904, 16.92471, 167.1603, 85.75572, 248.4046, 238.8988, 185.3273, 266.6711, 6.78626, -7.450382, -6.343512],
[1735, 4095, 2521, 2154, 2224, 239.8817, 114.0517, 322.1695, -93.20611, -105.9084, -156.7786, 238.3246, 178.9126, 270.5497, -7.412214, 13.0, 1.885496],
[1752, 4095, 2546, 2224, 2193, 42.98716, 72.81178, 15.95922, 121.7023, 109.0534, 180.9313, 236.5837, 181.3343, 268.9993, -9.274809, -8.137404, -3.961832],
[1759, 4095, 2555, 2167, 2190, 235.4108, 118.7641, 321.2382, -149.771, -80.64886, -95.63359, 236.9764, 181.5848, 268.8506, -5.259542, 9.839695, 1.267176],
[1721, 4095, 2543, 2225, 2215, 58.74076, 70.16217, 30.60198, 146.6565, 28.87023, 239.1679, 237.3528, 180.744, 269.4034, -4.91603, -8.358779, -2.419847],
[1718, 4095, 2614, 2219, 2218, 247.0331, 112.7033, 315.0822, -179.9924, -106.3664, -119.3511, 235.8438, 179.7691, 270.032, -0.7633588, 8.167939, 3.992366],
[1664, 4095, 2576, 2199, 2224, 124.9336, 115.9164, 34.75396, -94.15267, 222.7633, -5.877862, 237.1727, 179.7422, 270.0443, 1.687023, -2.335878, -5.129771],
[1627, 4095, 2619, 2179, 2182, 291.5989, 67.51302, 313.8796, 4.854962, -105.3817, 123.6794, 236.991, 185.2094, 266.4978, 11.00763, 16.1145, 10.8626],
[1489, 4095, 2597, 2201, 2219, 113.1381, 107.6374, 36.58959, -82.34351, 198.7786, 3.51145, 236.1352, 174.4167, 273.6191, -4.832061, -7.053435, 3.083969],
[1584, 4095, 2700, 2171, 2247, 279.3439, 79.21838, 311.2099, -51.50382, -143.6565, 83.74045, 239.0082, 188.3882, 264.8343, -9.633588, 8.282443, -0.5114504],
[1552, 4095, 2623, 2227, 2288, 126.6964, 119.0754, 36.64808, -39.9313, 196.3893, -65.41985, 236.6519, 178.1434, 271.096, -6.61832, -8.068703, 1.748092],
[1594, 4095, 2736, 2239, 2288, 288.2894, 65.34381, 305.9064, -13.12977, -112.9847, 110.1908, 239.0181, 184.5248, 267.1692, 7.885496, 11.66412, 8.229008],
[1535, 4095, 2643, 2233, 2235, 161.1872, 130.6631, 16.19617, -108.7557, 115.9695, -250.1374, 238.1513, 179.0801, 270.4501, -2.389313, -4.366412, 3.389313],
[1597, 4095, 2733, 2233, 2259, 329.585, 70.3531, 348.1828, 38.08397, 3.870229, 250.1298, 239.4203, 185.9004, 266.3979, -1.419847, 5.458015, 3.587786],
[1520, 4095, 2573, 2177, 2231, 175.148, 127.4408, 3.578463, -157.5191, 62.63359, -250.1374, 237.7372, 178.2575, 270.9765, -5.198473, -0.2748091, 6.160306],
[1557, 4095, 2608, 2277, 2268, 340.5142, 40.56827, 337.6157, 12.19847, 65.0687, 250.1298, 240.2552, 181.8303, 268.8411, -2.725191, -1.862595, -5.396946],
[1504, 4095, 2655, 2161, 2239, 238.7177, 127.0441, 308.6015, -200.2595, -153.6718, -198.8015, 238.573, 178.567, 270.7543, -5.519084, 7.664122, 0.2519084],
[1559, 4095, 2619, 2271, 2265, 81.04655, 80.92796, 45.2988, 151.916, 250.1298, 114.9695, 238.1706, 180.1108, 269.8118, 4.022901, -7.236641, 1.687023],
[1569, 4095, 2704, 2235, 2262, 262.5164, 96.37256, 318.9097, -167.9542, -221.8702, 39.22137, 239.3372, 178.8793, 270.545, -0.1908397, 13.18321, 0.8854962],
[1526, 4095, 2615, 2271, 2278, 97.85838, 95.56005, 35.2244, -20.08397, 232.5802, 135.7939, 238.8325, 178.3554, 270.8736, -7.496183, -5.374046, -1.931298],
[1594, 4095, 2769, 2277, 2283, 348.3723, 71.78593, 356.1031, 9.412213, -134.0458, 132.7099, 240.0417, 182.4492, 268.4757, 2.709924, 7.740458, 3.458015],
[1549, 4095, 2695, 2270, 2311, 137.4011, 122.2953, 30.08382, -103.3359, 141.8626, -89.78626, 236.6107, 175.5307, 272.818, -2.267176, 1.496183, -0.7251908],
[1584, 4095, 2815, 2279, 2291, 351.33, 61.5247, 355.2597, 11.17557, -159.2977, 164.7328, 240.1572, 184.6424, 267.2245, -8.335877, 4.015267, -4.473282],
[1618, 4095, 2807, 2235, 2357, 160.3787, 137.8036, 21.34578, -158.8473, 65.40458, -124.8244, 237.2389, 174.0824, 273.6833, -4.053435, 3.557252, 4.061069],
[1622, 4095, 2800, 2322, 2343, 1.290263, 61.41273, 0.6589569, 156.0076, 26.21374, 151.5572, 238.7219, 180.718, 269.4464, -2.282443, -4.931298, -3.70229],
[1593, 4095, 2799, 2225, 2355, 206.509, 132.4216, 335.2965, -210.4962, -63.42748, -187.6641, 236.8288, 174.7392, 273.3122, 2.038168, 11.64122, -0.9694656],
[1568, 4095, 2779, 2318, 2367, 65.62222, 72.23292, 35.14487, 132.9466, 186.6565, 157.3893, 237.621, 177.5054, 271.4571, -1.129771, -7.496183, -2.0],
[1744, 4095, 2363, 2151, 2075, 271.2495, 86.17288, 289.348, -73.38932, -250.1374, 49.32061, 243.8428, 191.0408, 264.4331, 6.229008, 14.03054, -4.793893],
[1936, 4095, 2273, 2223, 2121, 146.8188, 122.946, 22.87827, -190.7328, 250.1298, 79.61069, 239.463, 174.226, 273.2861, 8.488549, -6.564886, -0.3435115],
[1913, 4095, 2398, 2171, 2118, 267.1731, 94.87361, 298.9513, -34.58015, -250.1374, 16.83206, 240.5924, 182.4227, 268.5227, 8.557252, 19.47328, 4.870229],
[1947, 4095, 2367, 2240, 2134, 107.2283, 105.2875, 41.32333, -96.54963, 250.1298, 62.64885, 239.3861, 172.2402, 274.4785, -7.183206, -9.687023, -0.4732824],
[1914, 4095, 2399, 2193, 2131, 272.7551, 84.34454, 296.7789, -140.7481, -245.0458, 75.25191, 241.0691, 182.5619, 268.4731, -4.870229, 12.66412, -2.549618],
[2023, 4095, 2391, 2250, 2160, 131.1934, 114.7764, 27.73818, -21.8626, 250.1298, 107.1527, 241.5465, 176.5301, 271.7626, -21.76336, -7.229008, 1.931298],
[2000, 4095, 2463, 2109, 2071, 261.5115, 104.5135, 299.5339, -143.8626, -156.3435, 63.54962, 238.9354, 184.29, 267.3017, -10.70992, 17.39695, -3.229008],
[1647, 4095, 2453, 2212, 2093, 114.794, 107.0139, 33.46923, -161.9618, 203.8931, 81.98474, 240.1782, 173.9996, 273.3214, -21.18321, -11.9313, -2.0],
[1622, 4095, 2557, 2167, 2112, 269.6375, 90.34858, 303.8326, -136.5038, -237.6183, 13.27481, 239.5419, 186.0243, 266.3417, 8.297709, 15.77863, 0.05343511],
[1698, 4095, 2527, 2238, 2143, 137.3056, 113.7834, 22.05811, -103.542, 250.1298, 151.1603, 239.0592, 174.4105, 273.2294, -25.18321, -7.961832, 2.770992],
[1653, 4095, 2523, 2175, 2165, 312.3993, 57.72012, 325.4115, -139.5649, -198.8931, 41.45038, 237.6333, 184.4969, 267.0336, -5.992366, 11.35115, 2.19084],
[1645, 4095, 2522, 2247, 2169, 147.9469, 117.2682, 17.80423, -41.67176, 142.2824, -37.00763, 239.3889, 170.4454, 275.5525, -10.0229, -2.244275, -1.778626],
[1574, 4095, 2607, 2295, 2213, 344.0235, 59.15242, 350.3053, 81.68702, -74.69466, 250.1298, 241.2936, 180.469, 269.63, -8.488549, 1.633588, -0.5648855],
[1444, 4095, 2608, 2319, 2199, 201.9196, 126.1723, 343.4331, -124.2672, 99.44275, -215.542, 237.8635, 174.3685, 273.4139, -8.916031, 6.091603, 1.977099],
[1603, 4095, 2641, 2355, 2227, 354.641, 62.93067, 357.234, 82.09161, -44.14504, 206.2748, 240.5765, 182.6478, 268.395, -6.526718, -1.59542, -3.480916],
[1472, 4095, 2613, 2433, 2252, 225.5922, 127.6965, 321.5065, -144.1756, 97.65649, -248.229, 237.6377, 173.2895, 274.1308, -5.877862, 7.229008, -4.167939],
[1569, 4095, 2654, 2417, 2240, 10.37172, 52.36765, 7.986951, 153.4046, 60.9771, 250.1298, 240.1505, 176.7465, 271.7467, -2.473282, -5.251908, 2.610687],
[1594, 4095, 2640, 2406, 2256, 229.0733, 124.3492, 321.528, -192.1069, -51.80152, -203.7481, 238.5072, 173.6128, 273.7924, -1.320611, 12.44275, 2.923664],
[1565, 4095, 2643, 2419, 2291, 7.066133, 56.58617, 4.628969, 168.1603, 40.83206, 211.7099, 238.7219, 176.953, 271.7281, -3.152672, -0.6870229, -2.916031],
[1507, 4095, 2559, 2337, 2255, 239.3237, 120.4612, 314.9994, -96.46565, -57.58016, -84.18321, 236.7899, 174.1445, 273.7075, 0.4351145, 4.152672, 6.229008],
[1519, 4095, 2607, 2389, 2298, 349.4653, 70.30742, 356.1691, 54.70229, 74.32825, 65.18321, 237.1151, 180.3296, 269.6658, -9.259542, 1.480916, 2.0],
[1565, 4095, 2679, 2384, 2287, 247.0878, 110.0796, 318.8488, -175.3282, -78.20611, -91.8168, 237.6891, 175.5626, 272.681, -3.923664, 7.870229, 4.053435],
[1584, 4095, 2679, 2443, 2286, 356.6325, 71.22798, 358.8171, 190.1221, 69.18321, 194.5038, 237.7795, 176.1288, 272.3145, 5.992366, -0.6030535, 1.824428],
[1613, 4095, 2651, 2367, 2263, 237.7618, 116.8179, 321.0374, -222.8397, -79.91603, -155.0458, 239.22, 171.7981, 274.7744, -8.473283, 6.992366, 4.473282],
[1575, 4095, 2693, 2443, 2279, 26.89585, 63.58984, 14.04964, 221.5572, 89.8168, 233.0229, 240.0621, 175.1178, 272.6915, -5.358778, -1.610687, 2.312977],
[1616, 4095, 2735, 2383, 2291, 216.8691, 131.8454, 325.8977, -178.5878, -101.5191, -162.0534, 238.2592, 172.329, 274.6291, -10.15267, 13.36641, 4.755725],
[1548, 4095, 2707, 2479, 2310, 71.49964, 77.98324, 32.31311, 144.3969, 198.5343, 187.1679, 240.4626, 175.6084, 272.3686, -8.167939, -3.938931, 4.236641],
[1643, 4095, 2815, 2370, 2267, 251.1685, 117.6521, 302.791, -167.4733, -76.68702, -69.31298, 238.6625, 171.2651, 275.2099, 4.541985, 5.503817, 0.6412213],
[1653, 4095, 2800, 2391, 2256, 119.0976, 117.2208, 42.66251, 20.15267, 82.16794, -4.442748, 238.5489, 170.9053, 275.4562, -28.49618, -9.312977, 0.0],
[1664, 4095, 2799, 2367, 2283, 262.5756, 94.34272, 328.9692, -101.9618, -13.17557, 69.0, 235.7428, 173.6189, 274.2188, -3.10687, 11.68702, -0.2366412],
[1620, 4095, 2695, 2293, 2255, 162.7901, 112.2987, 7.14291, 51.75573, 14.10687, -72.25955, 236.6103, 173.4467, 274.195, -6.389313, -7.068702, 6.10687],
[1641, 4095, 2755, 2323, 2160, 346.7561, 55.12631, 350.6961, 71.23664, -223.0458, 250.1298, 239.4461, 173.6471, 273.6315, -6.961832, 1.557252, 4.89313],
[1614, 4095, 2641, 2249, 2177, 179.1556, 135.2153, 0.6831375, -101.6183, 76.8855, -229.313, 235.6591, 167.5396, 278.4356, 6.007634, 0.129771, 2.358779],
[1685, 4095, 2699, 2269, 2234, 350.4669, 43.15152, 349.8784, -32.38931, -106.916, 247.9084, 243.6312, 180.3907, 269.697, 0.4503817, 9.870229, 1.198473],
[1610, 4095, 2699, 2257, 2219, 193.7463, 147.2268, 338.9581, -62.9771, -51.9313, -250.1374, 236.6859, 168.8171, 277.2588, 8.931297, 9.633588, 7.183206],
[1680, 4095, 2795, 2321, 2247, 56.32001, 77.91213, 17.65857, 92.98473, 55.32825, 215.9542, 240.8046, 174.3453, 273.0421, -15.60305, -2.778626, 1.259542],
[1689, 4095, 2783, 2206, 2171, 224.8383, 127.8734, 322.0615, -145.5725, -82.229, -239.0992, 237.109, 169.4584, 276.7204, -6.137404, 5.717557, 2.19084],
[1568, 4095, 2741, 2315, 2193, 91.42853, 91.44075, 45.14264, 76.16031, 169.3283, 159.9237, 239.9147, 171.3481, 274.9058, -4.206107, -4.770992, 2.641221],
[1628, 4095, 2767, 2262, 2185, 229.8516, 129.0032, 315.9389, -28.77863, -138.7939, -250.1374, 236.2276, 168.1555, 277.837, 1.541985, 7.099236, -2.931298],
[1653, 4095, 2704, 2272, 2209, 140.9678, 112.5117, 18.50344, -9.610687, 117.1908, 133.2901, 237.8644, 168.9016, 276.8835, 9.480916, -5.244275, -3.0],
[1695, 4095, 2815, 2373, 2229, 316.6311, 60.46871, 331.9215, -31.77099, -101.9924, 155.2366, 239.5609, 174.139, 273.3243, 6.08397, 6.717557, -0.2061069],
[1642, 4095, 2731, 2329, 2238, 181.2523, 132.8096, 358.6994, -48.25191, 28.54198, -248.7099, 236.5001, 164.5744, 280.1966, -5.343512, -1.259542, 0.9312977],
[1664, 4095, 2833, 2374, 2229, 15.58678, 62.45073, 8.208306, -25.50382, -37.93893, 240.2519, 240.0557, 174.0391, 273.3154, -4.519084, 7.763359, 4.396946],
[1534, 4095, 2651, 2207, 2221, 200.6111, 137.1276, 337.7421, -87.0458, 120.7786, -250.1374, 237.1763, 165.4302, 279.3677, 3.992366, 0.3969466, 0.1984733],
[1429, 4095, 2491, 2243, 2242, 93.9694, 92.30965, 30.44952, 250.1298, 6.954198, 105.1527, 240.5267, 171.9402, 274.446, 0.2442748, -0.8625955, 0.6335878],
[1490, 4095, 1955, 2233, 2209, 230.3992, 123.5768, 321.0281, -133.687, -40.67176, -179.2214, 238.1684, 165.4246, 279.022, 1.839695, 6.305344, 0.9236641],
[1502, 4095, 2085, 2259, 2229, 78.97157, 83.82642, 28.7955, 106.0305, 158.8321, 81.91604, 240.1109, 165.834, 278.1125, 3.534351, -7.412214, 2.503817],
[1551, 4095, 2133, 2214, 2202, 259.2416, 103.1976, 308.5715, -131.8092, -78.09924, -106.7634, 236.8027, 167.782, 277.9181, 3.877863, 11.25191, 0.7022901],



