[1798, 4095, 3871, 4095, 4095, 343.8732, 15.51487, 314.0636, -0.5648855, 0.2061069, 0.9312977, 219.6781, 181.0919, 268.5221, 2.10687, 2.694656, 2.908397],
[1813, 4095, 3859, 4095, 4095, 345.8224, 16.20479, 319.2362, -0.4198473, -6.633588, 3.992366, 224.1071, 183.4022, 266.3479, 2.671756, -4.206107, -1.412214],
[1846, 4095, 3891, 4095, 4095, 344.9704, 15.6844, 316.5178, -2.938931, -0.961832, -7.435114, 224.212, 181.4119, 268.4011, -2.603053, 7.671756, 6.435114],
[1861, 4095, 3869, 4095, 4095, 346.3234, 17.86252, 323.162, 7.122138, -2.007634, -5.824428, 227.0456, 182.9575, 267.1095, 2.946565, 4.61832, 5.19084],
[1824, 4095, 3855, 4095, 4095, 348.4186, 16.49212, 325.5524, -2.793893, 4.007634, -1.343511, 226.0921, 184.6448, 265.3935, -4.183206, 1.793893, 5.473282],
[1840, 4095, 3867, 4095, 4095, 349.0126, 18.37908, 329.9157, -1.015267, 4.503817, -5.969466, 226.8382, 185.7493, 264.4756, 0.3664122, 5.267176, 8.870229],
[1885, 4095, 3847, 4095, 4095, 350.1004, 18.03584, 332.0302, -2.78626, 0.1450382, -5.633588, 227.1348, 185.724, 264.555, -4.625954, 5.557252, 3.519084],
[1839, 4095, 3859, 4095, 4095, 350.1777, 18.51924, 332.8807, -5.183206, 0.7862596, -6.167939, 228.0516, 184.3472, 265.9602, -1.748092, 6.587786, 4.374046],
[1875, 4095, 3831, 4095, 4095, 351.1525, 19.10572, 336.0048, -4.412214, 4.610687, -1.748092, 227.4416, 184.5772, 265.6638, -5.908397, 2.793893, 1.954198],
[1866, 4095, 3903, 4095, 4095, 350.7045, 17.80414, 333.2173, -1.419847, 2.450382, 1.519084, 227.6889, 185.2726, 265.0682, -2.496183, -0.2366412, 0.8854962],
[1854, 4095, 3893, 4095, 4095, 349.7913, 17.1937, 330.0354, 0.6259542, -1.320611, -0.6183206, 227.0895, 184.7789, 265.4239, -2.381679, 1.740458, 1.732824],
[1873, 4095, 3891, 4095, 4095, 350.7868, 18.17254, 333.9219, -5.29771, 0.7938931, -3.351145, 227.7871, 184.9512, 265.3761, -6.030534, 3.358779, 2.961832],
[1865, 4095, 3883, 4095, 4095, 350.7082, 19.07045, 334.8775, -2.435115, 2.496183, -1.129771, 227.3515, 184.9669, 265.292, -2.816794, 2.312977, 2.122137],
[1893, 4095, 3935, 4095, 4095, 351.0847, 18.3919, 334.9558, -5.40458, 1.908397, -3.274809, 227.3479, 184.9005, 265.3525, -6.633588, 5.19084, 2.763359],
[1855, 4095, 3895, 4095, 4095, 350.2728, 19.77086, 334.6985, -4.236641, 2.961832, -0.7938931, 227.9886, 185.0402, 265.328, -3.320611, 4.175572, 1.557252],
[1857, 4095, 3903, 4095, 4095, 350.9578, 18.84271, 335.2058, -2.045802, 1.549618, 1.038168, 227.9938, 184.6731, 265.659, -2.282443, 0.8625955, 0.2977099],
[1904, 4095, 3919, 4095, 4095, 351.2038, 18.93144, 335.9221, -5.122138, 2.908397, -2.358779, 227.7535, 185.0455, 265.2853, -2.099237, 2.969466, 2.320611],
[1849, 4095, 3867, 4095, 4095, 350.5489, 18.24212, 333.4206, -4.793893, 4.877862, -0.3053435, 227.5732, 184.5724, 265.6877, -5.442748, -0.007633588, 2.083969],
[1872, 4095, 3941, 4095, 4095, 349.3904, 18.3416, 330.7491, -4.335878, 4.854962, -0.03816794, 227.2684, 185.8766, 264.4391, -3.717557, 0.9007633, 2.320611],
[1859, 4095, 3907, 4095, 4095, 350.2766, 17.92685, 332.3133, -2.610687, 1.80916, -0.09160305, 227.0553, 184.7346, 265.4597, -1.320611, 1.099237, 2.022901],
[1878, 4095, 3903, 4095, 4095, 351.5325, 18.63739, 336.391, -1.442748, -1.381679, -2.198473, 227.3799, 185.1058, 265.1689, 1.022901, 1.244275, 1.732824],
[1892, 4095, 3919, 4095, 4095, 351.5057, 17.9118, 335.4198, -3.427481, 0.9312977, -0.8167939, 227.3505, 185.0811, 265.1868, -3.725191, 1.129771, 1.763359],
[1883, 4095, 3916, 4095, 4095, 351.6084, 18.67466, 336.6281, -3.198473, 0.4961832, -2.206107, 228.1354, 185.184, 265.2228, -2.450382, 2.793893, 1.946565],
[1871, 4095, 3921, 4095, 4095, 351.3952, 18.97166, 336.4456, -3.0, 2.564885, 1.282443, 227.4936, 183.7895, 266.3922, -4.038168, 1.114504, 0.7862596],
[1878, 4095, 3921, 4095, 4095, 350.4074, 17.92165, 332.6317, -2.931298, 1.305344, 0.1145038, 227.9627, 185.2584, 265.1273, -0.9541985, 1.450382, 1.412214],
[1876, 4095, 3923, 4095, 4095, 351.067, 18.60738, 335.1837, -2.10687, 1.480916, 0.9847328, 227.4812, 184.6862, 265.5699, -4.061069, 0.9923664, 0.778626],
[1855, 4095, 3923, 4095, 4095, 351.1093, 18.35071, 334.9655, -3.824427, 1.641221, -0.2137404, 227.6152, 184.5325, 265.7303, -4.236641, 1.725191, 0.6870229],
[1909, 4095, 3923, 4095, 4095, 350.8509, 19.67219, 335.9438, -2.29771, 2.083969, -0.4427481, 227.6178, 185.624, 264.7358, -2.954198, 1.412214, 1.938931],
[1903, 4095, 4095, 4095, 4095, 351.2718, 18.50026, 335.564, 0.02290076, 1.229008, 1.458015, 227.3968, 184.657, 265.5838, -2.412214, -0.9389313, 1.358779],
[1891, 4095, 3909, 4095, 4095, 351.089, 18.30538, 334.8562, -3.847328, 2.427481, 1.381679, 227.8088, 185.2516, 265.1076, -4.70229, 1.167939, 0.2519084],
[1872, 4095, 3927, 4095, 4095, 351.1798, 18.60488, 335.4625, -3.328244, 1.984733, -0.6641222, 227.9154, 184.8707, 265.4691, -1.70229, 1.961832, 1.816794],
[1901, 4095, 3875, 4095, 4095, 350.873, 18.56619, 334.6486, -2.732824, 1.839695, 0.4198473, 227.1884, 184.5566, 265.645, -2.282443, 1.0, 1.351145],
[1894, 4095, 3903, 4095, 4095, 351.92, 18.43775, 337.1445, -2.870229, 2.549618, 0.4427481, 226.9232, 185.0782, 265.1183, -3.954198, 0.6564885, 1.534351],
[1895, 4095, 3949, 4095, 4095, 351.7791, 18.07322, 336.3365, -3.160305, 2.29771, 0.1068702, 227.2742, 184.6271, 265.5928, -3.816794, 1.198473, 1.534351],
[1917, 4095, 3891, 4095, 4095, 350.7227, 18.59246, 334.3101, -3.656489, 1.847328, 0.4732824, 227.6085, 184.9577, 265.3417, -2.954198, 1.435114, 0.7633588],
[1905, 4095, 3921, 4095, 4095, 350.4141, 18.21863, 333.055, -4.458015, 2.625954, 0.8396947, 227.1853, 185.952, 264.3535, -2.51145, 1.206107, 0.4351145],
[1883, 4095, 3943, 4095, 4095, 350.9766, 17.99901, 334.1717, -2.717557, 2.29771, 0.09923664, 227.1971, 185.6569, 264.6288, -3.114504, 0.8931297, 1.091603],
[1898, 4095, 3899, 4095, 4095, 351.7081, 18.70806, 336.921, -3.282443, 2.160305, 0.8015267, 227.2188, 184.8329, 265.3942, -0.9312977, 0.5114504, 0.9923664],
[1882, 4095, 3919, 4095, 4095, 350.5512, 18.16997, 333.3295, -3.099237, 2.572519, -0.04580153, 227.5337, 184.3546, 265.8808, -2.19084, 0.9694656, 2.030534],
[1903, 4095, 3895, 4095, 4095, 350.7399, 18.43746, 334.1524, -4.748092, 2.732824, 0.0, 227.2828, 183.9968, 266.175, -2.954198, 1.877863, 0.8091603],
[1874, 4095, 3917, 4095, 4095, 350.7267, 18.2961, 333.9346, -3.343511, 1.755725, 0.4427481, 227.5851, 185.1076, 265.2012, -1.862595, 1.045802, 1.183206],
[1904, 4095, 3939, 4095, 4095, 350.5892, 18.49678, 333.857, -3.328244, 2.267176, 0.8931297, 227.4383, 183.9508, 266.2376, -1.801527, 1.954198, 1.0],
[1878, 4095, 3935, 4095, 4095, 350.4956, 18.83925, 334.071, -3.167939, 1.305344, -0.129771, 227.1889, 184.9828, 265.2508, -2.541985, 1.816794, 1.419847],
[1890, 4095, 3889, 4095, 4095, 350.1265, 18.92733, 333.2961, -3.167939, 2.534351, -0.2748091, 227.487, 183.4704, 266.6834, -1.801527, 1.977099, 1.778626],
[1904, 4095, 3915, 4095, 4095, 350.3011, 18.53702, 333.2043, -3.480916, 2.931298, -0.2213741, 226.8853, 184.867, 265.3094, -2.854962, 1.145038, 2.381679],
[1883, 4095, 3889, 4095, 4095, 351.1304, 18.43316, 335.1233, -2.007634, 1.557252, 0.5343512, 227.0271, 184.6878, 265.4988, -0.2900764, 0.1984733, 1.305344],
[1905, 4095, 3911, 4095, 4095, 350.6588, 17.76592, 333.0488, -2.480916, 1.732824, 0.1984733, 227.2684, 185.5534, 264.7374, -2.091603, 0.9770992, 1.137405],
[1905, 4095, 3923, 4095, 4095, 350.7198, 18.26241, 333.873, -2.366412, 0.8473283, 2.778626, 227.2151, 185.4284, 264.8433, -1.328244, -0.480916, 0.7099237],
[1725, 4095, 4095, 4095, 4095, 349.5269, 9.011309, 311.0282, -7.198473, 2.114504, -0.8396947, 225.1139, 193.844, 256.0945, -4.022901, -0.03053435, -0.4961832],
[1744, 4095, 4095, 4095, 4095, 348.5394, 8.627915, 307.1984, -5.679389, 2.984733, 1.816794, 225.0188, 194.5617, 255.3345, -6.08397, 0.610687, -1.931298],
[1757, 4095, 4095, 4095, 4095, 348.8481, 9.829407, 311.6816, -4.38168, 1.21374, -0.740458, 223.9601, 193.9379, 255.4522, -4.519084, 2.374046, 0.2671756],
[1739, 4095, 4095, 4095, 4095, 347.8523, 9.297692, 307.6146, -4.465649, 1.045802, 0.2900764, 224.166, 193.7259, 255.7686, -1.89313, 0.9160305, 0.3969466],
[1799, 4095, 4095, 4095, 4095, 347.7392, 9.06773, 306.6532, -2.89313, 0.5725191, -1.282443, 224.6715, 193.5009, 256.2334, -1.458015, 2.259542, 1.10687],
[1800, 4095, 4095, 4095, 4095, 348.2055, 9.395918, 308.7605, -2.320611, 1.152672, -0.06870229, 224.9537, 194.0802, 255.7839, -1.854962, 0.4961832, 1.21374],
[1765, 4095, 4095, 4095, 4095, 348.083, 10.19578, 310.7861, -4.435114, 1.801527, -0.3435115, 225.0386, 193.853, 256.0505, -2.564885, 2.725191, 1.603053],
[1806, 4095, 4095, 4095, 4095, 348.5329, 10.07472, 311.5726, -5.854962, 1.183206, -1.007634, 225.2265, 193.6834, 256.3057, -3.664122, 2.503817, 0.9007633],
[1798, 4095, 4095, 4095, 4095, 347.7762, 9.993644, 309.4702, -3.351145, 1.396947, -0.4656488, 225.5146, 192.645, 257.4565, -1.312977, 0.8015267, 1.068702],
[1803, 4095, 4095, 4095, 4095, 348.402, 9.788928, 310.414, -0.7480916, 0.7099237, 1.992366, 224.8778, 193.5703, 256.2585, -2.618321, -0.8931297, -0.03816794],
[1801, 4095, 4095, 4095, 4095, 348.4805, 9.94225, 311.0582, -1.725191, 2.206107, 2.0, 225.8453, 193.4637, 256.7998, -4.839694, -0.07633588, 0.3587786],
[1829, 4095, 4095, 4095, 4095, 348.221, 10.13195, 310.9476, -3.351145, 2.816794, -0.3282443, 225.0962, 192.5941, 257.3295, -3.885496, 1.541985, 1.503817],
[1833, 4095, 4095, 4095, 4095, 348.4661, 10.25124, 311.9025, -5.221374, 2.244275, -0.02290076, 224.7173, 192.2274, 257.5363, -2.374046, 1.732824, 1.038168],
[1821, 4095, 4095, 4095, 4095, 348.9777, 9.872905, 312.1521, -2.641221, 1.625954, 0.0610687, 225.3293, 193.8504, 256.1878, -2.587786, 1.0, 1.267176],
[1838, 4095, 4095, 4095, 4095, 348.4781, 10.02149, 311.2801, 0.2900764, 1.251908, -0.6870229, 224.6087, 193.4332, 256.2728, -0.3053435, 0.610687, 3.10687],
[1835, 4095, 4095, 4095, 4095, 348.8028, 10.80279, 314.2963, -4.335878, 2.29771, 0.4427481, 225.4548, 192.5125, 257.5615, -3.114504, 1.29771, 1.21374],
[1835, 4095, 4095, 4095, 4095, 348.7854, 10.20866, 312.6089, -2.396947, 0.7709923, 0.4885496, 225.5971, 193.4224, 256.73, -1.290076, 1.473282, 1.152672],
[1808, 4095, 4095, 4095, 4095, 348.7317, 10.31779, 312.776, -1.099237, 1.007634, 0.129771, 225.2738, 193.289, 256.7175, -2.610687, 0.9694656, 1.801527],
[1783, 4095, 4095, 4095, 4095, 349.3851, 9.997019, 313.6217, -3.198473, 1.900763, 0.5877862, 225.6693, 193.1612, 257.0173, -2.396947, 1.419847, 1.145038],
[1859, 4095, 4095, 4095, 4095, 350.034, 10.60801, 317.1989, -3.030534, 0.4427481, -1.221374, 225.4762, 192.735, 257.3518, -3.091603, 2.969466, 2.435115],
[1846, 4095, 4095, 4095, 4095, 348.9297, 10.22797, 313.0452, -2.473282, 0.8778625, -0.03816794, 225.8078, 193.1451, 257.0932, -2.59542, 1.053435, 1.51145],
[1839, 4095, 4095, 4095, 4095, 349.54, 11.29204, 317.5931, -4.351145, 2.78626, 0.1450382, 225.7852, 193.0671, 257.1593, -3.641221, 1.381679, 1.374046],
[1824, 4095, 4095, 4095, 4095, 349.8501, 10.45597, 316.2432, -5.236641, 3.030534, 0.2213741, 225.6412, 193.7531, 256.4262, -2.984733, 0.8778625, 0.6412213],
[1838, 4095, 4095, 4095, 4095, 349.7163, 10.2732, 315.3459, -5.08397, 2.458015, -0.610687, 225.3283, 192.0706, 257.9447, -3.40458, 1.587786, 1.374046],
[1841, 4095, 4087, 4095, 4095, 349.2494, 10.75554, 315.3704, -4.885496, 2.381679, 0.8244275, 225.2837, 192.6618, 257.3421, -3.618321, 1.267176, 0.9007633],
[1762, 4095, 4095, 4095, 4095, 349.0767, 10.48345, 314.1552, 0.6946565, -0.4732824, 0.9389313, 225.4921, 193.7935, 256.3186, -0.6412213, 0.2061069, 0.740458],
[1814, 4095, 4095, 4095, 4095, 349.3903, 10.91195, 316.1795, -2.687023, 1.030534, -0.9312977, 225.9214, 193.4275, 256.8686, -1.267176, 1.633588, 0.9541985],
[1811, 4095, 4095, 4095, 4095, 349.7205, 10.26955, 315.3476, -4.145038, 1.374046, -0.961832, 225.7319, 192.3824, 257.8038, -2.923664, 2.801527, 1.412214],
[1838, 4095, 4095, 4095, 4095, 349.0959, 10.42941, 314.0571, -3.70229, 2.114504, 1.374046, 225.434, 192.5154, 257.55, -3.465649, 0.3282443, 0.5496183],
[1879, 4095, 4095, 4095, 4095, 349.427, 10.33425, 314.7004, -4.229008, 2.458015, -0.1603053, 225.6158, 193.1142, 257.0399, -2.526718, 1.48855, 1.236641],
[1843, 4095, 4095, 4095, 4095, 349.6428, 10.56036, 315.9365, -4.70229, 2.29771, -0.4045802, 225.8026, 193.1316, 257.104, -2.045802, 2.21374, 1.358779],
[1835, 4095, 4095, 4095, 4095, 349.139, 10.59386, 314.6284, -4.259542, 2.129771, -0.1755725, 225.5812, 192.7898, 257.3427, -2.458015, 2.946565, 1.137405],
[1827, 4095, 4095, 4095, 4095, 349.3773, 9.695826, 312.7157, -3.091603, 1.519084, 0.3969466, 224.6709, 192.6058, 257.1354, -3.152672, 1.534351, 0.7251908],
[1821, 4095, 4095, 4095, 4095, 348.6436, 10.5364, 313.1538, -2.847328, 1.251908, 0.2061069, 225.6457, 192.8387, 257.3223, -2.755725, 1.442748, 1.496183],
[1814, 4095, 4085, 4095, 4095, 348.5269, 10.3637, 312.3735, -4.038168, 2.496183, 0.4045802, 225.3789, 192.9061, 257.1417, -3.664122, 1.541985, 1.671756],
[1846, 4095, 4095, 4095, 4095, 348.8972, 10.83628, 314.6365, -4.137404, 2.496183, -0.6335878, 225.4519, 192.6438, 257.4312, -2.725191, 2.183206, 2.152672],
[1814, 4095, 4095, 4095, 4095, 349.2567, 10.80793, 315.5321, -0.389313, 0.9236641, 0.5343512, 224.9065, 193.1078, 256.7344, -0.8931297, 0.4351145, 1.198473],
[1862, 4095, 4095, 4095, 4095, 348.9332, 11.01375, 315.2056, -1.854962, 1.282443, 1.229008, 225.8877, 193.4348, 256.8466, -1.709924, 0.4122138, 1.267176],
[1827, 4095, 4095, 4095, 4095, 349.1485, 10.7852, 315.175, -2.374046, 1.778626, -0.961832, 225.4877, 193.1866, 256.913, -3.175573, 1.282443, 1.694656],
[1879, 4095, 4095, 4095, 4095, 349.2013, 10.71823, 315.1377, -3.442748, 2.450382, 1.160305, 225.9587, 192.7788, 257.513, -4.541985, 0.3206107, 0.2366412],
[1829, 4095, 4095, 4095, 4095, 348.9478, 10.4294, 313.659, -3.954198, 1.21374, 0.6641222, 225.8604, 193.2436, 257.0203, -3.78626, 0.6335878, 0.3282443],
[1806, 4095, 4093, 4095, 4095, 348.8579, 10.3956, 313.3257, -2.832061, 3.725191, 0.7709923, 224.5949, 192.6138, 257.0944, -2.862595, 0.129771, 1.732824],
[1843, 4095, 4079, 4095, 4095, 349.2357, 11.20647, 316.5286, -8.343512, 4.229008, -0.5114504, 225.4066, 192.7127, 257.3442, -4.320611, 0.05343511, 1.068702],
[1821, 4095, 4095, 4095, 4095, 349.1526, 9.88975, 312.6718, -2.007634, 1.099237, 0.259542, 225.8403, 192.8402, 257.4035, -1.732824, 0.5954198, 0.8625955],
[1835, 4095, 4095, 4095, 4095, 348.4333, 10.69149, 313.036, -2.656489, 0.389313, 0.2900764, 225.2593, 194.0366, 255.9712, -2.618321, 2.053435, 0.4045802],
[1842, 4095, 4095, 4095, 4095, 348.3737, 10.37648, 312.0182, -3.320611, 3.0, 0.1526718, 225.581, 193.6294, 256.5201, -2.19084, 1.793893, 1.931298],
[1834, 4095, 4093, 4095, 4095, 348.0102, 10.64186, 311.8409, -0.778626, 0.9465649, 1.694656, 225.8917, 193.5836, 256.704, -2.633588, 0.1908397, 0.8473283],
[1831, 4095, 4095, 4095, 4095, 349.7548, 10.4688, 316.0039, -1.290076, 2.954198, 1.267176, 226.0839, 193.7681, 256.6115, -0.7557252, -0.5496183, 1.679389],
[1897, 4095, 4071, 4095, 4095, 351.2055, 11.83057, 323.9047, -3.015267, 4.923664, 2.335878, 224.0571, 187.9683, 261.6381, -4.442748, -0.1755725, 1.389313],
[1888, 4095, 4047, 4095, 4095, 351.6787, 11.87744, 325.5401, -2.343511, 1.969466, -0.04580153, 224.6091, 188.3587, 261.3996, -1.954198, 0.6030535, 1.045802],
[1883, 4095, 4077, 4095, 4095, 351.4552, 11.32138, 323.4835, -2.824427, 3.358779, -0.5725191, 223.9183, 189.3696, 260.1493, -3.450382, 2.366412, 2.10687],
[1946, 4095, 4029, 4095, 4095, 352.1373, 11.9114, 327.1457, -1.351145, 0.04580153, -0.4198473, 224.1444, 188.352, 261.2691, -3.244275, 2.465649, 1.152672],
[1903, 4095, 4039, 4095, 4095, 352.2546, 11.88458, 327.485, -3.152672, 1.206107, -0.2366412, 223.5681, 188.3506, 261.0972, -4.603054, 2.419847, 1.21374],
[1870, 4095, 4051, 4095, 4095, 351.8636, 10.80053, 323.5421, -4.625954, 2.076336, 0.09923664, 224.1769, 187.748, 261.8981, -4.015267, 1.89313, 1.381679],
[1903, 4095, 4063, 4095, 4095, 352.0727, 12.36575, 327.9223, -1.206107, 0.9847328, 0.2900764, 224.2896, 188.2293, 261.4376, -2.198473, 0.7022901, 1.251908],
[1943, 4095, 4021, 4095, 4095, 351.2734, 12.13392, 324.8214, -5.267176, 3.183206, -1.885496, 225.094, 187.405, 262.4891, -2.793893, 1.732824, 2.908397],
[1879, 4095, 4035, 4095, 4095, 351.7016, 12.2332, 326.416, -3.290076, 1.427481, 0.648855, 224.5707, 188.3076, 261.44, -2.274809, 0.9007633, 1.114504],
[1910, 4095, 4049, 4095, 4095, 351.5932, 11.68942, 324.8222, -2.282443, 1.938931, -0.4274809, 224.5995, 188.5813, 261.1718, -2.664122, 0.6412213, 1.877863],
[1936, 4095, 4095, 4095, 4095, 351.6161, 12.07121, 325.777, -2.022901, 1.938931, 1.351145, 224.6154, 188.5861, 261.1717, -2.900763, 0.7480916, 1.259542],
[1914, 4095, 4039, 4095, 4095, 351.9103, 12.23973, 327.1133, -4.557252, 2.671756, -0.351145, 224.8416, 188.1365, 261.6904, -3.427481, 1.740458, 1.427481],
[1936, 4095, 4077, 4095, 4095, 352.2913, 11.873, 327.5848, -3.557252, 1.320611, -0.9312977, 224.438, 188.5782, 261.1263, -3.167939, 2.687023, 1.358779],
[1916, 4095, 4071, 4095, 4095, 351.9327, 11.66447, 325.8917, -4.412214, 0.9007633, -1.312977, 224.4488, 188.3733, 261.3377, -3.183206, 2.824427, 1.129771],
[1919, 4095, 4083, 4095, 4095, 351.9867, 12.08109, 327.0178, -2.847328, 3.717557, 0.7709923, 225.474, 187.6375, 262.3577, -1.870229, -1.175573, 2.19084],
[1895, 4095, 4063, 4095, 4095, 351.8211, 11.88886, 326.0357, -3.854962, 3.687023, 0.9312977, 224.8975, 188.2244, 261.6183, -2.78626, 0.08396947, 1.419847],
[1885, 4095, 4043, 4095, 4095, 351.3745, 12.486, 325.9246, -3.70229, 1.80916, 1.877863, 224.8878, 188.8451, 260.9939, -0.3053435, 0.5343512, -0.07633588],
[1890, 4095, 4027, 4095, 4095, 351.7246, 12.08027, 326.1507, -2.992366, 3.114504, 0.1450382, 224.3723, 187.9519, 261.7443, -4.068702, 0.8854962, 1.290076],
[1923, 4095, 4059, 4095, 4095, 352.1652, 12.59126, 328.7028, -2.832061, 2.923664, 0.8244275, 225.245, 189.0224, 260.9275, -1.549618, 1.10687, 0.7557252],
[1919, 4095, 4071, 4095, 4095, 352.5623, 11.61173, 327.941, -3.687023, 2.038168, 0.3282443, 225.2519, 188.9579, 260.9934, -4.114504, 0.7328244, 1.625954],
[1873, 4095, 4049, 4095, 4095, 352.1376, 11.66335, 326.5836, -4.89313, 3.51145, 0.3358779, 225.2312, 188.1838, 261.7534, -3.496183, 2.083969, 1.175573],
[1937, 4095, 4048, 4095, 4095, 351.2528, 12.4204, 325.3986, -2.564885, 2.496183, 2.389313, 224.9906, 187.9146, 261.954, -2.343511, 0.03053435, 0.8244275],
[1894, 4095, 4055, 4095, 4095, 350.7614, 12.62231, 324.3365, -3.473282, 2.503817, 0.1755725, 224.8693, 188.5258, 261.3082, -1.076336, 1.167939, 1.206107],
[1894, 4095, 4061, 4095, 4095, 352.2941, 11.49388, 326.7307, -4.610687, 4.442748, -1.648855, 224.6392, 188.0636, 261.7064, -4.091603, -0.4045802, 3.564885],
[1904, 4095, 4063, 4095, 4095, 351.9794, 11.54727, 325.7754, -4.274809, 4.198473, 0.2900764, 225.1196, 187.788, 262.115, -2.320611, 0.1450382, 2.198473],
[1923, 4095, 4069, 4095, 4095, 351.4919, 12.02735, 325.2759, -3.801527, 1.320611, -0.1984733, 224.9534, 187.893, 261.9653, -2.694656, 2.320611, 1.236641],
[1920, 4095, 4071, 4095, 4095, 351.6216, 11.71726, 324.9809, -5.29771, 0.7633588, -0.01526718, 224.7763, 187.8634, 261.9463, -4.40458, 2.442748, 0.4503817],
[1943, 4095, 4075, 4095, 4095, 351.3998, 12.01938, 324.962, -2.465649, 1.129771, 0.778626, 224.8414, 188.142, 261.6848, -1.740458, 0.610687, 0.8931297],
[1950, 4095, 4031, 4095, 4095, 351.244, 11.91396, 324.2222, -3.549618, 1.0, -1.0, 225.0932, 188.2707, 261.6281, -2.007634, 1.755725, 1.374046],
[1902, 4095, 4047, 4095, 4095, 351.1157, 11.93771, 323.8723, -3.793893, 1.877863, -0.3664122, 224.4414, 187.9603, 261.7552, -3.633588, 1.770992, 1.282443],
[1931, 4095, 4015, 4095, 4095, 351.3874, 12.89699, 326.8425, -4.183206, 3.099237, 1.305344, 224.6374, 188.1697, 261.5987, -3.656489, 0.5801527, 0.9847328],
[1938, 4095, 4083, 4095, 4095, 351.3084, 11.8037, 324.1694, -2.206107, 2.198473, 0.740458, 224.9065, 188.3473, 261.4979, -2.335878, 1.167939, 1.618321],
[1952, 4095, 4007, 4095, 4095, 350.8593, 11.85478, 322.8784, -4.053435, 1.832061, 0.4732824, 224.6529, 187.6052, 262.1729, -2.633588, 1.381679, 0.5267176],
[1925, 4095, 4063, 4095, 4095, 350.6418, 11.37287, 321.0324, -3.78626, 2.038168, 0.519084, 224.4702, 187.5496, 262.1803, -3.938931, 0.7480916, 1.045802],
[1926, 4095, 4083, 4095, 4095, 350.4874, 11.72464, 321.4321, -4.114504, 2.526718, -0.4656488, 224.6912, 188.3196, 261.4631, -4.374046, 2.717557, 1.59542],
[1923, 4095, 4095, 4095, 4095, 349.7013, 11.44659, 318.4428, -1.358779, 3.022901, 0.9541985, 224.6429, 187.951, 261.8211, -1.610687, -0.5572519, 1.854962],
[1955, 4095, 4055, 4095, 4095, 350.5089, 11.75477, 321.5701, -4.694656, 3.442748, 1.78626, 224.1266, 187.9391, 261.6879, -3.763359, 0.2137404, 0.259542],
[1904, 4095, 4037, 4095, 4095, 350.5372, 11.93632, 322.0907, -1.885496, 2.625954, 0.7480916, 224.6815, 188.2911, 261.489, -2.503817, 0.5496183, 1.648855],
[1950, 4095, 4071, 4095, 4095, 350.2007, 11.39791, 319.7669, -2.709924, 1.709924, 0.7709923, 224.6835, 187.295, 262.4939, -3.549618, 1.045802, 0.5801527],
[1941, 4095, 4081, 4095, 4095, 350.4947, 12.36377, 322.9595, -5.198473, 2.534351, -0.2290076, 225.2526, 188.1481, 261.7947, -2.832061, 1.748092, 0.6793893],
[1923, 4095, 4071, 4095, 4095, 351.2417, 11.76607, 323.8674, -3.053435, 2.465649, -0.5954198, 224.9067, 187.3742, 262.4716, -3.374046, 1.694656, 2.145038],
[1919, 4095, 4094, 4095, 4095, 350.0779, 10.88614, 318.0779, -3.381679, 1.29771, 0.3129771, 224.7757, 188.4473, 261.3593, -3.442748, 1.251908, 1.068702],
[1915, 4095, 4067, 4095, 4095, 350.621, 11.62733, 321.5992, -2.129771, 2.229008, 0.1755725, 224.4526, 187.623, 262.1011, -1.946565, 0.8931297, 1.839695],
[1957, 4095, 4047, 4095, 4095, 350.4492, 11.42522, 320.5779, -3.709924, 2.496183, 0.3969466, 224.9441, 187.5293, 262.3262, -2.473282, 1.160305, 0.9847328],
[1946, 4095, 4031, 4095, 4095, 350.1186, 12.09411, 321.2277, -2.419847, 1.923664, -0.06870229, 224.7457, 187.9425, 261.8583, -2.679389, 1.633588, 1.175573],
[1930, 4095, 4085, 4095, 4095, 350.9549, 11.62062, 322.6138, -3.267176, 2.274809, 1.083969, 225.5524, 188.1434, 261.8828, -3.40458, 1.053435, 0.6717557],
[1918, 4095, 4067, 4095, 4095, 350.5562, 11.04905, 319.9435, -3.839695, 1.824428, -0.05343511, 225.0549, 187.3662, 262.5176, -3.374046, 1.389313, 1.175573],
[1913, 4095, 4078, 4095, 4095, 350.7204, 11.66827, 322.0029, -2.824427, 1.931298, -0.1603053, 224.4092, 187.718, 261.9927, -1.618321, 1.175573, 1.80916],
[1914, 4095, 3959, 4095, 4095, 350.0699, 7.543871, 307.5578, -2.740458, 1.083969, 0.7709923, 223.9566, 190.0702, 259.4389, -6.099236, -0.351145, 0.2748091],
[1847, 4095, 4015, 4095, 4095, 350.7426, 8.381123, 312.5597, -2.748092, 4.496183, -0.5038168, 223.2856, 189.6532, 259.6358, -1.038168, -0.1832061, 3.427481],
[1883, 4095, 3981, 4095, 4095, 350.5414, 8.740417, 313.1348, -3.793893, 0.1450382, -1.061069, 223.6731, 189.0521, 260.3978, -2.015267, 1.961832, 0.9541985],
[1888, 4095, 3984, 4095, 4095, 350.3039, 8.992962, 313.2271, -5.541985, 2.335878, 0.1679389, 223.4551, 189.8194, 259.5209, -3.687023, 0.8473283, 0.7251908],
[1883, 4095, 3991, 4095, 4095, 351.8293, 8.982524, 318.2051, -4.91603, 0.4503817, -0.03816794, 224.4606, 190.5378, 259.1432, -1.755725, 1.954198, 0.5343512],
[1872, 4095, 3931, 4095, 4095, 350.5465, 9.41462, 315.2936, -4.290076, 2.358779, 1.068702, 223.3925, 188.9771, 260.3845, -3.267176, 1.328244, 1.076336],
[1930, 4095, 3995, 4095, 4095, 349.9866, 9.832358, 314.8583, -0.04580153, 2.137405, 4.015267, 223.3454, 190.1737, 259.1087, -2.633588, -1.343511, 0.3282443],
[1904, 4095, 3999, 4095, 4095, 349.7116, 10.16451, 315.0238, -4.687023, 2.908397, 0.5114504, 224.0471, 189.5086, 260.0493, -2.748092, 1.625954, 0.4580153],
[1899, 4095, 3999, 4095, 4095, 348.1771, 9.01553, 307.5314, -2.29771, -0.832061, -2.290076, 223.6586, 190.1749, 259.2226, -5.40458, 2.671756, 2.473282],
[1942, 4095, 3967, 4095, 4095, 349.665, 9.06258, 311.5785, -2.618321, 2.854962, -0.05343511, 223.6794, 189.5214, 259.9109, -4.541985, 0.1450382, 1.076336],
[1898, 4095, 4011, 4095, 4095, 349.3085, 11.84643, 318.3443, -1.89313, 2.160305, -1.167939, 223.5529, 189.1045, 260.3036, -4.473282, 2.641221, 1.770992],
[1926, 4095, 3985, 4095, 4095, 349.8845, 10.48607, 316.4263, -3.473282, 2.244275, 1.847328, 223.494, 188.6662, 260.7437, -3.801527, 0.6870229, 0.5496183],
[1935, 4095, 3997, 4095, 4095, 350.4707, 9.951854, 316.6641, -1.312977, -0.6412213, 1.923664, 223.6356, 189.4533, 259.9669, -2.458015, 0.2213741, -0.3053435],
[1904, 4095, 4059, 4095, 4095, 349.7195, 10.28764, 315.3957, -1.641221, -0.6030535, 1.549618, 223.4404, 189.1145, 260.2559, -2.442748, 3.580153, -0.4274809],
[1920, 4095, 4069, 4095, 4095, 348.4914, 9.443336, 309.6149, 0.6259542, 3.580153, -0.9847328, 223.2812, 188.5004, 260.8514, -1.984733, 1.419847, 4.167939],
[1936, 4095, 4063, 4095, 4095, 348.2136, 10.14102, 310.9549, -2.0, 2.854962, -0.1908397, 223.5905, 190.1457, 259.2281, -3.89313, 2.282443, 1.770992],
[1931, 4095, 4051, 4095, 4095, 349.4514, 9.986336, 313.7752, -3.259542, 1.374046, -1.381679, 223.7742, 188.9556, 260.5311, -1.206107, 2.0, 2.70229],
[1936, 4095, 4055, 4095, 4095, 349.4352, 10.56708, 315.3704, -11.12977, 0.5343512, 1.19084, 223.6581, 187.9716, 261.5199, -3.625954, -0.6564885, -1.854962],
[1931, 4095, 4039, 4095, 4095, 348.8259, 13.57965, 321.0189, 0.3206107, 10.0458, 3.099237, 223.5673, 188.9927, 260.4253, -4.274809, 1.603053, 1.763359],
[1925, 4095, 4015, 4095, 4095, 349.4397, 10.84557, 316.1397, -0.2824428, 1.099237, -2.358779, 223.8476, 188.3673, 261.1644, -1.770992, 3.870229, 3.40458],
[1954, 4095, 4049, 4095, 4095, 349.4006, 10.03127, 313.7637, -2.083969, 4.816794, -1.442748, 223.76, 187.5705, 261.9665, -2.206107, 2.259542, 3.229008],
[1895, 4095, 4031, 4095, 4095, 348.6898, 9.744324, 311.0185, -3.160305, 1.435114, 0.007633588, 223.1982, 188.647, 260.6702, -1.59542, 1.656489, 1.274809],
[1913, 4095, 4031, 4095, 4095, 348.7194, 11.82208, 316.707, -2.366412, 1.21374, -1.709924, 224.3436, 187.4536, 262.2444, 0.9160305, 1.748092, 1.183206],
[1920, 4095, 4047, 4095, 4095, 349.1714, 10.01, 313.0723, -2.732824, 3.496183, 5.236641, 224.2657, 189.3399, 260.2954, -0.2824428, -3.519084, -1.381679],
[1950, 4095, 4039, 4095, 4095, 348.4116, 10.5995, 312.7299, -3.748092, 1.396947, -1.709924, 223.8483, 188.471, 261.0572, -3.496183, 3.961832, 2.847328],
[1943, 4095, 4051, 4095, 4095, 349.8943, 10.50627, 316.5109, -1.618321, 0.7099237, -1.175573, 224.5316, 188.3256, 261.4104, -1.854962, 1.465649, 1.030534],
[1951, 4095, 4049, 4095, 4095, 349.176, 9.996062, 313.0444, -4.129771, 1.435114, 1.145038, 224.7661, 188.6746, 261.128, -2.19084, 1.290076, -0.7328244],
[1949, 4095, 4054, 4095, 4095, 349.5464, 11.03001, 316.9288, -6.519084, 3.824427, 1.717557, 225.607, 188.9273, 261.1317, -3.366412, 0.8396947, -0.519084],
[1935, 4095, 3989, 4095, 4095, 349.0238, 11.2951, 316.1835, -4.748092, 4.801527, -1.557252, 224.4198, 188.8028, 260.8923, -2.877863, 3.183206, 2.664122],
[1933, 4095, 4059, 4095, 4095, 348.5842, 9.283703, 309.3663, -1.557252, 1.717557, -2.061069, 224.1896, 189.5778, 260.0265, -2.977099, 2.366412, 3.053435],
[1936, 4095, 4039, 4095, 4095, 347.0224, 10.6696, 309.5889, 1.625954, -5.198473, 1.167939, 225.0647, 188.8943, 260.9992, -1.984733, 0.5954198, 0.2900764],
[1923, 4095, 4031, 4095, 4095, 349.3372, 11.5878, 317.7813, 0.3969466, 2.122137, 2.251908, 225.219, 188.8464, 261.0938, -2.122137, 0.3129771, 1.603053],
[1926, 4095, 4031, 4095, 4095, 349.8189, 10.44731, 316.1289, -2.129771, 0.7022901, -0.1984733, 224.8307, 188.3521, 261.4711, -4.175572, 1.137405, 1.450382],
[1935, 4095, 4031, 4095, 4095, 348.4587, 10.76162, 313.2907, -2.0, 0.7251908, 0.9312977, 224.8216, 188.519, 261.3009, -3.580153, 1.030534, 1.152672],
[1942, 4095, 4015, 4095, 4095, 349.0074, 11.40234, 316.4151, -3.450382, 3.48855, 0.4045802, 224.5704, 188.8238, 260.9177, -3.29771, 0.5496183, 2.022901],
[1886, 4095, 4051, 4095, 4095, 350.1517, 10.7133, 317.8332, -4.732824, 2.977099, 1.152672, 225.0272, 189.1829, 260.7, -3.618321, -0.4198473, 0.2824428],
[1921, 4095, 4049, 4095, 4095, 349.0584, 9.75416, 312.0193, -4.236641, 1.167939, -1.801527, 224.9817, 190.1155, 259.7547, -2.030534, 2.770992, 1.48855],
[1863, 4095, 4055, 4095, 4095, 348.9146, 10.07433, 312.5672, -1.824428, 1.015267, -0.3969466, 225.2072, 189.2529, 260.6876, -2.916031, 1.687023, 1.946565],
[1917, 4095, 4079, 4095, 4095, 348.6209, 10.04354, 311.7098, -5.557252, 3.290076, -0.6564885, 225.01, 189.7449, 260.1342, -5.389313, 1.633588, 0.6259542],
[1921, 4095, 4047, 4095, 4095, 348.368, 9.226489, 308.6483, -2.839695, 1.412214, 0.6641222, 225.1773, 189.931, 260.0055, -4.206107, 0.648855, 0.9389313],
[1917, 4095, 4029, 4095, 4095, 348.6628, 9.487258, 310.1842, -1.305344, 1.839695, 0.5419847, 225.32, 189.0129, 260.9601, -1.19084, 0.4427481, 2.358779],
[1936, 4095, 4039, 4095, 4095, 349.6075, 10.58597, 315.907, -5.847328, 2.89313, -1.022901, 224.8408, 189.8369, 259.985, -4.732824, 1.923664, 1.022901],
[1950, 4095, 4011, 4095, 4095, 348.9559, 9.675211, 311.5119, -4.961832, 2.717557, 0.6259542, 224.2726, 189.5371, 260.0962, -5.541985, 2.022901, 1.045802],
[1940, 4095, 3999, 4095, 4095, 348.6181, 9.443336, 309.9373, -1.244275, 2.229008, 1.068702, 225.1435, 189.5883, 260.3342, -2.671756, 1.030534, 1.229008],
[1920, 4095, 4047, 4095, 4095, 348.8216, 9.642451, 311.0605, -3.40458, 1.419847, 0.8091603, 224.3232, 189.6471, 260.001, -3.740458, 1.152672, 1.053435],
[1959, 4095, 4055, 4095, 4095, 348.244, 9.580128, 309.4049, -3.358779, 1.671756, 1.274809, 224.4495, 189.559, 260.1333, -2.908397, 1.709924, 0.4503817],
[1937, 4095, 4023, 4095, 4095, 349.0832, 10.03384, 312.9021, -1.687023, 1.335878, 0.9389313, 224.8022, 189.7551, 260.0539, -1.465649, 0.7557252, 1.022901],
[1946, 4095, 4053, 4095, 4095, 348.2845, 9.305766, 308.6829, -4.59542, 1.167939, -0.7938931, 224.4815, 189.456, 260.2485, -4.48855, 1.916031, 0.9694656],
[1895, 4095, 4063, 4095, 4095, 348.8219, 9.174016, 309.6403, -1.923664, 2.29771, 0.870229, 223.948, 189.4855, 260.0396, -2.221374, 0.4274809, 1.19084],
[1922, 4095, 4081, 4095, 4095, 349.0142, 9.181325, 310.1679, -2.755725, 1.549618, 0.4885496, 223.9798, 189.2041, 260.3407, -2.282443, 1.450382, 1.122137],
[1891, 4095, 4031, 4095, 4095, 349.0155, 9.552559, 311.3044, -2.435115, 1.221374, 0.1755725, 223.8391, 189.0594, 260.4443, -2.984733, 1.854962, 1.053435],
[1872, 4095, 4071, 4095, 4095, 348.1241, 9.037388, 307.4708, -3.679389, 1.908397, 0.2748091, 224.3808, 190.071, 259.5891, -2.335878, 1.564886, 1.145038],
[1943, 4095, 4095, 4095, 4095, 348.6868, 9.067183, 308.9607, -4.137404, 2.664122, -0.01526718, 223.9509, 188.9253, 260.6192, -2.862595, 0.5343512, 1.343511],
[1930, 4095, 4051, 4095, 4095, 348.9423, 8.278689, 307.0726, -2.801527, 1.824428, 0.0610687, 224.2173, 189.0274, 260.5993, -2.503817, 1.305344, 1.778626],
[1915, 4095, 4095, 4095, 4095, 348.8316, 8.807796, 308.5152, -2.137405, 1.083969, 0.7328244, 223.6582, 189.1611, 260.2793, -2.839695, 0.5648855, 0.7022901],
[1915, 4095, 4031, 4095, 4095, 349.1781, 8.655402, 308.933, -4.396946, 1.572519, -0.2366412, 224.3736, 189.6698, 259.9951, -2.160305, 1.717557, 0.7480916],
[1928, 4095, 4063, 4095, 4095, 349.2861, 9.513706, 311.9184, -3.129771, 1.862595, -0.2213741, 224.0525, 189.2659, 260.3009, -1.435114, 2.083969, 1.557252],
[1922, 4095, 4063, 4095, 4095, 348.8999, 7.958986, 305.8821, -3.70229, 1.267176, 0.3358779, 223.4335, 189.2125, 260.1507, -4.435114, 1.740458, 1.717557],
[1909, 4095, 4048, 4095, 4095, 348.6043, 7.423364, 303.2882, -1.80916, 1.78626, 1.305344, 222.9361, 189.1885, 260.0081, -3.534351, 0.2824428, 3.152672],
[1935, 4095, 4087, 4095, 4095, 348.8106, 8.391669, 307.111, -3.526718, 1.59542, 0.3664122, 224.3289, 189.5042, 260.1486, 0.7480916, -0.02290076, 1.427481],
[1946, 4095, 4047, 4095, 4095, 350.1467, 10.34215, 316.797, -2.832061, 2.923664, 1.358779, 224.2767, 190.3525, 259.2647, -0.5648855, 0.9694656, 1.435114],
[1921, 4095, 4071, 4095, 4095, 349.2318, 8.971267, 310.0916, -3.320611, 1.78626, -2.480916, 224.1446, 189.6996, 259.8863, -1.320611, 3.007634, 2.931298],
[1903, 4095, 4055, 4095, 4095, 349.2764, 9.443665, 311.6797, -2.679389, -0.3282443, 0.8396947, 224.4839, 189.0942, 260.6164, -1.099237, 1.770992, 0.7862596],
[1963, 4095, 4077, 4095, 4095, 349.7948, 8.381095, 309.7204, -8.564885, 3.206107, -0.5954198, 224.8225, 191.0406, 258.771, -4.763359, 1.083969, 0.3435115],
[1936, 4095, 4071, 4095, 4095, 348.7293, 8.047007, 305.7539, -6.259542, 4.198473, -1.305344, 225.0946, 190.9041, 259.0097, -5.19084, 0.5267176, 1.725191],
[1919, 4095, 4063, 4095, 4095, 349.7071, 8.982906, 311.4453, -1.419847, 1.366412, -1.824428, 224.0505, 188.8755, 260.7022, -1.526718, 2.770992, 3.061069],
[1931, 4095, 4059, 4095, 4095, 348.262, 8.70737, 306.7713, -3.267176, -0.1832061, 0.740458, 224.6329, 190.1225, 259.6257, -1.946565, 1.801527, -0.1068702],
[1954, 4095, 4063, 4095, 4095, 347.963, 9.282187, 307.8308, -1.725191, -1.206107, 0.2671756, 223.9259, 189.0988, 260.4318, -1.183206, 1.938931, 0.8549618],
[1947, 4095, 4063, 4095, 4095, 347.815, 8.771032, 305.913, -3.610687, 1.70229, -0.2137404, 224.451, 189.558, 260.1348, -2.175573, -0.007633588, 1.442748],
[1927, 4095, 4087, 4095, 4095, 348.8483, 9.885651, 311.8466, -3.923664, 4.19084, 1.335878, 224.1872, 188.7532, 260.8707, -1.152672, 0.4961832, 1.816794],
[1939, 4095, 4061, 4095, 4095, 349.3702, 8.399948, 308.607, -0.4656488, 1.427481, 1.603053, 223.204, 188.1922, 261.1538, -4.419847, 0.2824428, 1.022901],
[1942, 4095, 4039, 4095, 4095, 348.3605, 10.00568, 310.9369, 1.984733, -0.4351145, -2.908397, 223.8671, 188.2027, 261.3408, -3.954198, 5.145038, 3.0],
[1920, 4095, 4049, 4095, 4095, 347.5981, 8.951868, 305.9742, -8.916031, 4.870229, 4.145038, 225.1106, 188.5418, 261.3635, -7.320611, 0.1755725, -2.664122],
[1916, 4095, 4063, 4095, 4095, 348.5733, 8.473378, 306.7823, 2.526718, 1.305344, 0.389313, 223.8343, 188.6089, 260.9098, -0.6641222, 0.9770992, 3.480916],
[1927, 4095, 4079, 4095, 4095, 348.2293, 8.55715, 306.2129, -2.870229, 2.206107, 0.3740458, 224.3085, 189.0965, 260.5579, -3.458015, 1.732824, 0.9694656],
[1967, 4095, 4047, 4095, 4095, 347.7435, 9.36966, 307.5738, -6.885496, 3.618321, -1.732824, 223.8949, 188.0278, 261.5301, -3.458015, 3.061069, 1.389313],
[1989, 4095, 4043, 4095, 4095, 347.6002, 8.595551, 304.8726, -1.51145, 2.274809, 1.099237, 224.4186, 189.6197, 260.0612, -2.328244, -1.137405, 1.137405],
[1985, 4095, 4035, 4095, 4095, 347.285, 8.324373, 303.3223, -2.465649, 2.656489, -0.3816794, 224.0825, 189.7614, 259.8015, -4.801527, 0.8473283, 1.854962],
[1968, 4095, 4071, 4095, 4095, 347.613, 8.747275, 305.3762, -3.496183, 1.251908, -1.0, 224.0216, 188.5561, 261.0221, -2.374046, 2.633588, 0.778626],
[1941, 4095, 4053, 4095, 4095, 348.0239, 8.543406, 305.6813, -2.954198, 2.015267, 0.129771, 223.8572, 189.2832, 260.2184, -3.770992, 1.175573, 1.641221],
[1937, 4095, 4077, 4095, 4095, 347.6439, 8.674446, 305.2189, -3.587786, 1.633588, -0.5877862, 223.3087, 189.1739, 260.1494, -3.687023, 1.274809, 1.610687],
[1968, 4095, 4031, 4095, 4095, 347.8312, 8.127131, 303.8904, -3.274809, 1.045802, -2.732824, 224.4832, 189.8532, 259.8461, -5.114504, 3.19084, 2.465649],
[1950, 4095, 4031, 4095, 4095, 348.057, 8.192364, 304.6218, -5.099236, 2.870229, -0.3435115, 224.3629, 189.2943, 260.3739, -0.1068702, 3.664122, 1.564886],
[1972, 4095, 4077, 4095, 4095, 348.781, 8.558243, 307.5814, -3.961832, 3.160305, 0.1221374, 224.3925, 189.0208, 260.662, -2.259542, 1.19084, 2.580153],
[1902, 4095, 4095, 4095, 4095, 346.9757, 7.250998, 299.1765, -1.458015, 2.717557, 2.183206, 223.9591, 190.051, 259.4596, -1.625954, 0.2366412, 1.175573],
[1950, 4095, 4067, 4095, 4095, 347.6969, 7.867004, 302.733, -2.526718, 1.748092, -0.1984733, 223.894, 188.9539, 260.5713, -2.854962, 0.6717557, 1.70229],
[2122, 4095, 4095, 4095, 4095, 347.7664, 8.109385, 303.6865, -6.48855, 3.183206, 0.2977099, 224.3333, 189.3665, 260.2906, -4.312977, 1.320611, 1.534351],
[1927, 4095, 4063, 4095, 4095, 348.1022, 8.143756, 304.5671, -4.061069, 3.435115, 0.09160305, 224.5228, 189.5594, 260.1575, -2.038168, 0.9847328, 1.503817],
[1941, 4095, 4059, 4095, 4095, 348.1586, 7.435208, 302.2945, -4.458015, 2.396947, 0.2748091, 223.6881, 189.206, 260.2424, -4.679389, 0.7709923, 1.29771],
[1995, 4095, 4055, 4095, 4095, 347.9031, 7.043946, 300.357, -3.900763, 3.335878, 1.21374, 223.7313, 189.4563, 259.9963, -3.358779, 1.618321, 0.5954198],
[1916, 4095, 4071, 4095, 4095, 347.6681, 7.125191, 300.1448, -2.938931, 1.923664, -1.450382, 223.9408, 190.0497, 259.4545, -2.160305, 2.824427, 2.145038],
[1942, 4095, 4079, 4095, 4095, 347.8332, 7.876594, 303.0669, -2.21374, 2.618321, 0.2824428, 223.6961, 189.5574, 259.8791, -3.229008, 0.832061, 1.916031],
[1970, 4095, 4095, 4095, 4095, 347.8054, 7.405755, 301.4102, -2.145038, 0.5419847, -0.8244275, 223.9521, 188.8915, 260.6544, -3.885496, 1.717557, 2.0],
[1921, 4095, 4083, 4095, 4095, 347.7206, 5.929123, 295.9053, -2.343511, 0.351145, 1.0, 223.9972, 189.4893, 260.0523, -3.877863, 1.725191, 0.7022901],
[2003, 4095, 4095, 4095, 4095, 347.1808, 6.845269, 298.1874, -2.679389, 1.29771, 1.450382, 223.8245, 190.7116, 258.7267, -2.267176, 0.3816794, 0.03053435],
[1931, 4095, 4043, 4095, 4095, 347.5791, 7.715922, 301.9735, -3.717557, 1.389313, 0.7480916, 223.6374, 189.5326, 259.8848, -1.961832, 1.40458, 1.076336],
[1841, 4095, 4027, 4095, 4095, 346.259, 6.711633, 296.0469, -2.137405, 2.145038, 4.832061, 221.571, 188.7165, 260.0595, -1.832061, -0.7633588, -0.0610687],
[1830, 4095, 4022, 4095, 4095, 345.1158, 4.794777, 287.8357, -3.763359, 2.59542, 0.9770992, 221.4386, 187.935, 260.8921, -2.465649, 3.572519, 0.8167939],
[1883, 4095, 3987, 4095, 4095, 344.6053, 8.249865, 298.0705, 0.01526718, 3.389313, -2.778626, 223.5772, 187.627, 261.857, 0.4656488, 7.801527, 8.297709],
[1850, 4095, 3989, 4095, 4095, 346.5798, 5.70233, 293.0709, 0.4885496, 0.6183206, 4.793893, 222.1419, 187.671, 261.3988, -3.320611, -3.21374, 1.076336],
[1829, 4095, 3967, 4095, 4095, 346.6759, 5.665581, 293.0933, -0.0610687, 1.137405, 2.183206, 222.2545, 189.0749, 259.8975, -5.022901, 0.8396947, 0.7709923],
[1846, 4095, 3991, 4095, 4095, 345.3871, 4.894164, 288.5094, -5.954198, 4.10687, -1.824428, 221.6925, 187.9959, 260.9031, -2.946565, 1.587786, 2.89313],
[1830, 4095, 4095, 4095, 4095, 346.378, 5.559364, 292.2396, -0.7709923, 1.053435, -3.259542, 222.2338, 188.7025, 260.2974, -0.02290076, 1.450382, 2.419847],
[1849, 4095, 3967, 4095, 4095, 347.4022, 5.511508, 293.7422, -1.427481, 0.9083969, 4.732824, 221.9363, 189.5296, 259.2855, -4.022901, -2.312977, -0.09160305],
[1849, 4095, 4021, 4095, 4095, 346.7799, 5.643928, 293.1839, -4.145038, 5.824428, -2.381679, 223.4258, 189.8934, 259.4327, -5.450382, 2.206107, 2.992366],
[1872, 4095, 4005, 4095, 4095, 347.5901, 4.67136, 290.771, -3.442748, 2.557252, -0.6412213, 221.8472, 188.7791, 260.0836, -3.129771, 1.610687, 2.251908],
[1854, 4095, 4047, 4095, 4095, 347.3372, 4.65565, 290.3131, -3.442748, 1.709924, 1.633588, 222.143, 188.8154, 260.1435, -3.717557, -0.03816794, -0.2824428],
[1823, 4095, 4083, 4095, 4095, 347.1751, 4.982198, 291.3371, -4.343512, 2.312977, 0.4732824, 222.3574, 188.9693, 260.0478, -3.465649, 1.137405, 1.648855],
[1797, 4095, 4047, 4095, 4095, 346.4348, 4.060901, 286.7539, -3.877863, 1.992366, -1.129771, 222.0174, 189.4969, 259.351, -1.847328, 2.282443, 1.946565],
[1882, 4095, 4063, 4095, 4095, 346.8769, 3.46286, 284.9211, 1.259542, -4.564886, 1.366412, 221.5524, 188.0829, 260.762, -0.7022901, 0.0610687, 0.7709923],
[1867, 4095, 4011, 4095, 4095, 347.3775, 4.911664, 291.3848, -2.900763, 0.9389313, 0.7099237, 222.6012, 188.673, 260.4502, -2.389313, 2.129771, 0.6335878],
[1851, 4095, 4078, 4095, 4095, 347.3866, 5.172883, 292.4168, -2.931298, 2.946565, 0.8931297, 222.1236, 188.6462, 260.3226, -4.068702, 0.4351145, 1.152672],
[1873, 4095, 4061, 4095, 4095, 347.2667, 5.228553, 292.4321, -3.152672, 1.832061, 0.5496183, 222.2319, 189.1476, 259.8102, -1.793893, 1.038168, 0.7709923],
[1872, 4095, 4081, 4095, 4095, 346.681, 4.582725, 289.0718, -3.870229, 2.778626, 0.9236641, 221.8821, 188.1907, 260.7464, -3.870229, 0.09923664, 1.068702],
[1868, 4095, 4059, 4095, 4095, 346.6789, 2.490511, 280.7648, -0.2213741, -0.2748091, 4.40458, 221.875, 187.1542, 261.8925, -5.343512, -2.0, -4.19084],
[1843, 4095, 4063, 4095, 4095, 346.0, 5.13888, 290.1798, 1.320611, 2.480916, 3.526718, 222.9678, 188.5375, 260.7135, -3.129771, -0.8015267, 2.022901],
[1862, 4095, 4075, 4095, 4095, 347.3356, 4.25462, 288.7079, -3.167939, 2.274809, -2.343511, 221.8558, 188.2542, 260.6677, -4.183206, 2.320611, 3.816794],
[1894, 4095, 4031, 4095, 4095, 346.5312, 6.269018, 294.9978, 0.1603053, 1.160305, -2.59542, 221.945, 189.0999, 259.7626, -0.8854962, 2.770992, 3.755725],
[1902, 4095, 4071, 4095, 4095, 347.0437, 4.808602, 290.4642, -2.320611, 2.793893, 1.80916, 222.3072, 188.8605, 260.1494, -4.824428, -1.007634, 0.4351145],
[1884, 4095, 4091, 4095, 4095, 347.2977, 4.93094, 291.3326, -4.045802, 1.839695, 0.4351145, 222.2915, 188.9145, 260.0851, -3.442748, 1.152672, 0.4045802],
[1871, 4095, 4075, 4095, 4095, 346.9182, 5.131763, 291.5047, -5.305344, 2.137405, -0.8167939, 221.9805, 189.1565, 259.7127, -2.70229, 2.068702, 1.244275],
[1853, 4095, 4039, 4095, 4095, 346.3602, 4.678669, 288.9939, -5.91603, 1.908397, -0.5725191, 222.1277, 188.8842, 260.0628, -2.923664, 2.045802, 0.2824428],
[1850, 4095, 4043, 4095, 4095, 347.202, 5.617725, 293.7957, -1.48855, 1.801527, -0.6870229, 221.8348, 188.1384, 260.7895, -1.40458, 3.664122, 3.160305],
[1869, 4095, 3999, 4095, 4095, 346.7161, 5.039821, 290.8504, -4.885496, 5.610687, 1.877863, 221.8003, 189.4104, 259.3678, -4.534351, -1.442748, 1.755725],
[1836, 4095, 4055, 4095, 4095, 346.0892, 4.245234, 287.031, -3.091603, 2.496183, -0.129771, 221.348, 189.0419, 259.617, -3.015267, 0.6564885, 1.206107],
[1854, 4095, 4031, 4095, 4095, 347.1977, 4.840993, 290.8253, -1.274809, 0.1526718, -1.206107, 221.789, 188.865, 259.9685, -2.740458, 1.564886, 2.114504],
[1869, 4095, 4053, 4095, 4095, 347.0405, 4.941009, 290.9688, -3.78626, 1.923664, 0.03816794, 221.442, 188.4786, 260.2825, -2.664122, 1.732824, 1.763359],
[1853, 4095, 4031, 4095, 4095, 347.0213, 4.758971, 290.2389, -2.374046, 2.068702, 0.5114504, 221.8151, 188.7603, 260.0935, -2.061069, 2.038168, 1.290076],
[1858, 4095, 4075, 4095, 4095, 346.3012, 4.277038, 287.4112, -3.687023, 1.954198, -0.5877862, 221.9824, 189.4106, 259.4333, -2.541985, 1.198473, 1.320611],
[1893, 4095, 4039, 4095, 4095, 347.1801, 4.620321, 289.936, -2.709924, 1.48855, -0.6412213, 221.7268, 189.3526, 259.4053, -3.229008, 1.755725, 1.824428],
[1843, 4095, 4083, 4095, 4095, 347.1141, 4.797386, 290.5276, -3.832061, 3.419847, 1.274809, 221.8621, 188.6016, 260.2851, -3.763359, 0.5343512, 0.6335878],
[1872, 4095, 4067, 4095, 4095, 346.0844, 3.833439, 285.4791, -0.4580153, 3.755725, 3.305344, 221.7436, 189.9018, 258.8019, -3.038168, -1.977099, 1.183206],
[1853, 4095, 4035, 4095, 4095, 346.9354, 3.960244, 286.9861, 0.2977099, 0.2977099, -1.824428, 221.1552, 189.8796, 258.6004, -1.221374, 1.312977, 3.389313],
[1870, 4095, 4063, 4095, 4095, 347.8332, 3.90165, 287.9622, -3.328244, 2.48855, -0.6335878, 221.8344, 190.0075, 258.7195, -2.580153, 1.89313, 2.145038],
[1841, 4095, 4031, 4095, 4095, 347.6907, 4.847633, 291.6419, -3.450382, 2.885496, -0.5114504, 222.5104, 189.5936, 259.4236, -3.007634, 2.374046, 1.183206],
[1841, 4095, 4043, 4095, 4095, 347.463, 4.521932, 289.9724, -1.358779, 1.290076, 0.4503817, 222.6252, 188.7434, 260.382, -1.412214, 0.7709923, 1.061069],
[1858, 4095, 4023, 4095, 4095, 347.6306, 4.190288, 288.8741, -3.29771, 1.816794, 0.9465649, 222.0474, 190.2951, 258.4851, -4.938931, 0.1145038, 1.618321],
[1851, 4095, 4062, 4095, 4095, 348.0597, 4.552725, 291.051, -1.648855, 2.015267, 0.8473283, 222.5675, 189.2855, 259.7771, -4.160306, 0.04580153, 1.70229],
[1842, 4095, 4047, 4095, 4095, 347.9889, 4.205097, 289.479, -2.473282, 2.526718, 1.908397, 222.4237, 189.6775, 259.3012, -4.358778, -0.4580153, 0.8854962],
[1855, 4095, 4038, 4095, 4095, 347.5425, 4.346137, 289.3818, -2.908397, 1.885496, 1.229008, 222.4179, 190.4325, 258.48, -3.221374, 1.175573, 0.7251908],
[1841, 4095, 4047, 4095, 4095, 347.6112, 4.983072, 292.049, -4.633588, 2.412214, -1.824428, 222.0793, 189.8284, 259.0096, -4.099236, 2.221374, 2.412214],
[1869, 4095, 4055, 4095, 4095, 347.4022, 3.69964, 286.5276, -3.061069, 2.251908, 0.4732824, 222.0884, 189.2335, 259.6659, -4.206107, 0.9389313, 1.656489],
[1878, 4095, 4049, 4095, 4095, 347.5005, 4.564023, 290.1991, -3.694656, 2.053435, 0.4885496, 222.5551, 190.034, 258.9637, -2.671756, 1.175573, 1.435114],
[1863, 4095, 4048, 4095, 4095, 347.5671, 4.516399, 290.11, -3.557252, 1.908397, 1.473282, 222.5441, 189.7667, 259.2485, -2.48855, 1.167939, 0.7862596],