[1514, 1907, 1970, 1898, 1859, 259.2362, 225.3178, 259.0922, 55.91603, 70.21374, -154.7099, 188.4016, 103.6753, 357.8445, -20.64122, -3.099237, 37.03053],
[1309, 1965, 2093, 1845, 1881, 265.9695, 106.899, 282.6974, 16.61069, 18.12977, -22.93893, 185.1515, 107.1402, 358.31, 3.961832, -16.58015, 5.519084],
[1328, 2118, 2154, 1954, 1980, 283.9414, 299.962, 246.5778, 7.007634, -29.60305, 167.0763, 223.2385, 104.6817, 345.9798, -39.78626, 29.54962, -9.801527],
[1334, 2128, 2155, 2022, 1991, 268.2545, 261.1846, 259.1685, -51.93893, 24.07634, -118.1832, 190.2205, 104.578, 357.2135, 38.60306, -19.85496, -11.48855],
[1293, 2195, 2192, 1831, 1889, 313.2408, 77.963, 347.2785, -19.94657, 22.00763, -26.38931, 180.9296, 107.3447, 359.6189, -4.022901, -9.832061, -10.45038],
[1409, 2329, 2301, 1956, 2071, 268.4378, 241.979, 267.1203, 30.96183, -59.25954, 212.5343, 225.2702, 106.133, 343.5317, -70.32061, 26.52672, 64.10687],
[1456, 2383, 2319, 2023, 2166, 257.3041, 203.0726, 264.4587, -24.36641, 117.1298, -180.8779, 195.5303, 105.7732, 355.3984, 11.74046, -20.70992, -19.18321],
[1423, 2674, 2407, 2065, 2177, 355.6943, 42.30696, 355.2917, -53.92366, -23.91603, 81.0458, 176.082, 106.8297, 1.077965, 6.175572, 15.29008, -27.41221],
[1444, 2655, 2480, 2148, 2320, 260.2962, 218.0552, 262.3403, -9.954199, 5.679389, 22.29771, 126.6798, 105.5911, 20.4975, 7.503817, 9.717557, -13.22901],
[1472, 2691, 2475, 2160, 2322, 96.33177, 101.1735, 60.44919, 47.25954, -50.75572, -150.9237, 184.7721, 109.3016, 358.2251, -25.29771, -17.9313, 59.12214],
[1352, 2739, 2467, 2112, 2229, 324.6293, 318.1269, 218.2987, -59.46565, 9.465649, 70.21374, 209.7975, 106.0513, 350.4998, 22.51145, 16.74046, -42.87023],
[1367, 2757, 2481, 2146, 2269, 269.5631, 268.8058, 251.8951, 2.0, 22.32061, -131.145, 220.0098, 108.553, 344.0884, 33.64885, -14.0687, -12.98473],
[1332, 2783, 2458, 2178, 2231, 231.246, 105.7084, 340.477, -10.96947, 15.0687, -15.0458, 197.9426, 109.7119, 353.2569, 0.5419847, 6.954198, 4.0],
[1379, 2747, 2531, 2287, 2336, 256.8892, 246.8706, 241.3773, 143.0992, -52.36641, 250.1298, 204.6716, 107.7341, 351.5074, -169.0992, 62.00763, 93.25954],
[1414, 2735, 2527, 2249, 2325, 252.6439, 240.224, 241.3164, -10.87023, 12.22901, -103.0992, 188.5158, 105.0069, 357.6018, -9.549619, -10.64122, 41.48092],
[1337, 2733, 2487, 2359, 2288, 309.6596, 76.375, 343.7744, -34.07634, 19.18321, 45.33588, 189.4267, 107.2807, 356.9383, 7.671756, -5.091603, -45.60306],
[1408, 2768, 2473, 2375, 2350, 258.0842, 213.7619, 261.9257, -72.75572, -24.16031, 34.43512, 126.1677, 107.1033, 22.78211, 8.717557, 8.221375, -16.50382],
[1424, 2775, 2519, 2351, 2341, 58.11965, 39.61211, 62.6816, 61.49618, 20.65649, -155.1374, 211.4445, 105.789, 350.0427, -37.43512, 0.8854962, 30.38168],
[1417, 2791, 2514, 2320, 2352, 355.468, 0.6009097, 278.7198, -41.9771, -46.1374, 36.68702, 187.6773, 106.0441, 357.6801, 26.60306, -5.038168, -46.15267],
[1413, 2741, 2511, 2367, 2371, 275.05, 307.0097, 263.165, -4.435114, 11.05344, 38.31298, 130.084, 103.08, 15.39769, -1.366412, 5.450382, -15.16031],
[1423, 2783, 2518, 2352, 2367, 261.2913, 250.9548, 246.0902, 26.13741, 35.38168, -126.0382, 204.4011, 104.9114, 352.9824, 17.19084, 8.900764, 16.29771],
[1380, 2773, 2513, 2349, 2384, 60.88122, 12.96073, 82.58332, -6.923664, -12.67939, 50.09161, 190.2904, 105.2462, 357.064, 30.03053, -15.98473, -27.76336],
[1424, 2781, 2543, 2303, 2439, 267.7269, 240.5968, 266.0141, -14.46565, 26.27481, -64.36641, 188.4943, 102.492, 358.0092, 34.15267, 12.33588, -12.58015],
[1456, 2823, 2608, 2271, 2491, 265.173, 95.28014, 311.4694, 27.64886, -5.923664, -116.9771, 199.2754, 106.2063, 354.0748, -19.27481, -17.48092, 42.9313],
[1440, 2822, 2607, 2243, 2512, 323.0134, 337.3671, 240.9791, 56.90076, -105.397, 134.1298, 201.0413, 106.0851, 353.5455, 26.1603, 9.412213, -60.70992],
[1437, 2791, 2591, 2283, 2503, 274.1877, 292.448, 259.7449, -46.38168, 5.0, -86.64886, 209.3211, 106.2206, 350.5767, 50.62595, -11.48092, 3.801527],
[1491, 2832, 2599, 2266, 2507, 257.9813, 91.3784, 353.0521, -16.80916, 17.74809, -76.07633, 204.1691, 105.4821, 352.7841, -15.23664, -0.9465649, 29.06107],
[1470, 2838, 2615, 2275, 2503, 304.3056, 284.5906, 200.8528, -127.1221, 20.87023, 196.084, 220.2317, 105.4763, 346.6446, -4.816794, 19.33588, -0.4503817],
[1498, 2783, 2595, 2259, 2522, 265.7388, 248.3172, 259.4511, -67.83206, 44.83206, -123.1756, 213.8796, 101.1622, 352.3086, 31.76336, -5.587786, -5.442748],
[1502, 2849, 2598, 2266, 2506, 278.1606, 86.516, 337.6114, 3.29771, 53.38932, -38.73283, 202.0176, 102.1696, 354.8966, -14.53435, -13.80153, 23.45802],
[1495, 2879, 2576, 2300, 2543, 264.6846, 261.1926, 239.0771, -25.0229, -1.755725, 147.1908, 217.4632, 104.6852, 348.4829, -8.717557, 7.580153, 7.0],
[1484, 2847, 2595, 2291, 2500, 261.4919, 230.1077, 259.8408, -37.18321, 56.8855, -131.626, 217.854, 104.7472, 348.2752, 29.48092, -12.36641, 4.70229],
[1443, 2837, 2595, 2257, 2477, 63.03475, 73.82417, 29.55445, -27.94657, 21.27481, -60.85496, 181.7322, 104.089, 359.4779, -21.23664, -21.19084, 12.67176],
[1472, 2779, 2619, 2287, 2435, 260.4048, 250.3737, 244.644, 30.74809, -29.51145, 250.1298, 235.7173, 106.7921, 335.8857, -63.94657, 29.85496, 42.03817],
[1445, 2799, 2603, 2335, 2481, 261.7156, 249.3974, 248.8503, 6.519084, 28.89313, -128.3969, 219.4312, 103.7065, 348.4939, 24.90076, -2.862595, -5.717557],
[1495, 2723, 2583, 2287, 2389, 354.2223, 77.59373, 358.6835, 43.05344, -5.068702, -60.94656, 176.6234, 104.8091, 0.7868547, 3.877863, -14.48092, -2.282443],
[1474, 2699, 2611, 2297, 2435, 263.5887, 256.9908, 244.116, -43.78626, -86.32825, 223.8091, 221.2551, 102.7925, 348.5674, -64.57252, 32.87023, 38.9084],
[1456, 2723, 2618, 2327, 2470, 258.5443, 248.2943, 243.0113, 99.09924, 30.48855, -90.771, 185.4476, 105.2959, 358.411, -6.259542, -9.59542, 2.122137],
[1453, 2811, 2613, 2303, 2511, 357.5226, 71.5587, 359.1343, 17.65649, -7.122138, 19.80916, 176.7339, 105.6, 0.8047102, -1.122137, 1.793893, -13.10687],
[1472, 2772, 2625, 2352, 2499, 260.3367, 235.1444, 256.2534, 14.25191, -55.92367, 213.2443, 196.1866, 103.5848, 355.8769, -45.61832, 26.21374, 45.32061],
[1408, 2762, 2634, 2342, 2512, 263.9704, 255.5862, 247.7222, 142.6565, -1.175573, -112.3053, 197.6646, 104.1918, 355.2811, 8.61832, 3.839695, -9.969465],
[1406, 2831, 2587, 2239, 2406, 286.4537, 83.69434, 339.76, -3.328244, -22.84733, 49.62595, 165.4234, 106.1694, 4.219893, -3.816794, 8.832061, -22.03053],
[1461, 2782, 2576, 2334, 2448, 265.1731, 249.8497, 257.1062, 48.47328, 5.244275, 116.5802, 159.3496, 104.5153, 5.492027, -33.55725, 18.49618, 20.22137],
[1457, 2799, 2573, 2347, 2448, 232.4508, 198.5625, 255.4294, -17.63359, 97.15267, -127.4885, 188.9376, 103.5714, 357.7278, 15.58015, -14.16794, 49.54962],
[1466, 2895, 2622, 2308, 2450, 246.0952, 119.9723, 307.2888, -11.31298, 42.90077, 7.961832, 156.1941, 104.462, 6.415072, 15.0916, 2.0, -75.90076],
[1426, 2861, 2623, 2367, 2487, 267.5524, 250.1006, 263.3631, 33.17557, 17.27481, 60.12977, 134.0661, 98.96878, 9.230943, -8.167939, 3.244275, 0.5572519],
[1474, 2895, 2641, 2355, 2495, 285.7592, 328.4384, 260.0734, 2.824427, 13.53435, -125.1145, 212.0581, 105.333, 350.1079, -25.16794, -12.70229, 55.40458],
[1456, 2961, 2655, 2379, 2511, 290.6145, 359.2896, 269.6848, 6.671756, -51.21374, -30.10687, 207.4389, 102.3469, 353.3848, 4.954198, 17.19847, -23.9542],
[1459, 2252, 2487, 2230, 2286, 82.61086, 86.99859, 21.58764, 1.351145, 48.09924, -37.07634, 192.8432, 105.8816, 356.1801, 1.328244, -21.13741, 40.17557],
[1408, 2258, 2449, 2226, 2285, 287.3755, 313.4419, 251.6107, 145.8931, -3.229008, 160.8855, 205.0229, 104.6249, 352.9248, -23.52672, 20.63359, 14.33588],
[1413, 2235, 2407, 2199, 2226, 273.7023, 282.8304, 253.8638, -69.00764, 45.46565, -148.1832, 207.2703, 106.1622, 351.3648, 33.0916, -3.877863, -10.87023],
[1441, 2189, 2482, 2199, 2285, 285.3159, 82.13245, 333.5224, 25.89313, -11.82443, -33.72519, 183.2985, 104.2172, 359.0736, -6.450382, -8.442748, 0.5801527],
[1435, 2256, 2499, 2244, 2299, 278.9845, 293.5465, 249.8999, 71.80153, -9.61832, 222.313, 229.02, 102.7317, 345.2229, -73.9542, 19.54962, 53.99237],
[1420, 2237, 2531, 2299, 2326, 264.1363, 255.3419, 248.6305, -119.4504, 15.25191, -155.3817, 195.5118, 103.4145, 356.1036, 38.00763, 11.9313, -14.81679],
[1471, 2255, 2471, 2271, 2305, 263.7479, 91.65858, 344.237, 33.71756, -7.290076, 19.19847, 170.627, 103.42, 2.15951, -13.46565, -6.862596, -12.41221],
[1483, 2275, 2535, 2294, 2352, 262.708, 191.8986, 268.3892, 131.9771, 26.0229, 183.687, 189.9743, 103.8832, 357.4108, -66.39695, 35.53435, 33.8397],
[1455, 2307, 2557, 2416, 2384, 264.7277, 253.3324, 252.9444, -44.99237, 28.74046, -120.8397, 203.5658, 104.2112, 353.5702, -19.53435, -9.488549, 21.00763],
[1473, 2335, 2599, 2543, 2374, 276.0982, 86.94166, 334.2661, -11.31298, -45.67939, 42.9084, 169.4005, 103.9972, 2.575922, 9.374045, 13.35878, -33.80152],
[1463, 2327, 2591, 2578, 2390, 264.4656, 235.4706, 261.9936, -90.52672, -21.16794, 42.1145, 146.6932, 105.4704, 10.2423, -18.70992, 3.48855, -10.50382],
[1500, 2357, 2559, 2448, 2311, 187.9912, 117.4216, 355.7136, 25.16794, -2.48855, -66.57252, 196.6692, 105.3363, 355.1907, -11.48092, -18.0458, 50.92367],
[1464, 2387, 2590, 2515, 2363, 261.4408, 267.2691, 197.2128, -69.23664, -1.312977, 82.32061, 216.8714, 104.7013, 348.7071, 4.206107, 33.71756, -36.19848],
[1457, 2331, 2609, 2497, 2375, 267.5981, 256.6595, 260.1363, -1.755725, 15.48092, -88.73282, 204.5147, 102.9288, 353.8976, 45.65649, -18.64886, -14.06107],
[1488, 2379, 2599, 2407, 2355, 285.2169, 77.53493, 321.1671, -8.167939, -2.732824, -46.09924, 179.2193, 104.7616, 0.09500127, -5.122138, -6.076336, 23.64886],
[1460, 2384, 2615, 2437, 2346, 289.5864, 293.7841, 230.9941, 3.045802, -36.67176, 72.48855, 225.0567, 105.9547, 343.826, -31.78626, 12.51145, -4.625954],
[1403, 2390, 2625, 2445, 2363, 270.7605, 274.703, 260.0659, -13.41985, 2.480916, -82.51145, 220.8549, 103.1631, 348.3969, 67.20611, -24.10687, -13.78626],
[1485, 2394, 2666, 2371, 2391, 94.15177, 92.35487, 29.81589, 12.19847, 18.99237, -21.9313, 160.1046, 103.7825, 4.992088, -4.625954, -3.526718, 10.81679],
[1437, 2433, 2661, 2416, 2415, 266.144, 249.4059, 259.9064, 7.167939, -31.08397, 210.7862, 204.5953, 104.4194, 353.1586, -80.22901, 37.51145, 19.96947],
[1456, 2421, 2671, 2449, 2416, 272.4422, 281.0543, 257.3443, 38.83969, -19.86259, -64.99237, 197.9211, 103.4271, 355.4714, 33.87786, -8.763359, 9.167939],
[1439, 2433, 2623, 2366, 2382, 261.8972, 101.2288, 305.1255, 26.87786, -15.74046, 10.40458, 175.9019, 102.4141, 0.8012129, 1.832061, 0.519084, -21.38168],
[1456, 2429, 2639, 2439, 2413, 266.2129, 248.906, 260.3367, 48.64122, -41.51145, 139.2366, 145.2563, 100.9104, 7.560497, -81.76336, 32.32824, 13.50382],
[1472, 2405, 2666, 2431, 2455, 265.5993, 254.5066, 254.5814, -43.46565, 41.34351, -118.5191, 188.5918, 100.1423, 358.3596, 31.0687, -9.038168, -15.85496],
[1498, 2450, 2651, 2325, 2439, 247.6221, 99.19681, 338.2142, -10.37405, 0.7175572, 72.98473, 153.1265, 102.2099, 6.189222, 1.992366, 0.2213741, -19.25954],
[1447, 2413, 2649, 2391, 2442, 265.4965, 257.8849, 249.9615, 40.92367, -28.76336, 96.9313, 152.2052, 103.1133, 6.932005, -35.22901, 7.312977, 29.25191],
[1488, 2412, 2649, 2354, 2448, 273.0248, 275.9387, 242.7336, 7.610687, 21.14504, -99.68702, 191.2273, 104.5492, 356.9473, 1.099237, 4.38168, 32.29008],
[1478, 2461, 2645, 2303, 2448, 295.0476, 81.65402, 342.7265, -47.16031, 35.20611, -30.62595, 160.4854, 103.1711, 4.660295, 25.45802, 0.9923664, -30.65649],
[1458, 2395, 2643, 2338, 2407, 265.641, 223.0172, 265.9166, 17.9771, -4.465649, 3.21374, 157.2212, 102.9974, 5.46051, 23.03817, 4.862596, -8.442748],
[1470, 2433, 2637, 2339, 2406, 24.86701, 355.6998, 98.95716, 66.73283, 16.25954, -113.2977, 181.1845, 104.8032, 359.5996, -3.068702, 3.625954, 27.22137],
[1477, 2439, 2647, 2351, 2431, 278.5784, 347.7814, 268.0523, 9.908397, -5.641222, 54.15267, 191.7002, 103.9041, 356.9619, -10.09924, 1.664122, 0.1832061],
[1465, 2429, 2651, 2383, 2448, 271.9954, 301.7447, 266.5992, -36.58779, 20.74046, -51.10687, 152.5133, 98.06828, 4.156968, 34.40458, -11.12977, -43.48855],
[1447, 2399, 2542, 2285, 2335, 55.08688, 49.03928, 51.11711, -14.33588, 23.41985, -120.9237, 180.2988, 105.6608, 359.829, -23.05343, -7.725191, 23.85496],
[1474, 2407, 2523, 2303, 2346, 285.5204, 305.0841, 248.3116, 24.0687, -12.07634, 144.0458, 203.5434, 104.6521, 353.3738, -24.64122, 6.656488, 3.030534],
[1475, 2430, 2543, 2357, 2395, 274.9731, 298.1234, 260.5774, -10.83206, 7.259542, -103.8168, 208.0854, 105.31, 351.5503, 63.32061, -20.42748, -37.63359],
[1488, 2423, 2577, 2379, 2407, 309.2685, 84.17872, 352.947, -15.64886, 56.45038, -113.229, 179.4009, 104.6572, 0.04583395, -6.137404, -8.908397, 17.47328],
[1488, 2389, 2595, 2419, 2422, 298.9068, 303.0601, 229.6101, 70.9542, -7.648855, 202.2367, 209.1252, 103.676, 352.1415, -27.35878, 13.52672, 38.22901],
[1470, 2383, 2576, 2419, 2429, 274.7308, 302.9876, 262.5732, -55.09923, -4.305344, -93.0458, 207.8157, 102.9663, 352.9405, 73.09161, -13.9771, -38.0],
[1494, 2414, 2589, 2405, 2426, 270.3386, 89.31315, 304.1784, 11.60305, 21.59542, -66.73283, 165.6487, 104.6078, 3.724694, -5.274809, -3.282443, 6.053435],
[1495, 2421, 2606, 2446, 2432, 266.9113, 264.3181, 241.7098, 78.26717, -43.38932, 204.4809, 239.7594, 104.7271, 335.4723, -57.57252, 29.73283, 57.62596],
[1469, 2419, 2587, 2430, 2445, 267.3863, 262.2886, 251.6124, -54.23664, 54.65649, -146.2672, 177.2221, 103.0107, 0.5371793, 66.10687, -17.01527, -52.32061],
[1509, 2427, 2606, 2373, 2446, 293.5342, 87.35415, 354.0904, -22.67175, 37.86259, -16.23664, 155.8624, 104.3556, 6.466657, -6.458015, 2.351145, 11.54962],
[1506, 2438, 2635, 2398, 2447, 260.8167, 234.6343, 257.1614, 56.22138, -86.98474, 211.2214, 181.1401, 103.9584, 359.6305, -97.53435, 14.27481, 52.09924],
[1374, 2390, 2615, 2406, 2433, 268.5456, 264.6175, 255.3691, -2.091603, 25.0229, -134.9084, 190.911, 103.8145, 357.1844, 32.83206, -14.06107, -21.17557],
[1394, 2299, 2631, 2305, 2383, 70.56642, 84.52725, 14.94446, 30.72519, -12.46565, 16.43511, 171.4574, 106.9273, 2.515539, -4.251908, -1.832061, -5.129771],
[1424, 2417, 2637, 2384, 2423, 270.7015, 272.3478, 252.2187, -14.66412, -22.76336, 188.6947, 143.4054, 99.83211, 7.283663, -77.80916, 11.68702, 28.90076],
[1456, 2435, 2647, 2350, 2413, 264.4004, 249.1143, 255.6437, -41.62595, 44.52672, -121.3893, 182.1524, 102.8127, 359.4243, 1.206107, 0.5496183, -12.01527],
[1481, 2411, 2671, 2337, 2430, 23.19669, 347.9084, 116.2516, -50.17557, -21.84733, -57.72519, 161.1945, 104.8995, 5.093019, 24.82443, -11.80153, -35.93893],
[1481, 2439, 2654, 2367, 2454, 266.4681, 189.3827, 269.3513, 13.65649, -3.763359, -5.847328, 125.8417, 100.2337, 14.0145, 20.70229, 0.4274809, -19.94657],
[1406, 2943, 2763, 2613, 2682, 282.904, 308.8615, 254.0078, 4.175572, -9.511451, 95.51908, 137.1169, 106.8821, 15.68595, -24.1145, -0.1526718, -0.9160305],
[1409, 2959, 2801, 2599, 2679, 284.6509, 285.187, 225.998, 11.79389, 10.47328, -120.7252, 194.5798, 109.0417, 354.7527, -3.183206, -13.49618, 17.96947],
[1420, 3007, 2798, 2527, 2672, 296.7437, 333.8935, 256.0561, 33.74046, -27.70992, 34.44275, 178.8494, 107.6448, 0.2516563, -3.0, 5.145038, -46.98473],
[1397, 2947, 2768, 2599, 2672, 270.0991, 74.871, 270.563, -106.1374, -0.3282443, -39.06107, 147.3768, 101.7285, 7.510688, 52.12214, -14.71756, -36.0687],
[1452, 2960, 2763, 2523, 2670, 92.79828, 90.90163, 18.78324, 14.0458, 0.2748091, -72.60305, 149.4584, 108.098, 10.84198, -19.12977, -16.87786, 23.21374],
[1469, 2991, 2793, 2590, 2688, 261.3557, 251.7346, 245.287, 70.27481, 9.603053, 111.8931, 209.1635, 109.6812, 348.5616, -37.56489, 12.61832, 13.12214],
[1439, 2941, 2803, 2604, 2683, 268.0628, 262.3, 256.2577, -81.15268, 32.94657, -100.5267, 164.9899, 104.6866, 3.930654, 38.61832, -23.0687, -8.954199],
[1456, 2970, 2739, 2385, 2545, 177.6727, 91.6965, -0.02128444, 45.44275, -19.85496, -57.23664, 165.4416, 107.6604, 4.632712, -6.145038, -3.694656, 3.847328],
[1451, 2915, 2815, 2455, 2659, 272.6432, 277.6276, 250.6002, 34.24428, -28.8855, 138.5496, 187.8146, 104.3975, 357.8848, -83.05344, 35.8168, 24.39695],
[1424, 2879, 2780, 2479, 2671, 274.3183, 283.7489, 252.5965, 7.160306, 6.977099, -60.41221, 189.6796, 104.7386, 357.3297, 28.58779, -19.0, -2.534351],
[1479, 2950, 2799, 2453, 2685, 151.2174, 107.3853, 9.686099, -37.8855, 32.73283, 23.99237, 153.4961, 106.4846, 8.318922, -5.694656, -8.687023, -4.473282],
[1472, 2963, 2783, 2444, 2690, 264.4999, 249.3744, 255.7055, 25.90076, -45.85496, 166.1527, 205.6371, 106.1663, 351.945, -73.29008, 20.9313, 39.41985],
[1475, 2906, 2763, 2416, 2686, 262.9251, 253.4783, 247.3369, -46.43512, 33.92366, -94.33588, 192.8735, 106.3164, 356.0631, 33.25954, -11.0229, -8.755725],
[1490, 2994, 2781, 2382, 2691, 69.39345, 82.07748, 20.10135, -29.05344, 22.74809, 37.37405, 152.1128, 104.7085, 7.837728, -2.80916, -2.221374, -24.91603],
[1484, 2958, 2767, 2359, 2625, 264.6921, 244.5023, 259.0159, -39.10687, -51.43512, 78.0229, 136.7897, 103.8209, 12.96566, -8.473283, 15.33588, 8.687023],
[1458, 2955, 2774, 2367, 2611, 258.8163, 226.8023, 258.0839, 2.167939, 25.60305, -94.39695, 169.1003, 107.1287, 3.297571, 5.419847, -10.53435, 9.893129],
[61069, -1.0, 4.045802, 168.3158, 107.0706, 3.536195, 11.24428, 0.1068702, -11.41985],
[1488, 2886, 2751, 2380, 2643, 266.4751, 235.9269, 264.8158, 68.76336, 19.75573, 15.98473, 138.4988, 103.5412, 11.98009, -14.24428, 19.86259, -11.48092],
[1472, 2927, 2762, 2371, 2657, 27.74911, 330.0612, 137.3224, 22.21374, 55.67176, -171.0534, 194.5447, 106.8012, 355.4073, -12.34351, -5.564886, 28.44275],
[1488, 2897, 2800, 2417, 2672, 271.4295, 280.9119, 262.2393, -31.30534, -34.61069, 105.8779, 188.5722, 107.855, 357.1157, -29.77099, 19.89313, 5.778626],
[1440, 2943, 2759, 2498, 2667, 268.7207, 254.5537, 265.5436, 3.755725, 8.259542, -73.771, 173.1377, 102.4741, 1.426699, 34.19847, -12.74809, -19.40458],
[1470, 2959, 2770, 2459, 2641, 89.12753, 89.29812, 37.98829, -11.48092, 38.61832, -39.69466, 173.6749, 106.9525, 1.829847, -14.25191, -13.57252, 26.54198],
[1472, 2973, 2795, 2485, 2679, 269.1072, 265.5876, 259.2326, 6.08397, -64.35114, 161.6031, 218.5756, 107.0187, 346.1104, -39.92367, 12.45038, 15.12214],
[32825, 70.26718, -74.76336, 180.077, 105.7901, 359.8912, 35.76336, 1.854962, -25.53435],
[1495, 2999, 2800, 2483, 2659, 64.79259, 80.95614, 18.49336, 22.64122, -0.9236641, 0.9312977, 150.4692, 106.458, 9.42917, -21.77863, -14.99237, 2.244275],
[1488, 3027, 2803, 2509, 2677, 271.3145, 274.3402, 252.517, 47.83206, -55.31298, 94.59542, 183.929, 103.1389, 358.9923, -79.1145, 11.54199, 22.16794],
[1399, 2981, 2783, 2527, 2675, 270.2015, 270.6957, 250.3471, -32.72519, 21.07634, -108.9542, 180.6664, 107.1558, 359.7043, 43.67176, -0.1755725, -19.50382],
[1479, 3091, 2845, 2527, 2704, 76.09134, 80.35183, 34.31072, -1.916031, -11.89313, 8.656488, 143.6073, 106.3562, 12.14447, -10.90076, -1.282443, 1.465649],
[1472, 2991, 2811, 2479, 2663, 278.2521, 298.2201, 254.721, -50.22901, -29.09924, 144.4122, 165.5733, 101.2849, 2.853044, -42.0229, 6.282443, 22.89313],
[1483, 2997, 2827, 2483, 2694, 275.4556, 283.8149, 248.5512, -2.664122, 45.53435, -156.0458, 184.3067, 103.9428, 358.8378, 5.419847, -10.96183, 19.51145],
[1461, 3057, 2829, 2465, 2682, 294.3422, 334.9342, 257.9783, -76.56489, 7.725191, 136.9466, 185.5482, 103.8326, 358.537, 5.366412, 10.41221, -3.503817],
[1477, 3035, 2831, 2503, 2687, 265.9993, 232.9301, 264.7196, -66.73283, 25.25954, -15.91603, 117.432, 99.12889, 17.20553, 32.19847, 8.366412, -57.12214],
[1493, 3047, 2842, 2479, 2703, 102.9912, 107.4663, 53.62039, 41.32824, 56.48855, -113.2137, 168.2075, 104.7434, 3.050505, -14.84733, -15.91603, 31.64886],
[1497, 3052, 2853, 2491, 2709, 282.8948, 306.1768, 252.4927, 0.7022901, -40.38931, 129.6107, 220.3387, 103.5788, 348.2406, -46.12214, 12.22901, 24.0687],
[1492, 2963, 2847, 2487, 2715, 271.1583, 291.7622, 266.8615, 3.725191, 35.43512, -100.2366, 211.752, 103.5075, 351.4005, 29.72519, -1.10687, -17.51145],
[1504, 3051, 2847, 2509, 2703, 73.11285, 77.59937, 35.77919, -38.13741, 37.49618, -20.78626, 155.7866, 103.9811, 6.313458, -5.961832, -4.480916, 3.641221],
[1502, 3063, 2855, 2522, 2707, 267.1179, 258.3795, 256.4177, 87.57252, -21.69466, 122.4351, 183.5782, 103.888, 359.0244, -79.82442, 3.480916, 18.43511],
[1509, 2987, 2839, 2523, 2721, 269.1965, 266.8551, 256.5416, -65.50382, 37.35878, -107.4427, 173.0737, 105.138, 1.780393, 47.38931, -7.70229, -16.29771],
[1512, 3031, 2863, 2533, 2719, 77.27463, 84.70117, 22.05188, -21.0916, 23.59542, -67.34352, 157.8866, 103.4129, 5.457272, -8.763359, -6.664122, 0.09923664],
[1504, 3058, 2858, 2539, 2718, 268.3587, 265.0804, 252.0204, 0.6183206, -39.45802, 129.8473, 221.3627, 103.5678, 347.8329, -70.14503, 23.69466, 41.71756],
[1497, 2995, 2877, 2527, 2721, 269.4324, 267.4743, 258.5055, -50.22901, 27.0458, -111.9847, 173.8962, 101.9649, 1.199442, 61.87023, -14.99237, -26.1603],
[1511, 3055, 2861, 2543, 2735, 28.5043, 82.22174, 4.120082, -32.47328, 22.74809, -83.93893, 164.7428, 104.1695, 3.851226, -23.75573, -6.763359, 20.28244],
[1501, 3059, 2869, 2543, 2709, 272.5408, 276.2891, 247.6685, -13.54198, -74.94657, 156.4962, 233.3064, 105.4523, 339.4251, -75.96947, 28.32061, 44.08397],
[1479, 3015, 2862, 2521, 2703, 268.4458, 262.2569, 259.0497, -30.05343, 28.67176, -104.9389, 201.0651, 101.952, 355.2217, 48.8168, -2.931298, -21.20611],
[1467, 3055, 2875, 2503, 2717, 82.12378, 85.35555, 30.1464, -5.160306, 14.57252, -54.35878, 163.194, 103.7455, 4.139946, 2.015267, -10.0229, 1.328244],
[1492, 3053, 2874, 2530, 2730, 274.8171, 289.4822, 256.3881, 5.89313, -89.7481, 149.374, 203.5662, 103.3278, 353.9756, -83.38931, 22.64122, 45.78626],
[1473, 3050, 2887, 2527, 2705, 267.9648, 252.1593, 263.8211, -74.54198, 39.80153, -141.916, 206.6554, 106.0081, 351.6682, 9.870229, -0.3435115, -11.44275],
[1498, 3087, 2871, 2510, 2702, 94.50453, 92.26276, 26.96421, 0.2366412, -34.17557, 4.816794, 161.5237, 105.5619, 5.230671, 2.709924, 9.343512, -16.12977],
[1334, 2435, 2539, 2160, 2353, 39.83401, 54.84086, 30.34501, -44.61069, 15.98473, -76.78627, 177.3611, 102.8023, 0.4949656, -18.41985, -20.03817, 39.07634],
1333, 2478, 2661, 2219, 2383, 266.9501, 184.6558, 269.6818, 107.3664, -52.55725, 163.2443, 221.2843, 101.321, 349.8645, -23.82443, 7.954198, -11.32061],
1296, 2443, 2671, 2290, 2401, 270.0546, 272.4812, 267.1041, -99.61069, 15.25954, -105.3206, 169.6931, 103.6414, 2.432245, 58.67176, 7.396946, -12.1603],
[1120, 2268, 2683, 2159, 2315, 74.79429, 80.55589, 31.29292, 1.603053, 35.25954, 14.84733, 144.1464, 101.7011, 8.4582, -4.671756, -20.19847, 4.832061],
1091, 2357, 2767, 2251, 2353, 272.3964, 290.1859, 263.2674, 80.59543, -56.66412, 121.5343, 160.9833, 102.7607, 4.382244, -66.39695, 29.42748, 23.61069],
1115, 2349, 2759, 2257, 2403, 271.3195, 277.6184, 259.7335, -96.09923, 20.17557, -135.5801, 174.3102, 101.7515, 1.08832, 29.9771, -6.900764, -20.22901],
[1134, 2375, 2807, 2243, 2415, 74.98003, 77.29171, 39.92917, -7.175572, -17.60305, 72.06107, 143.2614, 102.8208, 9.586139, 0.7099237, -14.52672, -8.885496],
1154, 2419, 2859, 2259, 2410, 278.8342, 302.7517, 256.273, 15.27481, -32.19084, 154.0, 179.9509, 100.7109, 359.9297, -71.43511, 17.71756, 31.47328],
[1180, 2431, 2871, 2287, 2439, 265.7355, 256.4357, 252.9372, -78.44275, 31.03054, -73.92367, 190.7693, 103.1537, 357.3544, 40.01527, -6.206107, -15.31298],
[1210, 2455, 2887, 2321, 2416, 70.64128, 67.64616, 49.41723, -35.87023, 22.85496, -13.48092, 146.2145, 103.9251, 9.358048, 4.694656, -3.755725, -28.78626],
[1234, 2527, 2907, 2359, 2459, 273.4943, 295.4646, 262.4968, 115.3053, -3.59542, 106.855, 130.984, 98.56752, 9.815172, -43.43512, 31.74809, 26.83206],
1244, 2499, 2887, 2351, 2471, 276.5616, 288.665, 251.0033, -54.38168, 56.32824, -167.4198, 144.8021, 99.03106, 6.346874, 14.60305, -3.167939, 9.19084],
[1296, 2512, 2961, 2431, 2448, 264.7815, 261.7375, 237.8893, 2.061069, -30.30535, 141.3664, 153.8481, 103.1977, 6.497382, -29.84733, 12.57252, -10.52672],
1283, 2573, 2923, 2425, 2467, 274.9333, 300.064, 261.3494, -74.94657, -0.007633588, -61.12214, 112.6054, 96.53915, 15.43213, 39.80153, 9.885496, -29.77099],
[1281, 2590, 2959, 2430, 2449, 76.04537, 346.7116, 93.2358, -23.1145, 43.67939, -172.5496, 187.6359, 101.9753, 358.2777, -30.44275, -25.87786, 53.78626],
[1333, 2675, 3023, 2414, 2425, 281.1485, 301.1366, 251.7966, 41.00763, 1.0, 189.1908, 196.1011, 104.5513, 355.6026, -12.12214, 18.48855, -6.977099],
[1351, 2641, 2971, 2419, 2469, 273.4439, 304.3815, 264.8115, -7.320611, 3.541985, -80.34351, 183.4176, 99.04227, 359.373, 46.9542, -9.549619, -15.63359],
[1346, 2685, 2971, 2427, 2448, 25.58521, 334.9078, 134.08, -6.183206, 21.22138, -157.0916, 188.5215, 103.2774, 357.8781, -29.56489, -12.93893, 30.94657],
[1349, 2727, 3013, 2469, 2509, 267.4299, 265.6576, 239.6269, 24.29771, -75.0229, 250.1298, 231.9011, 103.8223, 342.3655, -51.54962, 24.70992, 26.01527],
1328, 2703, 2943, 2451, 2480, 269.95, 270.0362, 258.7078, 36.64122, 19.19084, -144.1756, 211.302, 102.3037, 352.3054, 80.39695, -12.29771, -34.83969],
[1313, 2718, 2991, 2447, 2494, 67.31074, 70.43303, 40.26594, -30.17557, 31.59542, -86.48092, 150.3045, 104.118, 8.095354, 1.267176, -10.1145, 13.29771],
[1323, 2795, 2990, 2480, 2513, 272.7196, 279.0381, 253.0158, 1.725191, -46.32061, 213.5343, 228.5787, 105.2225, 342.6576, -61.0229, 25.98473, 51.8168],
[1296, 2738, 3011, 2483, 2485, 271.829, 282.4516, 261.4318, -78.08397, 23.85496, -154.3282, 208.9409, 97.95221, 355.4569, 34.60305, 5.267176, -33.84733],
[1306, 2733, 3023, 2404, 2416, 81.71406, 83.3055, 38.71124, 17.87786, -6.679389, 52.74809, 139.941, 101.6253, 9.767452, 0.9389313, -6.725191, -10.06107],
[1340, 2803, 3043, 2448, 2475, 269.4483, 107.2983, 271.4628, 61.98473, -29.85496, 157.8779, 119.4665, 96.50149, 11.42052, -44.94657, 17.74046, 24.50382],
1319, 2767, 3022, 2427, 2478, 270.8593, 274.2419, 257.773, -15.10687, 55.0458, -177.4733, 176.0662, 101.6361, 0.7097909, 42.37405, -6.931298, -9.38168],
[1334, 2751, 3007, 2372, 2475, 79.80793, 84.47026, 28.04572, 43.58016, -15.32061, 73.08397, 164.0617, 102.3424, 3.490839, 6.305344, -3.70229, -3.671756],
[1329, 2771, 3003, 2413, 2479, 277.1442, 310.9736, 261.6543, -2.977099, 0.6717557, 34.92367, 123.2209, 101.3736, 17.0555, -17.22901, 10.00763, -23.25191],
[1351, 2763, 2991, 2389, 2481, 268.1677, 190.9242, 269.5862, -60.13741, 55.70992, -222.2366, 146.0102, 100.398, 6.998522, 11.29771, -6.992366, -3.427481],
[1329, 2781, 2999, 2394, 2475, 291.3828, 63.07624, 307.7667, 108.6641, -22.39695, 195.5878, 181.314, 101.0019, 359.6624, -15.0229, 9.083969, 7.480916],
[1344, 2807, 2975, 2404, 2485, 265.5699, 132.6076, 274.6523, -9.198473, 17.92366, -57.34351, 120.6787, 93.76864, 6.364989, 27.32061, -10.67939, -31.64886],
[1347, 2782, 2983, 2345, 2445, 78.68656, 73.21878, 56.4134, -26.14504, 45.08397, -107.8855, 159.3719, 102.983, 4.881349, -14.25191, -16.51145, 4.709924],
[1360, 2794, 2975, 2399, 2467, 270.2861, 272.1577, 260.8221, 28.43511, -64.96183, 201.9313, 196.2541, 103.0082, 356.0368, -14.98473, 26.46565, 41.61832],
[1334, 2794, 2975, 2411, 2479, 266.458, 243.8287, 262.8708, -27.94657, 61.57252, -159.6107, 170.0892, 103.1014, 2.233896, 36.50382, 3.427481, -14.12214],
[1376, 2801, 2995, 2395, 2482, 81.12643, 80.42249, 47.15508, -5.396946, 18.0916, 29.1145, 140.0443, 102.6385, 10.59014, 10.73282, -12.77863, -9.106871],
[1361, 2859, 2993, 2416, 2495, 276.1647, 286.5761, 249.8526, 65.48855, -34.28244, 202.3969, 151.7583, 102.0637, 6.482368, -78.05344, 13.87023, 38.19084],
[1351, 2782, 2991, 2402, 2517, 264.7276, 243.817, 259.4071, -58.16794, 29.34351, -133.3359, 178.941, 103.7776, 0.1508217, 29.78626, -9.343512, -14.94656],
[1328, 2770, 2934, 2310, 2386, 77.27169, 77.56751, 44.21186, 26.83969, -30.36641, 81.33588, 142.2073, 104.8326, 11.54811, 12.90076, 24.62595, -9.160305],
[1365, 2814, 2985, 2403, 2483, 270.2168, 271.8114, 261.2275, 64.72519, 37.25954, 92.76336, 137.2498, 102.4365, 11.47789, -39.38168, -4.435114, 5.259542],
[1374, 2779, 2974, 2394, 2495, 268.3412, 262.9663, 257.1421, -40.0229, 51.10687, -169.8092, 186.7703, 103.2763, 358.3014, 33.8855, 0.832061, 5.969466],
[1369, 2815, 2992, 2406, 2495, 86.31118, 88.50554, 21.2522, 8.137404, 5.10687, 104.8855, 163.8987, 103.1544, 3.773739, -5.08397, 1.129771, -12.05344],
[1382, 2798, 3007, 2411, 2494, 267.746, 260.6017, 256.8629, -9.335877, -2.061069, 98.771, 139.0497, 104.5956, 12.68096, -23.28244, -15.73282, -2.816794],
[1377, 2771, 2989, 2397, 2450, 268.4927, 263.4246, 257.5273, 56.53435, 7.984733, -105.229, 174.144, 101.3305, 1.079085, 40.66412, 4.770992, 17.39695],
[1392, 2802, 2999, 2419, 2471, 263.9225, 96.05928, 314.2773, 16.96947, 10.0, 143.6718, 181.1709, 104.3887, 359.6128, -17.14504, 11.07634, -11.1145],
[1373, 2782, 2963, 2421, 2475, 267.4211, 261.1375, 254.1167, -80.23664, 1.335878, 10.19084, 119.2133, 100.7387, 18.72502, 18.23664, 12.51908, -30.43511],
[1408, 2782, 2992, 2435, 2498, 80.2658, 65.76805, 69.14395, 10.17557, 16.89313, -167.084, 145.1181, 104.3853, 10.07736, -23.22138, -13.03817, 22.87023],
[1392, 2796, 2983, 2410, 2519, 268.8112, 264.7905, 257.6885, 82.48092, -35.10687, 142.1985, 189.4784, 102.9652, 357.7007, -41.23664, 24.39695, 31.15267],
[1376, 2741, 2959, 2434, 2519, 263.9802, 248.4625, 255.0867, -61.30535, 42.29008, -136.1756, 190.3629, 102.2922, 357.6198, 60.70992, 2.435115, -26.66412],
[1575, 2896, 3071, 2651, 2747, 282.3481, 292.1057, 241.5462, 16.83206, -12.41985, 104.0992, 174.3115, 106.193, 1.551646, -51.22138, 14.48092, 24.87786],
[1531, 2832, 3059, 2637, 2751, 269.6862, 266.3941, 266.0105, -30.66412, 21.48092, -56.54962, 143.515, 99.23236, 6.80658, 58.13741, -3.343511, -23.03817],
[1532, 2855, 3058, 2647, 2781, 61.7707, 294.4094, 139.5164, -64.63359, 68.85497, -243.771, 155.5881, 105.1731, 6.940475, 21.43512, -22.24427, 29.99237],
[1606, 2883, 3107, 2659, 2805, 289.5321, 297.8154, 235.9842, 60.0458, -34.74809, 190.0763, 206.2924, 104.5516, 352.5588, -50.96183, 10.68702, 18.90076],
[1661, 2866, 3035, 2559, 2741, 271.1322, 52.15204, 271.4823, -47.9084, 34.96947, -88.80153, 170.7303, 102.2417, 1.933673, 68.15267, -13.8397, -25.47328],
[1452, 2743, 2919, 2399, 2559, 77.76218, 67.85085, 61.93178, -13.65649, 0.7175572, -75.56489, 153.8934, 106.5314, 8.199509, -20.31298, 3.167939, 14.25954],
[1578, 2846, 3021, 2539, 2683, 273.1561, 285.1178, 258.1937, 98.56489, -75.25191, 209.7176, 188.7506, 104.1623, 357.677, -87.0, 17.48092, 49.87786],
[1631, 2929, 3027, 2582, 2757, 268.8176, 265.0323, 257.1719, -42.07633, 37.34351, -201.1527, 173.7493, 106.3623, 1.737264, 16.96947, -5.328244, -22.69466],
[1643, 2959, 3135, 2755, 2815, 70.73152, 69.95146, 46.14749, 59.79389, 0.5572519, 96.24428, 160.6702, 104.1664, 4.977471, -3.40458, 1.572519, -1.259542],
[1635, 2939, 3126, 2651, 2847, 284.4875, 347.2656, 266.5875, 34.77099, 29.08397, 111.7099, 153.3739, 107.0379, 8.65834, 4.694656, 4.572519, 20.99237],
[1616, 2967, 3134, 2659, 2839, 275.0921, 320.91, 265.7401, -69.48855, 25.50382, -185.5725, 166.0671, 102.6989, 3.111435, 3.954198, 3.89313, 6.854962],
[1572, 2971, 3175, 2703, 2846, 340.8723, 318.0532, 200.9994, 49.18321, 2.236641, 123.0076, 188.811, 102.9572, 357.8606, -8.992367, -6.763359, -9.175572],
[1526, 2943, 3139, 2691, 2835, 274.6819, 6.674638, 270.4938, -44.37405, -7.824428, -26.99237, 153.3839, 100.909, 5.449663, 64.0, -18.35878, -35.39695],
[1397, 2869, 3135, 2672, 2829, 288.8678, 73.47767, 319.2435, -35.96184, 52.44275, -176.1527, 170.5167, 104.7426, 2.419295, 11.64122, -0.5877862, 3.305344],
[1449, 2903, 3166, 2711, 2839, 283.5531, 0.2450443, 270.0101, 59.78626, -81.25955, 157.2901, 196.2666, 104.3823, 355.6087, -36.1145, 9.541985, 38.26717],
[1467, 2890, 3111, 2661, 2821, 269.7787, 267.3978, 266.5397, -70.89313, 40.09923, -90.29008, 191.8274, 101.4023, 357.4821, 50.8168, 9.969465, -22.70992],
[1328, 2755, 3131, 2667, 2827, 88.12685, 85.04378, 69.79267, -25.48855, 30.24427, -107.2443, 165.0733, 104.9029, 3.968291, -13.50382, -17.22137, 5.045802],
[1359, 2838, 3151, 2702, 2883, 284.9555, 322.17, 258.1812, 101.2824, -56.28244, 211.7862, 204.7089, 103.3838, 353.6247, -45.30534, 8.198473, 41.17557],
[1402, 2806, 3099, 2677, 2886, 275.0027, 306.6827, 263.148, -68.09161, 47.05344, -124.8092, 182.4202, 102.6153, 359.3719, 32.28245, -6.854962, -19.59542],
[1322, 2749, 3130, 2670, 3019, 67.18827, 79.56073, 23.47826, -28.91603, 6.59542, -121.1832, 164.8532, 104.4087, 3.88956, -16.9771, -9.480916, 9.488549],
[1361, 2783, 3137, 2701, 3102, 277.3737, 296.0901, 255.0303, 51.1145, -34.37405, 198.771, 155.1524, 102.3157, 5.701223, -124.3969, 19.51908, 42.12214],
[1393, 2814, 3121, 2677, 3043, 272.3812, 285.5962, 261.2453, -9.78626, 33.61069, -109.8168, 205.0936, 99.6528, 355.3248, 29.64122, -11.61069, -14.87023],
[1379, 2751, 3122, 2637, 3035, 82.93698, 76.42352, 62.88452, -95.40458, 58.8168, -28.44275, 181.0494, 104.0803, 359.6507, -9.770992, 3.671756, -8.938931],
[1408, 2815, 2961, 2631, 2919, 274.4106, 293.4214, 259.705, 30.0229, -12.96183, 142.5725, 119.1124, 99.56953, 16.84111, -24.45801, 13.07634, -8.099236],
[1422, 2611, 2558, 2335, 2453, 272.4897, 278.7756, 253.8941, -8.801527, 61.59542, -194.3969, 164.5569, 101.2847, 3.071106, 12.35878, -3.832061, 6.89313],
[1418, 2523, 2591, 2320, 2320, 20.8085, 44.32931, 21.19986, -13.24427, 4.282443, 157.7786, 184.1464, 103.6151, 358.9038, -11.12214, 19.08397, -14.58015],
[1344, 2610, 2671, 2415, 2471, 268.9429, 264.7609, 259.1561, -53.52672, 10.15267, 1.320611, 126.1713, 99.54638, 12.93803, -12.19084, 16.08397, -23.60306],
[1401, 2612, 2778, 2448, 2544, 317.6121, 27.11782, 299.3788, -40.63359, 26.47328, -206.8702, 155.7021, 102.4158, 5.60349, -4.664122, -21.71756, 5.38168],
[1416, 2636, 2743, 2415, 2509, 276.746, 43.02332, 276.3145, 46.66412, -30.91603, 155.7633, 194.7969, 103.7111, 356.204, -45.54962, 26.29008, 5.061069],
[1427, 2670, 2705, 2416, 2529, 266.1647, 216.3946, 267.1447, -44.24428, 9.587787, -40.45038, 152.7037, 101.2073, 5.771867, 33.16031, 4.610687, -28.92366],
[1456, 2623, 2700, 2369, 2544, 113.2784, 120.5559, 53.8111, -9.61832, 27.8855, -88.47328, 171.5834, 104.0862, 2.02806, -3.931298, -15.48092, 24.77099],
[1424, 2665, 2768, 2414, 2621, 277.0427, 294.1428, 254.4169, -7.305344, 6.931298, 183.5038, 186.0669, 106.2801, 358.1246, -51.89313, 25.61832, 16.33588],
[1444, 2669, 2810, 2442, 2627, 264.4066, 249.0429, 255.7101, 8.908397, -19.55725, -106.8168, 166.2168, 104.3566, 3.502014, 50.26718, -4.61832, -20.0458],
[1364, 2762, 2831, 2435, 2642, 75.5885, 76.4697, 43.02155, 26.63359, -2.78626, 1.916031, 149.908, 103.4308, 7.813123, -8.610687, -12.67176, 5.320611],
[1410, 2755, 2843, 2477, 2669, 268.9083, 261.4809, 263.0899, 88.02291, -156.2366, 79.90839, 216.6507, 99.00216, 353.1305, -94.73283, 20.92366, 32.94657],
[1472, 2730, 2839, 2437, 2631, 269.1347, 266.5717, 256.6349, -62.50382, 36.69466, -135.8397, 151.7539, 101.6633, 6.262447, 32.03817, -11.52672, -35.26717],
[1473, 2865, 2896, 2448, 2672, 81.47033, 85.58557, 26.93036, 63.67939, 12.0, 50.03817, 155.2615, 103.3044, 6.144945, 3.389313, -10.49618, 5.778626],
[1488, 2864, 2896, 2495, 2686, 279.6212, 322.3601, 262.4427, 45.78626, 39.03053, 139.771, 154.1531, 100.3362, 4.981829, -47.29771, 9.870229, 30.38168],
[1512, 2833, 2887, 2463, 2673, 272.6424, 303.9908, 265.9178, -58.40458, 89.40458, -156.6107, 153.0293, 101.3552, 5.76796, 18.59542, -1.259542, -14.30534],
[1457, 2768, 2879, 2481, 2731, 251.5275, 125.5775, 294.8041, 41.66412, -19.38931, 108.1298, 143.9263, 102.8399, 9.372051, -20.45802, 3.061069, 1.259542],
[1470, 2811, 2908, 2496, 2715, 270.8451, 273.5548, 255.7608, -35.34351, -11.67939, 89.35115, 119.2404, 99.88566, 17.28716, -19.87023, 11.07634, -3.419847],
[1420, 2800, 2899, 2483, 2747, 265.8419, 254.9742, 254.9515, -37.10687, 71.54962, -195.8015, 165.4633, 100.9832, 2.795925, 20.13741, 3.503817, -1.80916],
[1461, 2822, 2927, 2541, 2802, 285.5436, 71.2994, 309.6146, 31.26718, -7.099236, 151.4427, 170.7154, 103.5162, 2.154236, -22.16031, 17.41221, -0.8625955],
[1456, 2835, 2959, 2580, 2791, 270.9326, 273.1418, 252.5908, 13.12214, -19.68702, 56.56488, 135.8578, 100.3368, 10.00106, -0.5343512, 5.549618, 10.30534],
[1486, 2833, 2959, 2575, 2805, 274.8783, 291.0138, 257.2685, -9.229008, -32.0229, -202.7863, 168.9203, 98.64859, 1.619202, -15.61069, -4.885496, 7.114504],
[1468, 2913, 2986, 2579, 2842, 22.77167, 61.45957, 12.77971, 7.229008, 21.45802, 114.687, 150.2973, 99.82282, 5.580334, -6.259542, 3.572519, -8.641221],
[1488, 2917, 2999, 2595, 2865, 262.1065, 247.2065, 251.765, 61.75573, 1.938931, 64.53435, 112.0811, 97.44951, 17.89594, -7.709924, 13.10687, -12.47328],
[1488, 2903, 2975, 2599, 2896, 270.775, 274.5833, 259.6438, -39.84733, 13.54962, -97.8168, 184.4233, 100.6484, 359.0804, 18.21374, -1.465649, -10.8855],
[1328, 3007, 2725, 2467, 2461, 268.6453, 263.2254, 259.1361, -61.19848, 3.061069, 153.771, 142.8234, 104.7486, 11.233, -42.67176, 19.25954, 16.70229],
[1392, 2938, 2743, 2447, 2498, 268.5496, 254.2871, 265.014, -18.90076, 29.60305, -86.32061, 168.3513, 102.4643, 2.517848, 11.61832, -10.20611, 22.76336],
[1405, 2801, 2719, 2445, 2506, 282.0527, 309.2963, 255.2548, 5.732824, -50.91603, 147.5649, 193.9608, 105.2358, 356.0168, -5.29771, 13.03053, -24.46565],
[1366, 2787, 2717, 2485, 2477, 275.6814, 285.5613, 250.1268, -18.58015, 11.1145, 54.07634, 129.0625, 100.4134, 12.73389, 6.633588, 2.099237, 12.21374],
[1424, 2448, 2441, 2105, 2097, 278.2159, 278.4423, 225.7084, -24.0458, 63.77862, -172.7557, 189.6608, 103.9457, 357.4796, 18.59542, 0.9465649, 18.92366],
[1313, 2321, 2417, 2077, 1942, 267.1285, 265.7813, 235.9255, 12.18321, -17.87786, 127.5649, 162.1509, 100.3194, 3.2763, -30.8626, 4.687023, -26.77099],
[1407, 2371, 2538, 2209, 2127, 273.1286, 276.9874, 245.6274, -15.59542, 9.473283, -30.21374, 115.3043, 97.68756, 15.95465, 22.49618, 15.0916, -24.54199],
[1417, 2551, 2583, 2288, 2323, 298.9954, 36.77399, 292.5532, -82.21374, 115.7863, -110.9847, 151.7934, 100.4407, 5.580566, -26.54962, -14.0687, 21.48092],
[1394, 2679, 2667, 2326, 2365, 266.7464, 250.7973, 260.8224, -15.37405, -122.6565, 66.50382, 174.8944, 102.8027, 1.061749, -44.31298, 5.068702, -5.496183],
[1451, 2699, 2686, 2359, 2416, 267.7321, 249.4385, 264.068, -22.93893, 17.23664, -66.72519, 154.3493, 97.71997, 3.661087, 59.29008, -18.9084, -16.89313],
[1443, 2674, 2683, 2401, 2443, 36.33364, 41.89306, 39.26404, -29.20611, 41.8626, -103.4504, 155.4568, 105.1481, 6.970981, -0.1450382, -27.30534, 2.931298],
[1471, 2711, 2717, 2435, 2475, 266.6564, 229.1464, 266.1364, 75.70992, -23.75573, 160.8244, 170.268, 104.7793, 2.493517, -55.41985, 26.22901, 35.36641],
[1482, 2707, 2717, 2439, 2485, 265.6583, 252.0664, 256.8822, -49.91603, 31.43512, -117.4886, 191.9058, 105.7953, 356.4799, 41.66412, -8.221375, -15.03054],
[1457, 2739, 2735, 2459, 2491, 90.2896, 90.01358, 14.61419, 18.77863, 14.32061, -23.16794, 159.063, 103.0955, 5.007512, -14.18321, -12.9771, -10.46565],
[1489, 2797, 2763, 2507, 2522, 267.8009, 263.3605, 252.0442, 73.56489, -24.09924, 150.9847, 176.0837, 103.7344, 0.8541234, -91.39695, 10.05344, 21.33588],
[1481, 2750, 2725, 2503, 2517, 272.3547, 276.7792, 250.5013, 53.19084, 40.09161, -109.1679, 188.1862, 107.0606, 357.3698, 52.19084, 5.198473, -23.29008],
[1338, 2575, 2667, 2381, 2275, 90.57936, 90.50731, 41.62847, 86.80916, 10.45802, 9.206107, 139.972, 103.6581, 11.48446, -15.19084, 15.19084, -11.77099],
[1389, 2733, 2749, 2544, 2469, 264.4865, 144.8935, 273.7487, 129.9847, 5.076336, 115.5343, 144.8173, 99.13222, 6.415304, -80.51908, 13.51908, 21.92366],
[1353, 2663, 2758, 2519, 2500, 269.2886, 258.0835, 266.8795, 24.68702, -1.10687, -77.34352, 178.252, 100.9871, 0.2355906, 13.8397, -19.33588, 0.259542],
[1373, 2765, 2791, 2537, 2512, 269.1708, 91.12002, 302.1024, -82.60305, 22.74809, 91.29008, 159.0137, 102.928, 4.953713, -1.503817, -1.022901, -22.40458],
[1414, 2768, 2769, 2551, 2519, 277.6683, 317.4641, 262.8375, 11.21374, -10.76336, 15.71756, 126.4872, 98.16962, 10.97363, -14.19847, 18.15267, -5.0],
[1423, 2753, 2751, 2414, 2384, 21.21087, 11.76468, 61.61586, 27.59542, -0.3664122, -189.9466, 192.0263, 103.4292, 356.9849, -7.40458, -11.51908, 22.80153],
[1426, 2790, 2810, 2483, 2479, 276.8133, 336.6741, 266.9577, 88.8626, -27.73283, 95.00764, 181.3424, 104.8438, 359.5565, -0.6412213, -1.801527, -12.25954],
[1425, 2822, 2771, 2481, 2477, 279.0774, 302.9016, 255.9856, -21.67176, -6.496183, 19.30534, 122.1493, 100.0492, 15.73585, 10.33588, 10.24428, -3.335878],
[1423, 2815, 2751, 2301, 2326, 264.1799, 105.6101, 289.6417, 26.38931, 41.48855, -189.8397, 163.2622, 106.4856, 4.996556, 13.22901, -19.12977, 1.564886],
[1470, 2901, 2847, 2545, 2595, 268.6335, 258.8333, 263.352, -39.00763, 40.83206, 48.16031, 172.8495, 107.714, 2.189497, -37.17557, 19.14504, 10.27481],
