[1465, 3249, 2551, 2569, 2442, 345.0121, 62.20272, 351.9665, 6.984733, -5.38168, -2.412214, 229.9268, 143.6701, 301.5312, -1.80916, 4.114504, 1.862595],
[1461, 3248, 2575, 2534, 2453, 342.1765, 62.08758, 350.3404, -4.48855, 3.763359, -1.328244, 230.6943, 144.2495, 300.3037, -5.030534, 3.916031, 1.557252],
[1453, 3249, 2576, 2579, 2453, 343.4849, 60.1976, 350.3693, -1.977099, 2.083969, -1.740458, 229.4696, 144.2355, 301.4144, -3.061069, 0.9770992, 2.450382],
[1465, 3277, 2559, 2577, 2466, 344.8459, 61.3644, 351.5901, 1.251908, -2.022901, -1.641221, 230.459, 143.7435, 300.982, -3.076336, 2.083969, 2.916031],
[1445, 3279, 2581, 2607, 2511, 343.995, 60.91185, 350.9383, 0.1679389, 1.389313, -1.198473, 229.9071, 143.8895, 301.3438, -3.015267, 2.419847, 1.358779],
[1458, 3299, 2590, 2599, 2527, 347.0456, 61.10019, 352.7609, -0.2442748, 2.900763, 1.274809, 229.2434, 144.7756, 301.1098, -3.854962, -0.778626, 0.7022901],
[1451, 3303, 2573, 2599, 2527, 344.5537, 60.80914, 351.2284, -2.015267, 4.778626, 1.053435, 229.5046, 144.7557, 300.8947, -3.450382, -0.2137404, -0.01526718],
[1455, 3297, 2603, 2590, 2550, 345.3787, 60.69622, 351.6722, -0.8549618, -0.351145, -1.267176, 229.5079, 144.0005, 301.6007, -2.839695, 3.259542, 1.854962],
[1481, 3315, 2591, 2611, 2551, 346.516, 61.75181, 352.6567, -3.10687, 0.2137404, -0.1221374, 229.2747, 143.7206, 302.0764, -2.374046, 2.374046, 1.381679],
[1466, 3323, 2573, 2615, 2551, 345.0208, 61.27671, 351.6603, 3.221374, -2.40458, -0.2442748, 229.4777, 143.6856, 301.9246, -1.419847, 1.793893, 0.4503817],
[1467, 3333, 2583, 2623, 2559, 346.6123, 62.042, 352.7971, -2.755725, 0.7175572, -0.4045802, 229.0327, 143.2159, 302.7767, -2.389313, 1.312977, 1.908397],
[1473, 3331, 2607, 2611, 2559, 344.8708, 61.47415, 351.6417, -0.5114504, 2.21374, 0.6412213, 228.4963, 144.3496, 302.188, -1.076336, -0.9236641, 0.2824428],
[1456, 3339, 2598, 2599, 2580, 345.1459, 61.61665, 351.8456, -1.526718, 0.9160305, 0.3587786, 229.8841, 143.9216, 301.3346, -2.832061, 1.076336, 1.198473],
[1458, 3335, 2622, 2621, 2554, 346.6304, 60.67342, 352.3943, -3.694656, 2.206107, 2.091603, 229.3504, 143.8683, 301.868, -1.389313, 2.259542, 1.083969],
[1471, 3339, 2611, 2621, 2575, 346.0578, 61.70314, 352.386, -3.984733, 2.641221, -0.389313, 229.2969, 144.3553, 301.4573, -2.946565, 2.343511, 1.763359],
[1456, 3375, 2608, 2639, 2571, 346.0294, 62.02278, 352.47, -2.664122, 2.625954, -0.3740458, 229.6103, 143.4226, 302.0515, -2.312977, 0.4885496, 2.732824],
[1469, 3371, 2607, 2639, 2559, 346.7227, 61.5317, 352.7061, -0.870229, 0.3282443, -0.08396947, 229.6532, 144.1245, 301.353, -0.9770992, 0.4580153, 1.335878],
[1487, 3354, 2615, 2639, 2586, 346.5159, 60.52409, 352.2817, -3.419847, 1.534351, -0.6412213, 229.3051, 144.9368, 300.903, -2.396947, 1.618321, 2.19084],
[1465, 3346, 2633, 2630, 2580, 348.3089, 61.4741, 353.577, -4.160306, 0.9083969, -0.8167939, 229.4073, 144.1054, 301.593, -4.221374, 2.175573, 1.580153],
[1461, 3347, 2621, 2630, 2601, 347.7455, 61.23206, 353.1955, -2.648855, 0.610687, -0.03816794, 230.147, 143.8361, 301.1771, -2.992366, 1.358779, 2.061069],
[1442, 3375, 2619, 2630, 2594, 344.0404, 62.12272, 351.4001, -3.832061, 1.022901, 0.06870229, 229.8334, 144.2665, 301.0578, -4.435114, 3.030534, 1.526718],
[1468, 3365, 2610, 2645, 2595, 346.105, 61.83214, 352.4525, -3.496183, 1.931298, 0.5725191, 229.6937, 143.5938, 301.8144, -3.274809, 1.763359, 1.21374],
[1482, 3351, 2635, 2640, 2595, 345.4588, 61.69505, 352.0477, -2.70229, 0.8015267, -0.3282443, 230.0004, 143.5977, 301.5323, -2.083969, 1.984733, 1.908397],
[1472, 3375, 2611, 2640, 2591, 346.7185, 60.85098, 352.4993, -1.19084, 6.389313, -5.206107, 229.3983, 144.9161, 300.8392, -4.824428, 0.2671756, 0.9923664],
[1461, 3365, 2629, 2639, 2595, 346.2989, 62.11482, 352.6468, -4.053435, -0.1450382, -0.4580153, 230.0252, 143.5444, 301.5596, -1.763359, 3.099237, 1.847328],
[1463, 3365, 2624, 2647, 2597, 347.2014, 61.43888, 352.9475, -1.885496, 2.0, -0.2213741, 229.6668, 144.1405, 301.3257, -2.229008, -0.3969466, 1.877863],
[1460, 3357, 2637, 2646, 2594, 347.1667, 61.91869, 353.0661, -2.862595, 1.709924, -0.1603053, 230.1783, 144.4658, 300.5635, -2.969466, 1.396947, 1.633588],
[1467, 3364, 2637, 2643, 2608, 347.3705, 61.03788, 352.9281, -3.282443, 2.916031, 0.2442748, 230.1548, 143.2887, 301.6808, -2.648855, 1.435114, 1.557252],
[1466, 3351, 2631, 2654, 2590, 345.8009, 61.17718, 352.074, -3.541985, 1.854962, -0.3053435, 229.4106, 144.2683, 301.4366, -1.778626, 2.0, 1.824428],
[1469, 3355, 2635, 2672, 2613, 347.1996, 61.10269, 352.8494, -2.725191, 1.648855, -0.1145038, 229.517, 144.2415, 301.3659, -2.198473, 0.740458, 1.648855],
[1486, 3371, 2636, 2655, 2615, 346.6484, 61.63993, 352.6969, -4.709924, 1.51145, -0.3740458, 230.0012, 143.7521, 301.3872, -1.641221, 2.007634, 1.70229],
[1473, 3391, 2620, 2659, 2623, 346.8451, 61.04849, 352.6312, -2.923664, 2.59542, 1.114504, 229.9525, 143.8541, 301.3359, -0.1984733, 1.435114, 1.557252],
[1488, 3376, 2637, 2672, 2619, 348.4465, 61.94438, 353.7753, -3.923664, 3.541985, 0.1984733, 230.1509, 143.8103, 301.1976, -2.480916, 0.4427481, 1.618321],
[1458, 3373, 2639, 2675, 2639, 346.7703, 61.11964, 352.6098, -2.633588, 2.236641, 0.4580153, 229.4654, 143.8488, 301.782, -2.687023, 0.7175572, 1.48855],
[1488, 3376, 2646, 2672, 2640, 347.0169, 60.79962, 352.656, -2.145038, 0.870229, -0.2213741, 230.1121, 143.5184, 301.5051, -2.19084, 0.8778625, 1.725191],
[1466, 3399, 2638, 2674, 2638, 347.1185, 60.72544, 352.6928, -4.419847, 1.10687, 0.2824428, 230.5909, 142.6853, 301.8459, -1.48855, 3.022901, 0.8854962],
[1466, 3397, 2611, 2671, 2655, 346.4755, 61.67079, 352.6095, -4.694656, 1.877863, -0.1908397, 230.1619, 143.721, 301.271, -2.938931, 1.961832, 0.8473283],
[1481, 3378, 2645, 2669, 2663, 346.3351, 61.16745, 352.3761, -4.48855, 1.51145, 0.2900764, 229.1218, 143.7451, 302.1926, -2.48855, 2.366412, 1.587786],
[1481, 3403, 2655, 2687, 2662, 345.7124, 60.97939, 351.9592, -1.259542, 2.984733, -0.007633588, 230.4651, 143.4468, 301.2519, -2.816794, 0.2061069, 1.21374],
[1467, 3407, 2639, 2699, 2655, 348.0327, 61.44015, 353.4138, -4.007634, 2.412214, 0.2061069, 230.4888, 142.8578, 301.7784, -2.938931, 2.603053, 1.473282],
[1473, 3408, 2631, 2685, 2684, 345.4567, 61.87804, 352.1062, -2.519084, 1.816794, 0.6183206, 230.1026, 143.5259, 301.5067, -0.7709923, 1.557252, 0.7557252],
[1470, 3389, 2637, 2697, 2651, 347.3857, 61.8902, 353.1787, -3.030534, 0.4580153, -0.6030535, 230.0201, 143.4224, 301.6783, -1.328244, 1.465649, 1.282443],
[1467, 3410, 2643, 2693, 2670, 347.35, 62.07705, 353.2116, -1.465649, 1.358779, 0.4351145, 230.6184, 142.7262, 301.7826, -1.396947, 1.549618, 1.458015],
[1450, 3423, 2654, 2687, 2647, 346.7631, 62.02854, 352.8759, -0.3282443, 1.007634, -0.5038168, 230.8534, 143.0773, 301.2426, -3.312977, 0.8549618, 1.671756],
[1468, 3406, 2650, 2683, 2671, 345.9916, 61.8991, 352.4104, -2.671756, 2.053435, -0.0610687, 230.1805, 143.001, 301.9264, -3.251908, 1.534351, 1.625954],
[1441, 3407, 2655, 2709, 2655, 346.1036, 62.15436, 352.5517, -4.251908, 2.763359, 0.519084, 230.5559, 143.6966, 300.9382, -2.847328, 1.801527, 1.358779],
[1461, 3381, 2662, 2677, 2659, 346.2313, 61.51801, 352.4258, -5.51145, 3.160305, 0.6946565, 229.9513, 143.6711, 301.5081, -4.931298, 1.824428, 1.007634],
[1447, 3399, 2655, 2706, 2672, 346.6054, 61.78542, 352.7165, -4.48855, 1.770992, -0.1908397, 230.1493, 142.9969, 301.9588, -4.183206, 1.954198, 1.717557],
[1426, 3299, 2703, 2790, 2850, 3.559665, 73.10037, 1.013333, -1.320611, 0.648855, -0.9312977, 231.026, 139.0962, 304.8096, -4.08397, 0.5877862, 2.068702],
[1413, 3327, 2717, 2800, 2819, 3.063811, 72.71131, 0.8864599, -5.465649, -0.2213741, -0.259542, 230.4646, 140.26, 304.2424, -5.015267, 3.908397, 2.366412],
[1408, 3309, 2726, 2781, 2839, 1.207325, 73.1348, 0.3003455, -2.519084, 1.931298, -0.1450382, 231.1936, 138.7374, 304.9888, -2.312977, -0.2671756, 1.290076],
[1425, 3344, 2707, 2789, 2832, 1.79445, 72.72799, 0.4921514, -1.763359, 1.259542, -0.3435115, 231.3715, 138.847, 304.7137, -0.778626, 1.328244, 1.587786],
[1424, 3351, 2704, 2798, 2843, 359.2492, 72.65141, 359.7221, -6.977099, 3.778626, 1.366412, 231.3463, 138.9371, 304.6527, -3.236641, 1.824428, 0.832061],
[1404, 3365, 2719, 2783, 2869, -0.0618041, 72.57106, -0.08206394, -4.030534, 1.053435, 1.763359, 231.7894, 139.0538, 304.1179, 0.6564885, 3.068702, -0.7328244],
[1418, 3399, 2719, 2809, 2855, 1.450197, 71.917, 0.4096093, -3.40458, -1.557252, 5.053435, 231.5828, 139.4361, 303.9562, 1.374046, 4.732824, -2.977099],
[1419, 3423, 2725, 2800, 2855, 351.8116, 73.54412, 357.5342, -1.022901, -1.748092, -3.977099, 232.2248, 136.8627, 305.7672, -5.671756, 2.854962, 0.7099237],
[1424, 3431, 2725, 2811, 2851, 356.7575, 72.89884, 358.9618, 2.847328, -3.633588, -2.312977, 232.2092, 137.1654, 305.4947, 1.89313, -1.709924, 2.70229],
[1420, 3440, 2731, 2801, 2859, 350.4255, 73.96275, 357.1939, -4.358778, 0.3664122, -2.40458, 233.586, 136.6331, 304.6489, 1.580153, 3.412214, 4.351145],
[1424, 3463, 2719, 2809, 2861, 1.32943, 75.08327, 0.2849901, -11.92366, -3.969466, -2.175573, 236.8684, 137.2753, 300.8691, -3.770992, 11.67176, 5.496183],
[1419, 3509, 2718, 2811, 2870, 351.9907, 74.35642, 357.7102, -3.641221, 11.51145, 1.648855, 232.4332, 136.076, 306.3121, -5.061069, -6.534351, -1.389313],
[1431, 3527, 2754, 2805, 2865, 2.831336, 74.3029, 0.7260206, -2.78626, 2.068702, -0.7557252, 234.1214, 139.0411, 301.9101, 0.4580153, 3.129771, 3.015267],
[1425, 3537, 2739, 2823, 2871, 359.5506, 74.32474, 359.8279, -1.358779, 4.068702, 0.961832, 233.3126, 137.0925, 304.4858, -4.366412, -0.3740458, 0.2213741],
[1440, 3583, 2741, 2820, 2890, 358.0649, 73.49227, 359.3838, -5.832061, 5.351145, -1.389313, 232.7348, 138.0268, 304.1719, -5.923664, -0.2977099, 2.977099],
[1445, 3685, 2742, 2823, 2879, 11.09139, 76.3908, 2.63095, 13.96947, -0.1526718, 11.93893, 232.368, 132.9496, 309.4092, -11.65649, -11.58779, -21.91603],
[1435, 3711, 2751, 2822, 2867, 31.03613, 81.25801, 5.161736, -5.908397, -10.67176, -14.10687, 234.102, 141.0959, 300.0819, -6.015267, 4.923664, 2.458015],
[1430, 3735, 2751, 2831, 2887, 10.86122, 75.36408, 2.784204, -1.694656, -0.6641222, 3.473282, 233.9241, 140.4437, 300.8286, -10.33588, 2.129771, -3.618321],
[1427, 3723, 2735, 2823, 2887, 359.9137, 75.45458, 359.9297, 3.793893, -2.251908, 0.8625955, 233.0966, 138.8627, 303.0473, -0.2748091, -2.091603, 1.717557],
[1415, 3719, 2759, 2832, 2890, 8.939559, 74.66282, 2.3901, 1.007634, 3.725191, 1.89313, 233.9645, 138.8215, 302.2587, 0.9847328, -0.8015267, 1.007634],
[1435, 3727, 2750, 2835, 2883, 359.3367, 72.78454, 359.7507, -6.580153, 2.778626, 1.312977, 233.0935, 139.5034, 302.4601, -3.389313, 3.396947, 0.7633588],
[1427, 3751, 2759, 2853, 2901, 1.860858, 74.73017, 0.4387217, -3.51145, 2.442748, 2.007634, 233.6638, 138.4243, 302.9095, 0.3587786, 2.083969, 1.40458],
[1436, 3706, 2763, 2847, 2902, 0.8436997, 72.62016, 0.1998524, -4.580153, 4.519084, 0.2671756, 233.4402, 138.5107, 303.0439, -4.374046, 0.6183206, 1.969466],
[1435, 3743, 2763, 2845, 2914, 359.4825, 72.63887, 359.7944, -1.29771, 1.549618, -0.03053435, 233.6638, 138.5463, 302.7973, -0.8931297, 1.198473, 1.916031],
[1441, 3719, 2753, 2839, 2899, 0.480184, 73.12599, 0.08113497, -0.6335878, 2.022901, -0.3358779, 232.9286, 139.7341, 302.4037, -2.908397, 0.5038168, 1.740458],
[1449, 3749, 2758, 2855, 2905, 358.8392, 73.05103, 359.603, -1.870229, 2.251908, 0.007633588, 232.9105, 138.8869, 303.2024, -1.534351, -0.02290076, 1.824428],
[1447, 3747, 2751, 2865, 2896, 2.425456, 73.14699, 0.6674406, -4.38168, 2.625954, -0.06870229, 232.8856, 139.4554, 302.7007, -3.29771, 1.091603, 1.931298],
[1453, 3747, 2767, 2851, 2895, 0.5929997, 72.18533, 0.1275017, -4.122138, 2.854962, -0.1221374, 232.6736, 139.3854, 302.9663, -3.160305, 1.687023, 1.969466],
[1442, 3766, 2753, 2852, 2897, 0.3262612, 72.86915, 0.03674912, -4.236641, 2.442748, 0.5038168, 232.1187, 139.5691, 303.3222, -3.076336, 2.244275, 1.320611],
[1433, 3751, 2759, 2864, 2923, 1.361535, 72.45486, 0.3657562, -3.931298, 1.931298, -0.961832, 232.6853, 138.7964, 303.5015, -2.946565, 1.824428, 2.389313],
[1456, 3763, 2767, 2863, 2907, 357.4106, 72.47385, 359.1417, -2.969466, 2.778626, -0.03053435, 231.5743, 139.9549, 303.478, -1.572519, 1.969466, 1.412214],
[1443, 3767, 2775, 2842, 2927, 0.07710485, 72.072, -0.037077, -2.977099, 1.526718, 0.2900764, 232.2449, 139.6665, 303.112, -1.0, 1.80916, 1.29771],
[1445, 3761, 2753, 2844, 2903, 0.3511249, 71.78102, 0.05362093, -3.526718, 1.648855, 0.1908397, 232.2696, 140.3338, 302.4707, -1.114504, 1.946565, 2.122137],
[1458, 3761, 2771, 2864, 2915, 359.1276, 72.08991, 359.6756, -3.70229, 2.549618, 0.5572519, 231.9498, 139.5642, 303.4871, -1.862595, 1.122137, 1.312977],
[1456, 3751, 2774, 2865, 2903, 0.499911, 72.3366, 0.09601221, -2.770992, 2.244275, 0.5114504, 232.683, 138.6742, 303.6174, -1.78626, 0.7175572, 1.061069],
[1454, 3757, 2751, 2863, 2917, 358.7838, 71.80799, 359.5587, -0.8854962, 1.053435, 0.3435115, 232.7381, 138.8649, 303.3874, -1.923664, 0.3129771, 0.9160305],
[1427, 3717, 2749, 2858, 2901, 358.7817, 72.55848, 359.5747, -3.984733, 2.458015, -0.2137404, 232.148, 139.5697, 303.2938, -3.992366, 1.572519, 1.80916],
[1456, 3767, 2751, 2855, 2913, 358.2696, 72.28965, 359.406, -4.030534, 3.381679, -0.05343511, 232.2539, 139.7227, 303.0513, -4.603054, 0.9236641, 1.587786],
[1459, 3751, 2768, 2863, 2909, 359.0574, 71.78556, 359.6478, -1.862595, 2.198473, -0.610687, 231.553, 140.2412, 303.2304, -3.267176, 0.4274809, 2.114504],
[1459, 3766, 2771, 2869, 2919, 358.782, 71.63572, 359.5543, -2.664122, 2.129771, -0.2366412, 231.5472, 140.4296, 303.0601, -3.099237, 1.320611, 1.587786],
[1449, 3779, 2782, 2847, 2923, 359.918, 71.99544, 359.9297, -3.931298, 2.076336, 0.09923664, 232.2248, 139.7358, 303.0667, -1.900763, 2.099237, 1.450382],
[1456, 3751, 2783, 2855, 2927, 0.9558734, 71.29444, 0.2615745, -4.335878, 2.580153, -0.2137404, 232.4066, 139.4772, 303.1345, -3.229008, 0.870229, 2.519084],
[1462, 3761, 2783, 2859, 2935, 359.1449, 71.94396, 359.6789, -0.9312977, 2.221374, 0.7251908, 232.1323, 139.6268, 303.2555, -2.335878, 0.1603053, 0.7480916],
[1455, 3781, 2763, 2877, 2923, 359.2584, 71.24173, 359.7065, -3.854962, 2.21374, -0.3053435, 231.3798, 140.2485, 303.387, -2.374046, 1.534351, 2.015267],
[1458, 3767, 2770, 2867, 2935, 357.9349, 71.67434, 359.2758, -3.076336, 1.328244, -0.2900764, 231.7626, 140.2201, 303.0526, -3.068702, 1.465649, 1.526718],
[1449, 3772, 2815, 2859, 2925, 0.5270288, 71.83861, 0.1105343, -4.839694, 2.305344, 0.01526718, 232.3536, 139.471, 303.1906, -2.862595, 1.587786, 0.9007633],
[1458, 3781, 2767, 2879, 2931, 358.6752, 71.69639, 359.5205, -4.114504, 2.671756, 0.519084, 231.1937, 140.6393, 303.1965, -3.320611, 1.015267, 0.3587786],
[1465, 3775, 2763, 2863, 2931, 359.7003, 71.05793, 359.855, -5.274809, 0.1832061, -0.8244275, 231.7207, 140.4488, 302.8792, -3.198473, 2.717557, 1.89313],
[1559, 3487, 2754, 2751, 2512, 17.51402, 71.63101, 5.893699, -3.114504, 1.89313, 0.06870229, 230.3433, 147.7859, 297.3735, -3.755725, 1.48855, 1.847328],
[1567, 3461, 2757, 2743, 2511, 16.20382, 71.17359, 5.572629, -5.282443, 1.931298, -0.1068702, 230.0252, 147.5309, 297.8722, -6.08397, 2.244275, 1.89313],
[1550, 3465, 2779, 2742, 2511, 17.81726, 71.25021, 6.138128, -2.549618, 1.725191, -0.2900764, 229.9748, 147.6577, 297.7985, -2.80916, 1.70229, 1.641221],
[1572, 3473, 2751, 2759, 2510, 17.81604, 71.21337, 6.150793, -3.351145, 1.656489, 0.0, 230.1122, 147.8843, 297.4765, -3.916031, 1.183206, 1.412214],
[1568, 3519, 2771, 2755, 2525, 19.79786, 72.77728, 6.273881, -5.38168, 2.251908, 1.160305, 230.3337, 147.067, 298.0357, -2.679389, 1.656489, 1.129771],
[1545, 3503, 2747, 2745, 2527, 15.33508, 71.19203, 5.251395, -3.923664, 2.435115, 0.4122138, 230.0062, 147.2829, 298.1154, -3.847328, 1.526718, 0.648855],
[1499, 3499, 2765, 2743, 2525, 16.34956, 71.53194, 5.509281, -2.969466, 2.656489, -0.1908397, 229.7633, 147.7608, 297.8816, -4.328244, -0.610687, 1.694656],
[1494, 3519, 2775, 2765, 2512, 16.9546, 70.30477, 6.142568, -2.854962, 2.633588, 0.9083969, 230.2742, 148.5577, 296.7307, -5.114504, 1.664122, 0.8549618],
[1552, 3519, 2771, 2751, 2527, 15.3523, 69.97661, 5.631196, -2.549618, 1.70229, -1.076336, 230.0778, 147.8724, 297.5161, -3.832061, 0.6641222, 2.137405],
[1545, 3533, 2770, 2767, 2547, 15.91228, 70.46849, 5.690677, -3.961832, 1.687023, 0.08396947, 230.1194, 147.8065, 297.5414, -3.007634, 1.832061, 1.480916],
[1565, 3534, 2777, 2767, 2535, 15.50999, 71.61008, 5.185998, -3.389313, 1.816794, 0.7862596, 229.8866, 147.9062, 297.6448, -3.549618, 1.29771, 1.236641],
[1566, 3535, 2783, 2767, 2543, 12.69238, 68.07145, 5.105232, 3.343511, -0.1221374, -2.091603, 230.3447, 147.8412, 297.3221, 2.038168, 0.9083969, 2.755725],
[1559, 3547, 2770, 2765, 2539, 16.3806, 71.39705, 5.564282, -5.030534, 2.236641, 1.045802, 230.1374, 147.4594, 297.8432, -2.549618, 1.816794, 0.832061],
[1565, 3519, 2774, 2769, 2551, 16.88777, 71.43268, 5.73565, -3.312977, 1.770992, 0.648855, 230.027, 147.5997, 297.8078, -2.732824, 2.427481, 0.6870229],
[1591, 3558, 2791, 2737, 2539, 16.72581, 70.22439, 6.081611, -2.679389, 1.862595, 0.5801527, 230.4215, 147.2017, 297.839, -1.312977, 2.519084, 1.954198],
[1583, 3543, 2783, 2770, 2531, 15.82675, 70.9401, 5.509008, -3.549618, 2.51145, -0.3664122, 230.7152, 147.6773, 297.1625, -2.816794, 0.02290076, 1.51145],
[1565, 3519, 2799, 2767, 2535, 19.22016, 70.80434, 6.831061, -4.282443, 2.40458, -0.4198473, 230.3365, 147.081, 298.0206, -4.80916, 0.6259542, 1.480916],
[1578, 3535, 2794, 2769, 2553, 15.42507, 71.29327, 5.252912, -3.389313, 0.9389313, 0.2977099, 231.1662, 147.7003, 296.7684, -2.206107, 3.022901, 1.908397],
[1580, 3519, 2797, 2769, 2548, 16.67558, 71.18629, 5.7408, -4.328244, 2.580153, -0.5038168, 230.4513, 147.608, 297.4449, -3.137405, 1.458015, 2.610687],
[1567, 3549, 2786, 2767, 2545, 16.12459, 70.31033, 5.822291, -0.8167939, 2.977099, -0.1068702, 229.5172, 148.49, 297.4165, -3.458015, -1.885496, 0.870229],
[1569, 3562, 2783, 2765, 2555, 16.71738, 70.3023, 6.05213, -2.450382, 1.221374, 0.832061, 229.1687, 148.8404, 297.3818, -1.984733, 0.9007633, 0.04580153],
[1569, 3551, 2782, 2779, 2559, 15.44538, 70.54692, 5.490169, -3.229008, 1.587786, 0.1374046, 230.264, 148.1113, 297.1439, -1.587786, 1.824428, 1.396947],
[1570, 3559, 2779, 2770, 2550, 16.20194, 71.24386, 5.549268, -3.030534, 1.687023, 0.5343512, 230.0195, 147.6978, 297.7244, -3.984733, 1.030534, 1.29771],
[1584, 3539, 2800, 2767, 2559, 16.41558, 70.27678, 5.94471, -3.198473, 1.328244, 0.3816794, 229.2854, 147.9491, 298.1097, -2.51145, 1.534351, 1.480916],
[1566, 3551, 2797, 2779, 2537, 17.67832, 71.11052, 6.136284, -4.076336, 0.1068702, -0.8931297, 230.2059, 146.9719, 298.2309, -2.007634, 1.259542, 1.679389],
[1579, 3545, 2791, 2794, 2556, 17.93129, 71.38803, 6.130874, -1.969466, 3.244275, 0.8091603, 229.8343, 148.1001, 297.5109, -1.29771, 0.5877862, 1.480916],
[1584, 3543, 2801, 2773, 2549, 16.44108, 70.81333, 5.777495, -3.21374, 1.992366, 0.3358779, 229.5219, 148.0057, 297.8587, -2.198473, 1.229008, 1.053435],
[1577, 3567, 2783, 2789, 2557, 15.42519, 70.89308, 5.37585, -3.580153, 1.763359, 0.1374046, 230.2808, 147.91, 297.3128, -2.641221, 1.572519, 1.625954],
[1584, 3551, 2803, 2770, 2547, 15.89525, 70.20555, 5.768219, -3.671756, 0.6793893, -0.2290076, 230.1913, 147.4566, 297.8005, -1.442748, 2.305344, 1.801527],
[1573, 3599, 2799, 2795, 2545, 15.43428, 71.22227, 5.277994, -3.236641, 1.419847, -0.6564885, 230.6158, 147.4365, 297.4628, -3.503817, 1.679389, 2.251908],
[1577, 3551, 2798, 2779, 2576, 18.03129, 70.81386, 6.374648, -1.587786, 2.633588, -0.740458, 230.2402, 148.0788, 297.1931, -3.038168, 0.1145038, 2.519084],
[1572, 3563, 2789, 2788, 2576, 16.28175, 70.92546, 5.681647, -2.572519, 1.633588, 0.5954198, 230.478, 148.7555, 296.3858, -1.152672, 2.236641, 1.152672],
[1580, 3568, 2798, 2790, 2575, 16.64353, 71.469, 5.635417, -2.022901, 1.679389, -0.1755725, 231.1233, 147.202, 297.25, -3.633588, 1.923664, 2.145038],
[1566, 3579, 2801, 2795, 2574, 16.92345, 70.765, 5.974137, -3.557252, 2.221374, 0.8167939, 230.1158, 147.4708, 297.8509, -3.938931, 1.335878, 0.8549618],
[1585, 3569, 2789, 2773, 2575, 14.25246, 70.71527, 4.996965, -4.70229, 2.587786, 0.3816794, 229.3514, 147.9787, 298.0268, -3.748092, 1.603053, 0.8778625],
[1584, 3569, 2795, 2782, 2583, 16.81842, 70.8708, 5.899095, -3.10687, 1.458015, -0.2671756, 230.4164, 147.4779, 297.5922, -1.480916, 1.221374, 1.664122],
[1599, 3568, 2797, 2791, 2573, 17.24619, 70.93505, 6.036775, -3.091603, 1.923664, 0.6412213, 230.0551, 147.8045, 297.597, -1.664122, 1.290076, 1.305344],
[1587, 3573, 2810, 2800, 2559, 18.66633, 71.73292, 6.272679, -3.748092, 0.9923664, -0.1679389, 230.1339, 147.652, 297.6703, -1.648855, 1.740458, 1.931298],
[1570, 3601, 2789, 2800, 2559, 15.93061, 70.80308, 5.590867, -2.633588, 2.229008, -0.129771, 229.8871, 147.8302, 297.7141, -3.931298, 0.3740458, 0.9312977],
[1576, 3581, 2799, 2799, 2583, 15.5478, 70.24703, 5.622179, -4.175572, 1.992366, 0.09923664, 229.9558, 147.9258, 297.5691, -2.198473, 1.80916, 2.389313],
[1584, 3577, 2799, 2783, 2587, 16.13112, 70.72358, 5.69106, -2.603053, 1.21374, 0.4045802, 230.1862, 147.9517, 297.3535, -2.160305, 1.167939, -0.09160305],
[1568, 3583, 2815, 2799, 2559, 17.2663, 71.27611, 5.92665, -4.08397, 1.908397, -0.2442748, 230.1517, 147.8865, 297.4417, -3.206107, 1.603053, 1.763359],
[1584, 3583, 2815, 2796, 2579, 19.95674, 71.38649, 6.881075, -2.396947, 2.236641, -0.7480916, 229.6266, 148.357, 297.448, -3.931298, -0.1984733, 1.78626],
[1584, 3559, 2811, 2779, 2583, 17.52822, 71.10201, 6.083606, -2.541985, 0.480916, -1.450382, 230.371, 147.9419, 297.2089, -2.923664, 0.5496183, 1.977099],
[1573, 3579, 2815, 2786, 2593, 19.83622, 71.63136, 6.73882, -3.396947, 1.541985, -0.1832061, 231.3239, 147.8779, 296.4805, -2.122137, 1.770992, 1.847328],
[1582, 3607, 2817, 2807, 2586, 18.17412, 71.39274, 6.218198, -3.351145, 2.030534, 1.091603, 230.4846, 148.2403, 296.845, -1.687023, 1.832061, 0.9007633],
[1584, 3599, 2811, 2804, 2587, 17.36862, 70.78197, 6.135737, -4.175572, 2.564885, -0.03053435, 230.6682, 148.2848, 296.6542, -3.083969, 1.038168, 1.480916],
[1581, 3600, 2815, 2795, 2597, 17.84412, 70.63453, 6.368131, -2.984733, 1.961832, 0.389313, 230.2635, 147.9398, 297.3001, -3.526718, 1.603053, 1.053435],
[1658, 3357, 2831, 2815, 2797, 18.19374, 67.21183, 7.779025, -9.045801, 6.282443, 0.4122138, 229.5036, 150.3782, 295.6973, -3.458015, 0.7022901, 0.9847328],
[1646, 3349, 2768, 2807, 2803, 17.78887, 66.43202, 7.886799, -0.8625955, 1.549618, 0.3969466, 228.6303, 150.8019, 296.0011, -2.473282, 1.175573, 0.4732824],
[1677, 3361, 2778, 2832, 2802, 11.51752, 65.58638, 5.214728, -2.19084, 0.9083969, -0.8015267, 228.2881, 151.5976, 295.5309, -2.221374, 1.427481, 1.870229],
[1671, 3372, 2754, 2823, 2795, 13.90375, 65.97691, 6.222077, -0.6183206, 0.07633588, -0.4656488, 228.6247, 151.7775, 295.1011, -3.152672, 1.603053, 1.793893],
[1670, 3376, 2767, 2821, 2803, 15.09562, 66.6994, 6.549363, -5.419847, 2.748092, 0.0610687, 228.0354, 151.5296, 295.7935, -3.083969, 0.4503817, 0.4427481],
[1669, 3366, 2758, 2815, 2815, 12.80745, 66.15492, 5.665089, -6.725191, 2.412214, -1.053435, 228.897, 152.2028, 294.4993, -5.015267, 2.465649, 0.6259542],
[1662, 3397, 2767, 2827, 2800, 13.53133, 65.75991, 6.111161, -2.305344, 2.557252, 0.1526718, 227.8386, 151.9036, 295.5969, -3.068702, 1.19084, 1.396947],
[1642, 3370, 2771, 2831, 2807, 15.576, 66.07972, 6.971705, -3.40458, 3.160305, -0.1145038, 228.1428, 151.6691, 295.5782, -4.839694, 0.6793893, 1.389313],
[1673, 3391, 2782, 2819, 2823, 13.85505, 65.41268, 6.365782, -3.793893, 3.870229, -1.129771, 228.0369, 151.9442, 295.4035, -2.854962, 0.5725191, 1.770992],
[1673, 3407, 2787, 2819, 2823, 14.57625, 66.23245, 6.457203, -2.503817, 1.412214, -0.05343511, 228.5873, 151.4267, 295.4552, -1.068702, 2.083969, 2.40458],
[1655, 3403, 2801, 2827, 2817, 13.54246, 65.97877, 6.053469, -2.587786, 1.305344, -0.1145038, 228.2813, 152.4503, 294.7417, -3.366412, 1.038168, 0.5801527],
[1623, 3391, 2775, 2823, 2831, 15.34589, 66.21726, 6.819121, -3.793893, 2.519084, 0.4732824, 228.8559, 151.3614, 295.3053, -3.122137, 1.19084, 1.885496],
[1683, 3408, 2821, 2837, 2821, 15.44325, 66.02296, 6.928016, -3.267176, 2.122137, 0.5648855, 228.3098, 151.5717, 295.5381, -3.396947, 1.412214, 1.167939],
[1679, 3377, 2783, 2846, 2827, 14.59129, 66.4825, 6.387203, -1.961832, 1.496183, -0.0610687, 227.9603, 151.7238, 295.6704, -1.770992, 1.343511, 1.725191],
[1671, 3423, 2771, 2831, 2813, 15.87005, 66.22207, 7.062007, -2.946565, 1.946565, 0.4503817, 228.5652, 151.5182, 295.3876, -2.221374, 1.793893, 1.068702],
[1667, 3415, 2799, 2827, 2830, 14.61384, 66.34075, 6.441179, -3.938931, 1.564886, -0.03816794, 228.8982, 151.3159, 295.3141, -2.015267, 1.633588, 1.381679],
[1674, 3423, 2769, 2834, 2822, 14.17401, 65.74114, 6.419047, -2.824427, 2.343511, 0.7251908, 228.3053, 151.3872, 295.7137, -2.519084, 0.5725191, 1.0],
[1680, 3403, 2787, 2835, 2828, 14.05461, 66.197, 6.226913, -2.908397, 1.465649, 0.1221374, 229.2053, 151.5849, 294.8287, -0.961832, 1.412214, 1.541985],
[1671, 3390, 2775, 2832, 2826, 15.1224, 66.3864, 6.661154, -3.198473, 2.015267, -0.2519084, 228.5234, 152.1243, 294.8583, -3.648855, 1.549618, 2.053435],
[1685, 3408, 2789, 2832, 2829, 16.71477, 67.06768, 7.160532, -2.648855, 1.832061, 0.04580153, 229.0596, 151.6347, 294.8956, -2.137405, 0.961832, 1.473282],
[1680, 3419, 2791, 2839, 2815, 15.4991, 66.35368, 6.845815, -3.839695, 1.603053, -0.6946565, 228.3948, 152.0626, 295.0147, -3.603053, 0.9312977, 1.931298],
[1673, 3411, 2799, 2815, 2800, 16.71965, 66.52979, 7.351696, -2.083969, 1.78626, -0.3587786, 228.8291, 152.1874, 294.5653, -2.587786, 0.8625955, 1.625954],
[1670, 3419, 2795, 2815, 2800, 15.88882, 66.44215, 6.99691, -4.099236, 1.931298, -0.2900764, 228.7676, 151.3861, 295.3516, -2.847328, 1.603053, 1.709924],
[1671, 3415, 2794, 2815, 2767, 15.76353, 65.91918, 7.113469, -1.816794, 0.6946565, -0.8396947, 228.5167, 152.3365, 294.6668, -1.435114, 0.9007633, 1.977099],
[1679, 3431, 2779, 2815, 2727, 16.96625, 66.3093, 7.545251, -2.587786, 2.534351, 0.4885496, 228.6648, 152.4464, 294.4522, -2.603053, 0.7862596, 1.328244],
[1664, 3415, 2783, 2815, 2746, 17.5637, 66.47632, 7.764544, -4.068702, 1.832061, 0.4198473, 228.8245, 152.0503, 294.695, -1.648855, 1.923664, 1.229008],
[1636, 3415, 2786, 2815, 2741, 16.03274, 66.15437, 7.161079, -2.89313, 2.335878, -0.351145, 228.8575, 151.7794, 294.919, -2.801527, 0.7328244, 1.847328],
[1664, 3423, 2793, 2811, 2727, 14.30085, 66.49957, 6.249387, -3.0, 1.442748, 0.3358779, 228.1492, 152.7899, 294.5262, -3.80916, 2.305344, 1.0],
[1679, 3439, 2787, 2811, 2735, 18.3804, 66.74224, 8.045408, -3.564885, 1.244275, -0.09923664, 228.6379, 152.2678, 294.6375, -1.938931, 2.389313, 2.259542],
[1673, 3407, 2795, 2797, 2730, 16.6861, 66.45542, 7.362311, -3.961832, 2.007634, -0.6412213, 229.367, 151.5279, 294.7558, -3.053435, 1.282443, 1.717557],
[1650, 3409, 2777, 2813, 2708, 16.10309, 66.1778, 7.186107, -2.114504, 1.938931, 0.129771, 228.4163, 152.4156, 294.6704, -1.977099, 1.21374, 1.099237],
[1669, 3423, 2799, 2807, 2732, 17.04237, 66.67086, 7.45096, -3.022901, 1.442748, 1.061069, 228.9706, 152.3422, 294.3154, -2.236641, 1.419847, 0.4580153],
[1674, 3430, 2791, 2803, 2737, 16.29448, 66.90767, 7.02534, -3.603053, 1.29771, 0.4503817, 228.955, 151.9653, 294.6729, -2.740458, 1.755725, 0.778626],
[1670, 3439, 2780, 2803, 2735, 15.11295, 66.6372, 6.576987, -4.137404, 1.954198, 0.6030535, 229.3371, 151.3586, 294.9333, -2.549618, 2.21374, 1.083969],
[1675, 3441, 2794, 2827, 2715, 16.53436, 66.48073, 7.282911, -3.0, 1.900763, -0.9770992, 228.6797, 151.9803, 294.871, -2.198473, 0.740458, 2.503817],
[1675, 3435, 2799, 2801, 2735, 17.02203, 66.82143, 7.387653, -2.717557, 1.610687, 0.259542, 228.801, 152.0636, 294.7008, -1.251908, 1.572519, 1.633588],
[1683, 3440, 2790, 2815, 2751, 16.12295, 67.27599, 6.823274, -2.984733, 1.763359, 0.4198473, 229.4963, 151.5601, 294.627, -2.442748, 1.038168, 0.8244275],
[1664, 3427, 2782, 2801, 2758, 14.19188, 66.66531, 6.150301, -4.076336, 2.70229, -0.7099237, 228.3739, 152.4205, 294.6983, -5.030534, 1.801527, 2.572519],
[1677, 3434, 2787, 2815, 2773, 15.76469, 65.64129, 7.207282, -2.938931, 2.366412, 0.2137404, 228.7418, 151.6284, 295.1479, -2.832061, 1.633588, 1.870229],
[1677, 3479, 2801, 2837, 2765, 16.02479, 66.0822, 7.181844, -2.877863, 2.007634, 0.6335878, 228.5045, 152.0966, 294.8985, -1.908397, 0.7862596, 1.19084],
[1671, 3447, 2797, 2815, 2756, 15.65006, 67.17327, 6.646441, -3.763359, 1.183206, 0.4427481, 228.8193, 151.9961, 294.7489, -1.114504, 2.389313, 1.877863],
[1658, 3439, 2781, 2783, 2723, 17.16713, 67.02863, 7.37962, -2.557252, 1.068702, 0.259542, 229.1256, 151.8296, 294.6663, -3.259542, 0.7862596, 1.083969],
[1639, 3440, 2791, 2828, 2781, 15.9368, 66.48073, 7.006145, -3.343511, 2.061069, 0.4198473, 229.1427, 151.8887, 294.5991, -2.946565, 1.267176, 1.19084],
[1650, 3431, 2807, 2832, 2771, 17.95994, 67.2311, 7.665444, -3.450382, 1.21374, 0.01526718, 229.2553, 152.066, 294.3512, -1.816794, 1.832061, 1.572519],
[1667, 3441, 2795, 2826, 2768, 15.49044, 66.74792, 6.713218, -3.022901, 2.687023, 0.7480916, 229.0801, 151.8099, 294.7193, -1.900763, 1.458015, 0.8778625],
[1680, 3445, 2803, 2847, 2779, 16.17533, 67.25698, 6.853042, -2.328244, 0.5343512, -0.04580153, 229.0981, 151.9231, 294.6019, -1.778626, 1.21374, 1.206107],
[1682, 3437, 2801, 2847, 2783, 17.23564, 67.82626, 7.124125, -2.961832, 1.770992, 0.2137404, 229.6081, 151.3397, 294.7408, -2.541985, 2.206107, 1.465649],
[1672, 3427, 2813, 2827, 2783, 16.62403, 67.04598, 7.127048, -4.091603, 0.961832, -0.480916, 229.1428, 151.9987, 294.4984, -3.083969, 2.862595, 1.778626],
[1593, 3990, 2807, 2786, 2839, 20.90263, 75.17526, 5.6733, -0.961832, 1.984733, 1.435114, 228.3987, 149.7937, 297.1283, -0.4503817, -0.03053435, 0.2366412],
[1600, 3949, 2800, 2807, 2833, 23.20351, 74.50298, 6.677275, -3.076336, 2.954198, -0.1603053, 228.3032, 150.2253, 296.8019, -3.755725, 0.1068702, 0.9694656],
[1600, 3999, 2806, 2799, 2831, 23.85843, 74.82474, 6.737945, -3.671756, 2.59542, -0.4732824, 227.5232, 151.5318, 296.1977, -4.10687, 1.366412, 1.442748],
[1600, 4007, 2815, 2809, 2849, 21.82281, 74.62523, 6.184236, -4.801527, 1.259542, 0.7022901, 227.66, 151.1915, 296.411, -2.847328, 2.580153, 1.267176],
[1605, 4027, 2815, 2811, 2847, 25.02192, 75.65155, 6.703409, -2.068702, 2.564885, 0.2290076, 227.9441, 150.9639, 296.398, -2.10687, -0.2824428, 0.5114504],
[1612, 4039, 2823, 2810, 2855, 23.98528, 74.66291, 6.854846, -4.61832, 2.137405, -0.7557252, 227.6235, 151.1024, 296.5247, -4.580153, 0.4732824, 1.839695],
[1592, 4039, 2815, 2804, 2847, 22.95307, 74.23838, 6.716305, -2.671756, 0.5114504, -0.4580153, 227.9102, 151.6997, 295.7325, -0.9083969, 2.015267, 1.503817],
[1588, 4069, 2832, 2806, 2867, 24.9624, 75.56465, 6.727863, -4.59542, -0.5725191, 0.03053435, 228.774, 149.942, 296.6841, -1.900763, 3.198473, 0.7251908],
[1591, 4075, 2800, 2815, 2866, 23.92009, 75.08389, 6.635635, -3.122137, 3.076336, 0.3358779, 228.4892, 151.066, 295.8677, -4.366412, 0.03816794, 0.7099237],
[1605, 4063, 2831, 2815, 2865, 26.62699, 75.27602, 7.398432, -4.091603, 2.870229, -0.2671756, 228.1417, 151.7259, 295.5259, -4.847328, 0.8473283, 1.40458],
[1584, 4071, 2831, 2819, 2853, 26.35769, 74.83682, 7.541808, -3.419847, 3.030534, 0.06870229, 226.9851, 151.6245, 296.5397, -1.923664, 0.870229, 1.137405],
[1617, 4067, 2829, 2831, 2859, 23.87361, 74.60008, 6.848465, -3.290076, 1.480916, 0.2061069, 227.6718, 151.527, 296.084, -2.267176, 1.900763, 1.396947],
[1601, 4063, 2815, 2831, 2863, 23.52179, 74.65787, 6.708286, -3.21374, 1.267176, 0.03053435, 228.2356, 150.5644, 296.5389, -1.290076, 1.21374, 1.839695],
[1606, 4083, 2822, 2831, 2851, 26.03022, 75.5265, 7.078346, -3.450382, 2.160305, 0.4961832, 228.1923, 151.3925, 295.7981, -2.21374, 1.282443, 1.351145],
[1601, 4047, 2831, 2815, 2859, 23.28941, 75.23645, 6.369511, -3.091603, 3.030534, 0.5419847, 228.4659, 150.445, 296.465, -4.70229, 0.6946565, 1.480916],
[1598, 4071, 2831, 2833, 2871, 23.67597, 74.75793, 6.711087, -2.946565, 1.78626, -0.1603053, 228.2487, 151.1692, 295.9622, -1.480916, 0.8473283, 1.366412],
[1598, 4063, 2847, 2825, 2881, 26.22844, 75.98958, 6.900639, -3.679389, 1.70229, 0.5572519, 228.287, 151.2953, 295.814, -3.366412, 1.603053, 0.5954198],
[1607, 4055, 2846, 2835, 2863, 25.63195, 75.21648, 7.110915, -3.732824, 1.938931, 0.7862596, 227.9225, 151.1493, 296.2407, -2.541985, 1.412214, 1.427481],
[1605, 4079, 2832, 2823, 2871, 25.54254, 75.41919, 6.98023, -4.755725, 1.70229, 0.1374046, 227.5734, 151.3977, 296.2849, -2.083969, 2.633588, 1.51145],
[1616, 4093, 2837, 2839, 2867, 24.26961, 75.17162, 6.703409, -2.396947, 1.931298, 0.9389313, 228.16, 150.6606, 296.5096, -2.717557, 1.694656, 0.7709923],
[1584, 4063, 2832, 2835, 2887, 22.11594, 75.21151, 6.022935, -4.412214, 1.824428, -0.02290076, 227.8977, 152.0053, 295.455, -3.977099, 2.282443, 1.396947],
[1600, 4075, 2826, 2862, 2864, 20.47309, 75.04769, 5.596004, -3.015267, 1.664122, 0.4198473, 228.2752, 150.747, 296.3361, -2.503817, 1.862595, 1.015267],
[1613, 4071, 2871, 2847, 2871, 25.8476, 76.00967, 6.774981, -3.450382, 1.259542, -0.09160305, 228.4463, 150.9977, 295.9653, -2.030534, 1.572519, 1.435114],
[1604, 4095, 2834, 2839, 2895, 24.41735, 75.15109, 6.759503, -4.251908, 1.755725, -0.09160305, 227.6855, 151.1056, 296.4719, -3.145038, 1.496183, 1.80916],
[1607, 4095, 2832, 2849, 2879, 24.34911, 75.54132, 6.551399, -3.618321, 1.450382, 0.06870229, 228.4856, 150.8728, 296.0504, -2.847328, 1.969466, 1.442748],
[1625, 4087, 2849, 2863, 2875, 24.74027, 76.12097, 6.389771, -3.061069, 3.343511, 0.3664122, 227.6505, 151.9996, 295.654, -3.229008, 1.381679, 1.419847],
[1616, 4085, 2847, 2847, 2884, 26.53682, 75.63483, 7.180751, -3.229008, 2.671756, 0.6870229, 228.1959, 150.7648, 296.383, -2.969466, 1.496183, 1.664122],
[1603, 4083, 2854, 2851, 2883, 22.48751, 75.23082, 6.127185, -3.160305, 2.557252, 0.389313, 227.6769, 151.667, 295.9477, -3.175573, 0.8167939, 1.099237],
[1553, 4095, 2832, 2863, 2881, 20.68619, 74.67783, 5.808903, -2.763359, 2.076336, 0.4961832, 228.7873, 151.3836, 295.3385, -4.740458, 1.671756, 0.6870229],
[1584, 4095, 2832, 2854, 2867, 21.60697, 74.72311, 6.075259, -2.51145, 2.244275, 0.6717557, 228.4025, 151.3332, 295.6874, -2.984733, 0.8244275, 0.480916],
[1567, 4095, 2851, 2853, 2879, 21.34132, 74.14748, 6.233239, -3.480916, 1.862595, 0.3816794, 227.9441, 150.7107, 296.6366, -1.923664, 1.351145, 1.526718],
[1585, 4095, 2843, 2865, 2863, 21.03938, 75.28516, 5.669256, -1.870229, -1.70229, -0.9389313, 228.0703, 151.5991, 295.7008, -3.564885, 0.9541985, 1.328244],
[1598, 4079, 2846, 2865, 2882, 23.76253, 75.27425, 6.497587, -4.496183, 4.122138, 0.1755725, 227.6421, 151.0628, 296.5473, -4.030534, 0.8931297, 1.534351],
[1602, 4095, 2834, 2864, 2887, 25.92629, 75.38009, 7.120833, -4.160306, 1.061069, 0.351145, 228.3802, 151.3866, 295.6553, -1.244275, 2.587786, 1.549618],
[1600, 4095, 2863, 2859, 2879, 23.61814, 75.22302, 6.476862, -2.89313, 1.175573, -0.7480916, 228.9246, 150.5704, 295.981, -1.526718, 1.274809, 1.664122],
[1614, 4095, 2851, 2863, 2892, 23.78819, 74.63284, 6.805514, -3.641221, 1.832061, -0.4580153, 228.8271, 150.1076, 296.4874, -4.366412, 0.8015267, 3.045802],
[1598, 4095, 2845, 2859, 2891, 23.37959, 74.58004, 6.6986, -4.290076, 1.038168, 1.099237, 228.3882, 150.5845, 296.3972, 0.6793893, 3.656489, 0.9389313],
[1586, 4095, 2857, 2861, 2878, 26.82727, 76.08814, 7.03131, -2.312977, 1.664122, 1.152672, 228.6313, 150.8266, 295.9774, -2.038168, 1.381679, -0.519084],
[1613, 4079, 2847, 2858, 2877, 23.51964, 76.08858, 6.048633, -3.091603, 3.091603, 0.6717557, 228.0972, 150.3851, 296.8192, -3.51145, 1.694656, 1.335878],
[1605, 4095, 2847, 2863, 2883, 21.21986, 74.24455, 6.153798, -2.412214, 2.465649, -1.022901, 227.9421, 151.3041, 296.0794, -3.435115, 0.4732824, 2.21374],
[1594, 4095, 2864, 2858, 2895, 23.91693, 75.71898, 6.336806, -4.19084, 1.641221, 1.763359, 227.9152, 150.5772, 296.7859, -3.030534, 2.083969, 0.8549618],
[1611, 4095, 2863, 2870, 2891, 27.66596, 76.05453, 7.30716, -2.916031, 2.618321, -0.4961832, 228.4099, 150.7153, 296.2577, -4.282443, 0.9389313, 1.351145],
[1600, 4095, 2851, 2867, 2878, 20.84969, 74.049, 6.11571, -3.21374, 3.832061, -0.1450382, 227.4542, 151.5569, 296.229, -4.259542, 1.083969, 1.076336],
[1604, 4095, 2863, 2875, 2895, 22.33128, 74.48166, 6.40723, -2.015267, 1.442748, 0.9770992, 228.0192, 151.3386, 295.9857, -3.40458, 1.343511, 0.6564885],
[1615, 4095, 2823, 2867, 2893, 20.84895, 74.77169, 5.820979, -3.679389, 2.10687, 0.6259542, 228.117, 150.5614, 296.6373, -3.343511, 0.9160305, 1.526718],
[1605, 4095, 2834, 2867, 2887, 23.95956, 75.59723, 6.40667, -2.740458, 1.160305, 0.2442748, 227.8606, 151.0595, 296.3749, -2.923664, 1.572519, 0.5267176],
[1616, 4095, 2859, 2869, 2903, 24.07404, 75.30029, 6.581495, -4.435114, 1.320611, 0.7022901, 228.7365, 150.1071, 296.5611, -3.038168, 1.725191, 2.244275],
[1585, 4095, 2853, 2885, 2891, 21.54448, 75.3326, 5.799872, -5.236641, 4.335878, 0.8931297, 227.8474, 150.5614, 296.8558, -3.877863, 1.160305, 1.183206],
[1591, 4079, 2989, 3095, 3191, 34.63052, 80.26175, 6.631004, -2.374046, 2.59542, 0.8091603, 228.7748, 148.7839, 297.7614, -3.198473, 1.030534, 0.4274809],
[1593, 4070, 2989, 3091, 3183, 27.68363, 78.95885, 5.730076, -1.89313, 3.557252, 0.2671756, 228.3148, 149.4221, 297.5459, -2.053435, -0.4503817, 0.4122138],
[1594, 4063, 2991, 3091, 3186, 34.50287, 79.88966, 6.859955, -4.244275, 2.969466, -1.229008, 228.6908, 148.3461, 298.2408, -2.664122, 0.2290076, 2.045802],
[1595, 4053, 2996, 3071, 3187, 35.33856, 80.25315, 6.81449, -2.465649, 1.793893, 0.7328244, 228.8563, 149.0281, 297.4662, -0.870229, 1.030534, 0.4198473],
[1603, 4079, 3007, 3115, 3195, 38.10477, 80.9577, 6.977894, -4.21374, 2.21374, -0.03816794, 228.1919, 149.5919, 297.4879, -3.435115, 1.847328, 2.099237],
[1613, 4081, 2995, 3088, 3199, 30.81052, 79.06568, 6.452149, -3.519084, 1.946565, 0.8931297, 227.8072, 148.9407, 298.4246, -1.954198, 1.40458, 0.961832],
[1584, 4081, 2992, 3103, 3185, 32.59705, 79.86784, 6.394689, -4.38168, 0.8396947, 0.351145, 228.587, 149.2581, 297.4745, -4.0, 2.267176, 1.442748],
[1591, 4079, 2999, 3088, 3199, 34.7853, 80.47793, 6.516685, -3.229008, 1.938931, 0.1374046, 228.7803, 148.5977, 297.9305, -3.480916, 2.198473, 1.351145],
[1594, 4083, 2992, 3099, 3195, 31.30792, 80.14772, 5.906622, -3.206107, 1.80916, 0.0610687, 228.7012, 149.0431, 297.5808, -2.465649, 1.51145, 1.908397],
[1600, 4091, 3023, 3089, 3184, 32.06673, 79.19512, 6.695868, -0.8931297, 0.8473283, -1.137405, 229.3283, 149.1993, 296.9193, -4.10687, 0.9007633, 0.9007633],
[1595, 4095, 2995, 3102, 3195, 30.68604, 79.80933, 5.967689, -1.885496, 2.900763, 1.473282, 228.182, 149.2576, 297.8108, -3.167939, 0.9236641, 0.1450382],
[1604, 4087, 2998, 3087, 3179, 30.69499, 80.01479, 5.844982, -4.59542, 0.4427481, -0.1221374, 229.2091, 148.2122, 297.9301, -1.755725, 2.290076, 1.755725],
[1606, 4079, 3013, 3091, 3203, 31.53304, 80.13176, 5.969356, -2.641221, 2.290076, -0.870229, 228.8801, 148.5997, 297.8452, -2.045802, 0.1679389, 2.183206],
[1577, 4080, 3015, 3111, 3199, 35.69214, 79.99657, 7.091734, -2.977099, 2.061069, -0.07633588, 229.1265, 148.7438, 297.5063, -2.870229, 1.099237, 1.229008],
[1591, 4095, 3013, 3113, 3194, 32.82557, 79.77631, 6.51159, -4.236641, 1.938931, 0.4198473, 228.5765, 149.3611, 297.3869, -3.137405, 1.51145, 1.496183],
[1584, 4095, 3023, 3111, 3207, 32.41133, 79.8449, 6.363814, -3.916031, 2.198473, 0.4045802, 228.3345, 148.7922, 298.1216, -2.977099, 1.328244, 2.007634],
[1616, 4095, 3019, 3119, 3199, 31.8701, 80.14438, 6.040873, -3.931298, 2.290076, 0.6412213, 228.8143, 149.047, 297.4834, -3.618321, 1.70229, 1.374046],
[1607, 4083, 2995, 3118, 3193, 33.71188, 80.41503, 6.301095, -2.328244, 1.389313, 0.0, 228.3924, 149.3009, 297.5955, -2.206107, 1.519084, 1.503817],
[1615, 4079, 3007, 3094, 3205, 34.33871, 80.09159, 6.67722, -4.167939, 1.442748, 0.9770992, 229.1364, 149.2265, 297.0515, -1.801527, 2.450382, 0.961832],
[1614, 4083, 3007, 3115, 3215, 35.02136, 80.70617, 6.411738, -2.900763, 1.29771, 0.129771, 228.9706, 148.5936, 297.7754, -2.80916, 1.847328, 0.7022901],
[1607, 4087, 3005, 3123, 3195, 33.3709, 80.43783, 6.204482, -3.931298, 2.312977, 0.7862596, 229.1784, 147.7821, 298.3551, -3.152672, 1.221374, 1.122137],
[1621, 4095, 3015, 3118, 3199, 33.55306, 80.53452, 6.182418, -3.022901, 1.251908, -0.5648855, 228.986, 148.4735, 297.8742, -1.480916, 1.610687, 1.305344],
[1619, 4095, 3023, 3119, 3207, 32.21014, 80.20663, 6.081529, -4.030534, 1.832061, -0.03816794, 229.1351, 148.5534, 297.6756, -3.961832, 1.419847, 1.877863],
[1602, 4095, 3023, 3119, 3213, 30.54964, 80.25374, 5.666797, -4.335878, 2.51145, 0.6793893, 229.2898, 148.3217, 297.761, -5.015267, 1.923664, 1.305344],
[1630, 4095, 3024, 3131, 3199, 32.5083, 80.01838, 6.27481, -2.870229, 1.78626, 0.4580153, 228.5593, 148.3757, 298.324, -1.183206, 0.9389313, 1.305344],
[1616, 4095, 3013, 3116, 3205, 34.32814, 80.56556, 6.344975, -3.21374, 2.328244, 0.1755725, 229.4518, 147.9198, 297.9968, -3.78626, 0.8244275, 2.015267],
[1626, 4095, 3015, 3127, 3199, 28.39362, 80.02687, 5.311738, -2.732824, 2.083969, 0.007633588, 228.4646, 148.5923, 298.2004, -2.862595, 1.419847, 1.259542],
[1611, 4083, 3011, 3095, 3217, 31.6485, 79.78531, 6.21485, -2.709924, 1.885496, -0.07633588, 229.6427, 148.1071, 297.6643, -2.870229, 1.282443, 1.450382],
[1618, 4095, 3007, 3143, 3199, 29.55333, 80.23476, 5.453215, -4.198473, 1.778626, -0.007633588, 228.7418, 148.8583, 297.7194, -3.290076, 2.175573, 1.534351],
[1606, 4095, 3035, 3115, 3213, 29.52682, 80.33623, 5.388487, -3.206107, 2.160305, 0.5496183, 229.5919, 147.4409, 298.3209, -4.030534, 1.29771, 0.9847328],
[1505, 4095, 3019, 3117, 3199, 30.81817, 79.79226, 6.009697, -2.572519, 1.473282, 0.5572519, 229.1838, 147.7732, 298.3588, -2.480916, 0.8473283, 0.778626],
[1552, 4095, 3012, 3123, 3199, 34.47903, 80.90374, 6.144918, -2.709924, 1.358779, 0.5648855, 229.896, 148.2684, 297.3055, -2.343511, 1.129771, 1.351145],
[1568, 4095, 3023, 3133, 3207, 31.0551, 80.38163, 5.703778, -4.38168, 1.19084, -0.9160305, 229.5134, 147.5489, 298.2876, -2.839695, 1.870229, 2.519084],
[1559, 4095, 3027, 3122, 3216, 33.04067, 80.32155, 6.203635, -3.977099, 2.671756, 0.01526718, 229.4013, 147.6973, 298.2452, -2.122137, 1.045802, 1.603053],
[1572, 4095, 3015, 3139, 3199, 30.50097, 80.72267, 5.373596, -3.664122, 2.366412, -0.4274809, 229.1956, 148.0829, 298.0613, -3.618321, 1.068702, 1.0],
[1580, 4095, 3019, 3135, 3199, 27.21508, 79.64414, 5.253076, -4.290076, 2.312977, 0.2748091, 229.1046, 148.0463, 298.1719, -2.167939, 1.946565, 1.10687],
[1582, 4095, 3011, 3143, 3207, 35.97094, 81.04114, 6.394662, -3.091603, 2.610687, 0.259542, 229.1658, 148.2331, 297.9469, -2.206107, 0.8778625, 1.496183],
[1573, 4095, 2994, 3131, 3203, 36.94865, 80.78139, 6.826157, -4.396946, 0.8854962, -0.1450382, 229.172, 148.7846, 297.4308, -2.603053, 2.725191, 2.198473],
[1566, 4095, 3015, 3135, 3211, 29.44165, 79.82169, 5.667043, -2.305344, 2.335878, -0.6183206, 229.1809, 148.1792, 297.9843, -4.076336, -0.2442748, 1.259542],
[1584, 4095, 3015, 3122, 3217, 31.68206, 80.02493, 6.071816, -3.274809, 1.137405, 0.3129771, 229.7134, 148.2611, 297.4639, -3.229008, 0.8625955, 1.938931],
[1580, 4095, 3007, 3135, 3211, 30.94304, 80.70352, 5.481385, -4.007634, 1.480916, 0.2671756, 229.1548, 147.5984, 298.5459, -2.473282, 2.320611, 1.389313],
[1584, 4095, 3019, 3133, 3199, 31.12592, 80.27514, 5.785542, -3.854962, 2.450382, -0.480916, 229.4541, 148.0438, 297.8804, -2.900763, 0.6183206, 2.198473],
[1578, 4095, 3023, 3135, 3213, 29.92357, 80.1279, 5.599255, -3.435115, 1.793893, 0.2900764, 228.9575, 148.0589, 298.2842, -2.465649, 1.083969, 1.030534],
[1568, 4095, 3019, 3117, 3207, 32.68202, 80.52428, 5.98594, -3.717557, 1.732824, -0.3206107, 229.5299, 148.2345, 297.6412, -2.946565, 1.259542, 2.129771],
[1586, 4095, 3018, 3139, 3207, 29.3228, 80.24473, 5.396028, -4.10687, 3.59542, 0.7862596, 229.4558, 148.148, 297.7828, -3.442748, 1.229008, 0.7862596],
[1591, 4095, 3026, 3130, 3211, 32.86022, 80.80352, 5.843507, -3.633588, 1.938931, 0.5725191, 229.9021, 147.5635, 297.946, -0.3435115, 1.480916, 1.641221],
[1595, 4095, 3025, 3135, 3221, 28.94795, 79.98677, 5.459062, -3.854962, 2.496183, 0.5267176, 229.2887, 147.3171, 298.6934, -2.129771, 1.267176, 1.503817],
[1589, 4095, 3027, 3139, 3221, 29.8232, 80.00879, 5.646305, -2.961832, 2.969466, -0.1374046, 229.5105, 147.9238, 297.9439, -3.10687, 0.1679389, 0.9236641],

