[2272, 4095, 4095, 4095, 4095, 320.9058, 43.07281, 319.0943, -0.3587786, 5.496183, -6.320611, 185.7684, 144.6681, 351.6916, -5.580153, 0.5648855, 0.7862596],
[2278, 4095, 4095, 4095, 4095, 322.9079, 42.36324, 320.4268, -1.236641, 5.358778, -2.946565, 188.1111, 142.7353, 349.1938, -7.366412, -1.656489, -1.114504],
[2295, 4095, 4095, 4095, 4095, 321.8303, 40.91112, 317.8788, 3.328244, 6.824428, -3.389313, 181.1911, 144.07, 358.1791, -9.526717, 2.282443, -2.549618],
[2278, 4095, 4095, 4095, 4095, 320.9324, 43.28286, 319.3293, -6.251908, 4.80916, 2.709924, 182.5189, 145.017, 356.2157, -1.977099, 1.465649, 1.175573],
[2288, 4095, 4095, 4095, 4095, 320.8073, 43.38402, 319.3032, -3.061069, 1.625954, 3.465649, 182.1545, 145.2661, 356.7073, -3.641221, 1.328244, 2.587786],
[2302, 4095, 4095, 4095, 4095, 319.2422, 43.50162, 317.8425, -5.129771, 2.038168, 3.022901, 181.3639, 145.3708, 357.8415, -2.816794, 1.59542, 2.007634],
[2290, 4095, 4095, 4095, 4095, 320.0185, 42.43107, 317.5576, -2.709924, 4.465649, -1.557252, 183.2024, 144.3495, 355.353, -6.557252, 1.206107, 1.824428],
[2288, 4095, 4095, 4095, 4095, 321.3884, 41.6794, 318.1971, -1.343511, 4.824428, 3.175573, 181.4112, 144.7755, 357.8202, -4.08397, 3.580153, 1.679389],
[2431, 4095, 4095, 4095, 4095, 319.3404, 42.16493, 316.6057, -4.938931, 0.259542, 3.656489, 181.5981, 144.3584, 357.5914, -0.4351145, 1.641221, 0.7557252],
[2295, 4095, 4095, 4095, 4095, 318.3225, 42.1897, 315.6039, -5.038168, 2.358779, 2.458015, 182.054, 144.3751, 356.9525, -2.648855, 0.9770992, 1.343511],
[2266, 4095, 4095, 4095, 4095, 317.8818, 40.65661, 313.6163, -5.167939, 2.038168, 2.648855, 182.6337, 144.4232, 356.1357, -2.053435, 1.068702, 1.916031],
[2288, 4095, 4095, 4095, 4095, 318.7093, 41.73351, 315.5351, -6.91603, 0.1755725, 3.992366, 182.2078, 144.1643, 356.7622, -3.419847, 1.259542, 2.816794],
[2271, 4095, 4095, 4095, 4095, 318.3505, 42.06235, 315.5042, -1.038168, 5.564886, -0.3587786, 182.0366, 144.1008, 357.0065, -5.91603, 1.992366, 1.274809],
[2291, 4095, 4095, 4095, 4095, 320.5569, 40.5407, 316.2045, -3.10687, 5.572519, -1.496183, 183.7408, 143.2931, 354.8043, -6.160306, 2.206107, 0.9541985],
[2288, 4095, 4095, 4095, 4095, 319.2861, 42.73351, 317.1202, -3.167939, 1.053435, -0.7251908, 182.5761, 144.2257, 356.2433, -1.221374, 0.04580153, 1.89313],
[2249, 4095, 4095, 4095, 4095, 318.8711, 41.72637, 315.6912, -2.061069, 0.007633588, -3.557252, 184.076, 144.7023, 354.0606, -5.343512, 0.5954198, 1.137405],
[2299, 4095, 4095, 4095, 4095, 319.5513, 40.37176, 315.0121, -3.19084, 3.40458, 0.2137404, 183.4346, 144.0337, 355.0857, -3.641221, 1.80916, 1.259542],
[2288, 4095, 4095, 4095, 4095, 319.9531, 41.92011, 316.9799, -5.412214, 3.061069, 3.351145, 183.6376, 144.24, 354.7673, -2.618321, 1.114504, 2.091603],
[2263, 4095, 4095, 4095, 4095, 318.3287, 42.52702, 315.9486, -2.877863, 2.083969, -2.923664, 183.0277, 144.5966, 355.5568, -1.931298, 2.519084, 4.526718],
[2289, 4095, 4095, 4095, 4095, 318.2228, 40.72618, 314.0294, -4.80916, 1.091603, 3.748092, 183.7654, 144.7523, 354.4884, -4.022901, 2.038168, 1.282443],
[2273, 4095, 4095, 4095, 4095, 321.4807, 38.66117, 315.2375, 0.129771, 0.2366412, -1.458015, 183.1248, 143.8268, 355.5459, -6.832061, 1.038168, 2.122137],
[2282, 4095, 4095, 4095, 4095, 319.371, 40.77869, 315.2411, -1.328244, 3.709924, -4.091603, 183.5012, 144.179, 354.9676, -4.152672, 0.480916, 0.832061],
[2271, 4095, 4095, 4095, 4095, 319.9721, 41.07671, 316.1511, -2.709924, 2.618321, 0.4045802, 183.9873, 143.9817, 354.3355, -3.832061, 0.6641222, 1.290076],
[2283, 4095, 4095, 4095, 4095, 320.0191, 40.67945, 315.7978, -4.068702, 3.977099, 0.5496183, 183.3965, 144.0925, 355.1278, -2.145038, 2.450382, 0.7709923],
[2301, 4095, 4095, 4095, 4095, 319.8525, 40.42081, 315.3671, -4.51145, 4.709924, -1.10687, 184.5295, 143.2525, 353.757, -5.862596, 1.206107, -0.1145038],
[2293, 4095, 4095, 4095, 4095, 320.2525, 40.06979, 315.4178, -4.328244, 0.5572519, -2.419847, 183.6547, 143.8826, 354.8109, -2.862595, 1.679389, 2.351145],
[2269, 4095, 4095, 4095, 4095, 319.4547, 40.51044, 315.0546, -4.885496, 1.435114, 2.305344, 183.3712, 143.7429, 355.2233, -2.59542, 1.603053, 2.229008],
[2276, 4095, 4095, 4095, 4095, 319.4604, 39.92409, 314.466, -4.793893, 4.290076, -1.80916, 185.5773, 144.119, 352.1174, -3.717557, 1.152672, 0.5496183],
[2307, 4095, 4095, 4095, 4095, 319.8533, 41.78621, 316.7444, -0.5114504, 2.938931, -3.961832, 183.3263, 144.0604, 355.2303, -1.938931, 2.793893, 1.877863],
[2266, 4095, 4095, 4095, 4095, 320.4357, 39.93059, 315.4631, -3.396947, 3.633588, 1.282443, 183.5328, 144.2578, 354.9093, -2.274809, 3.633588, 1.625954],
[2291, 4095, 4095, 4095, 4095, 319.666, 40.83481, 315.5966, -4.877862, 2.061069, -0.7709923, 185.1064, 143.4622, 352.9338, -2.839695, 0.8549618, 0.8091603],
[2303, 4095, 4095, 4095, 4095, 321.749, 40.51926, 317.4011, -2.053435, -1.938931, -3.671756, 182.6943, 143.6857, 356.1546, -3.076336, 1.183206, 1.709924],
[2287, 4095, 4095, 4095, 4095, 321.8149, 40.65593, 317.6063, -1.458015, 0.778626, -5.160306, 183.6831, 144.0653, 354.7374, -2.80916, 0.389313, 2.251908],
[2275, 4095, 4095, 4095, 4095, 321.8219, 39.71423, 316.6616, -6.045802, -1.412214, 0.3435115, 184.1777, 143.1864, 354.2409, -3.068702, 1.091603, 2.251908],
[2303, 4095, 4095, 4095, 4095, 320.6202, 39.32923, 315.0395, -2.534351, 3.755725, -1.290076, 184.2034, 143.6325, 354.1132, -3.10687, 1.480916, 2.679389],
[2263, 4095, 4095, 4095, 4095, 321.0636, 39.8678, 316.0401, -0.4274809, 1.580153, -4.977099, 183.2124, 143.9841, 355.4001, -3.389313, 0.8473283, 1.641221],
[2299, 4095, 4095, 4095, 4095, 322.8459, 39.18791, 317.1836, -3.664122, -6.312977, -0.5725191, 185.0778, 143.9876, 352.8384, 1.229008, 0.8549618, 2.473282],
[2331, 4095, 4095, 4095, 4095, 321.7096, 39.8802, 316.7146, -1.152672, 0.5496183, -2.419847, 184.2265, 144.3749, 353.9212, -4.557252, 1.664122, 2.778626],
[2299, 4095, 4095, 4095, 4095, 321.7843, 40.00522, 316.9181, -4.480916, 1.89313, -1.381679, 183.6683, 143.5845, 354.8478, -3.877863, 1.603053, 1.70229],
[2275, 4095, 4095, 4095, 4095, 320.5734, 40.80669, 316.4899, -3.725191, 1.977099, -1.610687, 184.981, 144.0482, 352.9556, -1.923664, 1.374046, 2.862595],
[2219, 4095, 4095, 4095, 4095, 320.4694, 39.88447, 315.4506, -4.122138, 5.427481, -0.2977099, 185.3613, 143.0664, 352.6953, -3.122137, 2.450382, 1.740458],
[2274, 4095, 4095, 4095, 4095, 320.9538, 39.05253, 315.0979, -4.725191, 0.9694656, 0.129771, 185.4554, 143.5103, 352.4519, -1.526718, 2.251908, 2.801527],
[2269, 4095, 4095, 4095, 4095, 318.8211, 40.08929, 313.9876, -2.763359, 3.633588, -1.206107, 185.6958, 143.3202, 352.1817, -0.8854962, 1.183206, 1.503817],
[2295, 4095, 4095, 4095, 4095, 319.2123, 38.74628, 313.0159, -0.03816794, 3.549618, -3.816794, 185.6225, 143.5368, 352.2197, -7.045802, 1.916031, 2.78626],
[2294, 4095, 4095, 4095, 4095, 321.527, 37.96046, 314.5652, -2.519084, 3.206107, -2.877863, 185.6869, 143.2211, 352.2213, -5.129771, -0.3435115, 1.778626],
[2279, 4095, 4095, 4095, 4095, 320.159, 40.85147, 316.1136, -5.816794, 2.549618, 0.9923664, 185.2555, 143.5091, 352.7211, -0.7328244, 2.045802, 2.091603],
[2278, 4095, 4095, 4095, 4095, 319.8972, 38.98757, 313.9553, -3.007634, 4.389313, 2.969466, 184.2066, 143.4151, 354.1547, -0.9160305, 3.244275, 1.175573],
[2270, 4095, 4095, 4095, 4095, 319.2134, 37.36404, 311.6001, -4.824428, 2.625954, -1.145038, 186.0611, 142.9135, 351.8136, -3.480916, 1.076336, 2.954198],
[2239, 4095, 4095, 4095, 4095, 328.9998, 41.36787, 325.7796, -6.076336, 0.04580153, 4.656488, 174.3515, 150.0788, 9.55771, -1.824428, 3.625954, 3.969466],
[2253, 4095, 4095, 4095, 4095, 327.8548, 39.60491, 322.8752, -5.152672, 0.6717557, 2.465649, 176.1542, 150.0354, 6.446152, -0.4961832, 0.6564885, 2.015267],
[2246, 4095, 4095, 4095, 4095, 329.1038, 42.08055, 326.5514, -3.534351, 3.931298, -1.656489, 175.3187, 149.6244, 7.755377, -4.030534, -0.9694656, 1.335878],
[2229, 4095, 4095, 4095, 4095, 329.8113, 40.37501, 325.7095, -2.198473, 4.10687, -4.503817, 175.0789, 149.8901, 8.247856, -2.885496, 2.251908, 3.29771],
[2269, 4095, 4095, 4095, 4095, 330.907, 41.01339, 327.4739, -2.89313, 0.6793893, -2.862595, 176.2147, 150.1992, 6.384293, -3.450382, 0.007633588, 2.725191],
[2201, 4095, 4095, 4095, 4095, 328.3373, 40.12085, 323.8917, -6.885496, 2.282443, 4.648855, 176.6293, 149.107, 5.418501, -1.099237, 1.450382, 1.931298],
[2253, 4095, 4095, 4095, 4095, 331.2742, 39.02802, 326.0261, -0.4503817, 7.992366, -4.274809, 174.8395, 148.4513, 8.176817, -5.931298, 5.534351, -0.1450382],
[2243, 4095, 4095, 4095, 4095, 330.3585, 42.07282, 327.8569, -2.740458, 1.679389, 0.03816794, 173.9662, 150.6764, 10.46386, -3.183206, 3.923664, 1.40458],
[2228, 4095, 4095, 4095, 4095, 330.5114, 38.95045, 325.1149, -5.709924, 0.4427481, 2.335878, 173.904, 148.407, 9.665211, -1.251908, 3.305344, 0.6335878],
[2237, 4095, 4095, 4095, 4095, 330.3248, 39.67417, 325.6009, -4.167939, 2.70229, 1.458015, 175.3588, 148.5174, 7.357366, -0.4656488, 2.648855, 2.045802],
[2224, 4095, 4095, 4095, 4095, 329.6978, 39.54889, 324.8025, -5.664122, 4.801527, 0.5343512, 174.9301, 148.42, 8.020885, -1.709924, 1.839695, 3.244275],
[2241, 4095, 4095, 4095, 4095, 331.73, 39.34742, 326.8273, -4.961832, 3.633588, 0.480916, 173.8831, 149.3196, 10.0505, -1.70229, 0.351145, 3.480916],
[2189, 4095, 4095, 4095, 4095, 328.9571, 40.03157, 324.4679, -7.48855, -2.725191, 6.335878, 173.6443, 149.6086, 10.56547, -1.038168, 0.3740458, 1.068702],
[2202, 4095, 4095, 4095, 4095, 329.1892, 38.60161, 323.3318, -2.137405, 3.175573, 4.427481, 176.071, 148.7677, 6.262925, -2.679389, 2.793893, 2.267176],
[2224, 4095, 4095, 4095, 4095, 331.8392, 38.29824, 325.9595, -1.610687, 1.320611, -1.236641, 174.8849, 148.3763, 8.079998, -3.801527, 0.02290076, 1.167939],
[2229, 4095, 4095, 4095, 4095, 329.9654, 38.59545, 324.174, -6.442748, 5.519084, 3.221374, 176.1794, 148.453, 6.009643, -2.045802, 1.916031, 1.885496],
[2239, 4095, 4095, 4095, 4095, 330.8559, 37.704, 324.2892, -5.473282, 0.1832061, -0.8549618, 173.9473, 148.7458, 9.723053, -1.755725, 0.5267176, 1.900763],
[2235, 4095, 4095, 4095, 4095, 330.0083, 38.17961, 323.8154, -1.152672, 4.603054, 2.984733, 174.476, 147.654, 8.496152, -2.70229, 2.992366, 0.8854962],
[2224, 4095, 4095, 4095, 4095, 330.6463, 36.75245, 323.1136, -3.70229, 1.503817, 0.5114504, 175.7513, 147.6781, 6.503407, -3.198473, 1.068702, 2.114504],
[2257, 4095, 4095, 4095, 4095, 330.0385, 37.15537, 322.836, -1.038168, 3.633588, 2.21374, 175.7226, 147.3806, 6.473475, -3.923664, 1.541985, 1.625954],
[2246, 4095, 4095, 4095, 4095, 328.978, 38.07394, 322.5806, -4.839694, 0.480916, -0.5496183, 175.6318, 148.3095, 6.858329, -3.839695, 0.5114504, 1.969466],
[2241, 4095, 4095, 4095, 4095, 326.6673, 37.28704, 319.2765, -7.564886, 4.244275, 6.526718, 175.3683, 147.4219, 7.035408, 0.8473283, 4.961832, 6.625954],
[2243, 4095, 4095, 4095, 4095, 329.3, 35.33432, 320.1527, -0.3969466, 1.885496, 0.7480916, 176.7403, 147.3938, 4.890557, -4.51145, 2.10687, 1.099237],
[2224, 4095, 4095, 4095, 4095, 330.1858, 34.39147, 320.1675, -4.48855, 0.9007633, -1.70229, 177.6912, 146.5782, 3.297148, -3.923664, 0.2137404, 1.847328],
[2274, 4095, 4095, 4095, 4095, 326.9148, 35.70903, 317.9094, -1.236641, 2.687023, -1.671756, 178.4022, 147.9415, 2.341998, -3.801527, 1.129771, 2.755725],
[2246, 4095, 4095, 4095, 4095, 324.819, 36.11457, 316.0819, -2.984733, 6.80916, -0.9389313, 177.3567, 147.2433, 3.904383, -4.48855, 2.793893, 3.564885],
[2235, 4095, 4095, 4095, 4095, 327.7028, 35.96203, 319.0347, -3.015267, 2.908397, -1.435114, 175.8889, 146.4132, 5.987717, -1.763359, 1.419847, 3.755725],
[2256, 4095, 4095, 4095, 4095, 330.1044, 34.35315, 320.0342, -2.496183, 2.419847, 2.29771, 177.9642, 146.2794, 2.849492, -2.572519, 1.51145, 1.671756],
[2274, 4095, 4095, 4095, 4095, 329.9951, 34.9241, 320.5091, -0.3053435, 3.015267, -1.061069, 177.3782, 146.7164, 3.7921, -3.832061, 1.59542, 0.9465649],
[2237, 4095, 4095, 4095, 4095, 327.8628, 34.87302, 318.0684, -3.366412, 2.694656, -0.5572519, 178.3784, 147.2826, 2.318146, -3.206107, 2.061069, 1.916031],
[2245, 4095, 4095, 4095, 4095, 329.3161, 34.57087, 319.3703, -5.167939, 1.343511, -0.6564885, 178.9655, 146.2218, 1.3429, -1.70229, 0.5801527, 1.854962],
[2192, 4095, 4095, 4095, 4095, 328.5916, 35.0209, 319.0328, -4.251908, 2.389313, -2.267176, 178.5436, 146.6837, 2.011762, -0.6946565, -0.3816794, 1.10687],
[2251, 4095, 4095, 4095, 4095, 326.8684, 36.04547, 318.2107, -6.358778, 1.541985, 0.3358779, 178.9382, 147.2106, 1.440415, -2.48855, 0.7480916, 2.122137],
[2227, 4095, 4095, 4095, 4095, 329.1994, 36.10048, 320.8325, -2.572519, 5.89313, -3.770992, 180.6043, 146.6104, 358.8969, -1.572519, 1.534351, 0.4274809],
[2256, 4095, 4095, 4095, 4095, 327.6254, 34.51609, 317.4272, -7.21374, 5.91603, 3.862595, 179.6634, 146.7273, 0.3040614, -4.61832, 2.305344, 2.770992],
[2229, 4095, 4095, 4095, 4095, 327.9022, 34.87134, 318.11, -3.931298, 0.9923664, -1.633588, 179.7138, 147.0692, 0.2311233, -2.015267, 1.557252, 1.931298],
[2267, 4095, 4095, 4095, 4095, 327.8587, 35.21939, 318.4293, -5.633588, 3.183206, 4.656488, 179.8053, 146.9196, 0.08841648, -1.862595, 1.992366, 0.9236641],
[2247, 4095, 4095, 4095, 4095, 327.7781, 35.16172, 318.2797, -2.282443, 3.938931, 5.21374, 178.9555, 146.6514, 1.381712, -3.572519, 1.572519, 0.5725191],
[2256, 4095, 4095, 4095, 4095, 329.2916, 35.12587, 319.9258, -6.541985, 0.6183206, 0.8015267, 180.4658, 146.768, 359.1027, 0.870229, 1.137405, 2.625954],
[2256, 4095, 4095, 4095, 4095, 328.3967, 35.36963, 319.182, -0.9694656, 0.9389313, -1.824428, 180.7473, 146.9486, 358.663, -3.664122, 1.793893, 0.7633588],
[2239, 4095, 4095, 4095, 4095, 330.9056, 34.45792, 321.0625, -3.48855, 6.305344, 3.526718, 180.4871, 147.0688, 359.0601, -4.114504, 2.290076, 2.343511],
[2238, 4095, 4095, 4095, 4095, 327.9206, 35.62199, 318.9196, -6.221374, 2.10687, 0.740458, 180.2844, 146.7691, 359.3803, -0.1526718, 1.251908, 2.687023],
[2224, 4095, 4095, 4095, 4095, 327.7509, 34.14563, 317.1699, -3.748092, 1.290076, 5.274809, 180.2064, 146.0899, 359.5108, -3.610687, 0.3282443, 0.6030535],
[2222, 4095, 4095, 4095, 4095, 329.1432, 34.12849, 318.7061, -4.557252, 3.396947, 1.267176, 179.4276, 147.6181, 0.690665, -4.61832, 1.114504, 2.358779],
[2194, 4095, 4095, 4095, 4095, 329.4961, 35.69605, 320.7477, -1.938931, 3.564885, -0.09160305, 178.878, 147.2637, 1.537357, 1.290076, 2.80916, 1.923664],
[2224, 4095, 4095, 4095, 4095, 329.4856, 33.77451, 318.715, -0.7480916, 4.099236, -3.030534, 179.2636, 147.0531, 0.9277309, -9.732824, -0.4656488, 0.1755725],
[2239, 4095, 4095, 4095, 4095, 329.3029, 36.6181, 321.4765, 3.610687, 1.664122, -21.77099, 177.4449, 147.5147, 3.807674, -6.938931, -0.2290076, 0.6564885],
[2241, 4095, 4095, 4095, 4095, 332.5204, 34.92362, 323.4182, -6.38168, -2.961832, -3.099237, 180.4708, 147.3506, 359.076, 3.832061, 1.229008, 3.129771],
[2240, 4095, 4095, 4095, 4095, 337.9964, 34.89525, 330.0112, -4.496183, 4.519084, 10.51145, 183.2981, 142.6503, 355.5022, 2.030534, 0.5877862, 0.4198473],
[2251, 4095, 4095, 4095, 4095, 339.1978, 35.47754, 332.0337, 1.083969, 4.320611, -28.16794, 183.1882, 145.8216, 355.1168, -6.80916, 2.89313, 3.519084],
[2263, 4095, 4095, 4095, 4095, 337.0536, 34.69452, 328.6516, -10.37405, 5.274809, 3.503817, 183.9937, 144.7507, 354.1663, -2.244275, 4.061069, 5.679389],
[2247, 4095, 4095, 4095, 4095, 344.2737, 37.05599, 339.6253, 0.480916, 3.015267, 0.8625955, 186.3886, 145.514, 350.5378, 9.503817, 7.145038, 2.030534],
[2269, 4095, 4095, 4095, 4095, 335.2675, 34.6774, 326.4451, -8.312977, 8.389313, -7.175572, 186.6948, 145.2653, 350.1865, 1.534351, 5.870229, 4.923664],
[2237, 4095, 4095, 4095, 4095, 330.2296, 36.01682, 321.9016, -0.5725191, 5.267176, -7.19084, 183.7512, 144.2857, 354.6007, -2.908397, 1.221374, 3.908397],
[2256, 4095, 4095, 4095, 4095, 333.4205, 35.1029, 324.6571, -3.198473, -1.70229, -3.152672, 184.7189, 145.1849, 353.0338, -2.21374, 1.450382, 2.832061],
[2267, 4095, 4095, 4095, 4095, 333.9017, 35.78016, 325.894, -5.694656, 5.282443, 4.755725, 184.9422, 144.9014, 352.7893, -0.9083969, 2.709924, 5.648855],
[2289, 4095, 4095, 4095, 4095, 333.9741, 35.34713, 325.5542, -4.29771, 5.740458, 6.671756, 187.5881, 145.049, 349.0025, -1.656489, 2.587786, 3.435115],
[2250, 4095, 4095, 4095, 4095, 332.8604, 33.51316, 322.363, 0.2213741, 1.618321, -5.236641, 186.6423, 144.4744, 350.5363, -3.419847, 0.6946565, 1.0],
[2277, 4095, 4095, 4095, 4095, 332.0693, 34.73335, 322.6967, -3.389313, 3.175573, -9.702291, 187.4536, 145.1493, 349.1528, -7.427481, 0.7633588, 2.931298],
[2245, 4095, 4095, 4095, 4095, 337.2962, 32.49683, 326.8107, -5.801527, -1.80916, 4.267176, 182.5724, 145.59, 356.0574, -6.648855, -1.908397, 1.717557],
[2242, 4095, 4095, 4095, 4095, 333.4718, 36.46584, 326.0582, 1.679389, 6.816794, -1.641221, 187.6397, 145.8988, 348.5833, -4.503817, 2.122137, 0.2900764],
[2261, 4095, 4095, 4095, 4095, 331.6917, 35.92094, 323.4669, -4.022901, 6.274809, 2.465649, 187.2238, 146.3772, 348.9959, -1.854962, 2.259542, 1.755725],
[2251, 4095, 4095, 4095, 4095, 331.0533, 35.88004, 322.6961, 2.19084, 10.59542, -8.21374, 185.1178, 145.8003, 352.2912, -10.43512, 3.80916, 3.59542],
[2257, 4095, 4095, 4095, 4095, 337.4436, 34.34986, 328.8105, -2.557252, 2.442748, -3.969466, 185.961, 144.889, 351.3531, -5.877862, 0.9770992, 3.557252],
[2237, 4095, 4095, 4095, 4095, 334.969, 35.38864, 326.7792, -1.877863, 5.061069, -3.122137, 187.0621, 146.4265, 349.2155, -2.015267, 0.7099237, 4.274809],
[2246, 4095, 4095, 4095, 4095, 333.9654, 36.01207, 326.1946, -1.603053, 6.480916, -3.51145, 185.8944, 146.2074, 351.0241, -4.267176, 2.183206, 2.78626],
[2271, 4095, 4095, 4095, 4095, 333.8457, 34.4468, 324.502, -1.648855, 4.030534, -2.389313, 188.0445, 145.3266, 348.2434, -4.251908, 1.312977, 1.938931],
[2240, 4095, 4095, 4095, 4095, 334.2811, 34.63732, 325.2153, 1.832061, 1.954198, -7.312977, 185.6258, 145.7002, 351.5804, -5.015267, 1.641221, 3.709924],
[2256, 4095, 4095, 4095, 4095, 334.5226, 32.17262, 322.9675, -3.389313, 5.465649, 5.984733, 187.4567, 145.0975, 349.1686, -3.732824, 2.938931, 0.6412213],
[2256, 4095, 4095, 4095, 4095, 334.2435, 36.24247, 326.743, -2.603053, 2.389313, -2.80916, 185.321, 144.9048, 352.2523, -3.007634, -0.6641222, 0.09923664],
[2209, 4095, 4095, 4095, 4095, 333.3064, 35.35033, 324.7698, -2.244275, 5.114504, -5.526718, 185.4957, 145.4562, 351.8428, -3.305344, 2.038168, 2.679389],
[2241, 4095, 4095, 4095, 4095, 333.1362, 34.40245, 323.6119, -7.366412, 2.78626, 3.694656, 187.5314, 145.3186, 348.9755, -2.305344, 3.625954, 3.068702],
[2244, 4095, 4095, 4095, 4095, 332.8834, 35.56781, 324.4914, -2.59542, 2.366412, -2.381679, 185.6227, 145.4309, 351.6674, -3.778626, 1.969466, 2.038168],
[2247, 4095, 4095, 4095, 4095, 332.9664, 33.95493, 322.9498, -5.137404, 1.312977, 4.89313, 186.7121, 145.787, 349.9729, -3.083969, 3.587786, 1.183206],
[2271, 4095, 4095, 4095, 4095, 335.9226, 34.46357, 327.0349, -1.114504, 2.694656, -4.465649, 187.2214, 146.051, 349.1303, -2.648855, 2.473282, 4.78626],
[2262, 4095, 4095, 4095, 4095, 333.6555, 33.50604, 323.3092, -6.030534, -0.9007633, 0.5877862, 186.6864, 145.8623, 349.9826, -2.984733, 2.206107, 2.526718],
[2251, 4095, 4095, 4095, 4095, 334.904, 33.49176, 324.8136, -5.80916, 2.19084, 3.656489, 186.0666, 145.1259, 351.1282, 1.480916, 5.038168, 3.709924],
[2267, 4095, 4095, 4095, 4095, 335.4651, 32.78557, 324.7831, -3.671756, 1.122137, -0.3740458, 189.5958, 143.7232, 346.8226, -2.40458, 2.374046, 2.450382],
[2242, 4095, 4095, 4095, 4095, 331.8274, 34.02868, 321.6832, -5.564886, 3.503817, 1.381679, 190.8112, 143.8102, 345.1614, 0.2824428, 2.442748, 1.473282],
[2279, 4095, 4095, 4095, 4095, 330.6597, 34.2207, 320.5304, -5.748092, 2.793893, 0.5114504, 190.5189, 143.8307, 345.5398, -1.167939, 1.251908, 3.610687],
[2255, 4095, 4095, 4095, 4095, 332.1571, 33.53937, 321.5562, -4.473282, 2.870229, 0.2519084, 190.0188, 143.1429, 346.5351, -2.984733, 1.519084, 3.48855],
[2261, 4095, 4095, 4095, 4095, 332.206, 33.15801, 321.2099, -1.351145, 1.534351, -4.80916, 191.2434, 143.8193, 344.5826, -6.10687, -0.5954198, 0.1526718],
[2245, 4095, 4095, 4095, 4095, 331.6467, 35.72042, 323.2132, -4.778626, -2.824427, 2.526718, 189.4363, 143.8694, 346.9684, -6.198473, 1.778626, 2.748092],
[2251, 4095, 4095, 4095, 4095, 330.6424, 34.33905, 320.6351, 7.198473, -1.0, -7.694656, 189.0453, 145.2491, 346.8638, -14.00763, -2.51145, -2.755725],
[2261, 4095, 4095, 4095, 4095, 332.2001, 34.31284, 322.4158, -5.458015, 6.885496, 3.274809, 187.4918, 145.1226, 349.1093, -0.6335878, 7.022901, 3.503817],
[2267, 4095, 4095, 4095, 4095, 334.6988, 33.08756, 324.1458, -3.572519, 1.900763, 0.4503817, 188.3679, 143.4976, 348.5569, -0.5801527, 1.801527, 2.465649],
[2247, 4095, 4095, 4095, 4095, 333.0736, 33.21899, 322.3089, -6.175572, 3.221374, 0.4045802, 191.1321, 143.8921, 344.6916, -1.732824, 2.763359, 2.80916],
[2283, 4095, 4095, 4095, 4095, 331.421, 33.63724, 320.7959, -1.328244, 1.854962, -8.396947, 189.3665, 144.3719, 346.8301, -10.99237, 0.8778625, 0.4045802],
[2265, 4095, 4095, 4095, 4095, 333.2195, 34.47875, 323.7886, -5.48855, 5.458015, -1.923664, 189.131, 143.5018, 347.5409, -5.91603, 1.816794, 5.648855],
[2282, 4095, 4095, 4095, 4095, 337.9839, 32.98253, 328.1802, -2.427481, -2.854962, -3.145038, 187.4132, 143.6001, 349.7931, -4.167939, 2.839695, 1.687023],
[2278, 4095, 4095, 4095, 4095, 333.0065, 33.4575, 322.4793, -4.022901, 3.267176, 1.351145, 189.359, 144.0399, 346.9939, -3.374046, -0.4122138, 0.961832],
[2268, 4095, 4095, 4095, 4095, 331.2294, 33.49035, 320.4163, -3.679389, 3.78626, 1.946565, 189.0611, 143.6918, 347.5506, -1.694656, 2.320611, 1.290076],
[2278, 4095, 4095, 4095, 4095, 332.4845, 32.1973, 320.5088, -2.122137, -0.259542, -0.9389313, 188.4845, 143.8998, 348.2354, -2.167939, 1.778626, 0.4427481],
[2279, 4095, 4095, 4095, 4095, 332.3398, 32.6843, 320.8622, 0.3206107, 3.030534, -4.969466, 189.5613, 143.3829, 347.0247, -2.358779, 1.946565, 1.198473],
[2255, 4095, 4095, 4095, 4095, 334.4187, 32.13106, 322.7945, 0.5572519, 3.954198, -3.320611, 187.7998, 143.3837, 349.3571, -5.885496, -2.0, 1.534351],
[2247, 4095, 4095, 4095, 4095, 334.6925, 32.25201, 323.2626, -3.954198, 0.9847328, 2.679389, 187.9644, 143.7183, 349.0088, 0.5419847, 3.007634, 1.832061],
[2245, 4095, 4095, 4095, 4095, 328.1809, 56.78136, 337.9388, 12.61069, -5.900764, -2.824427, 198.1176, 150.2965, 329.9043, -4.854962, -9.236641, -8.679389],
[2233, 4095, 4095, 4095, 4095, 325.2345, 54.05025, 333.3447, 2.839695, 1.236641, 8.893129, 197.2713, 147.6507, 333.6099, -3.732824, -0.7938931, -6.0],
[2239, 4095, 4095, 4095, 4095, 325.5147, 54.30152, 333.7942, 6.152672, -3.480916, -0.1603053, 197.522, 148.9464, 332.0787, -8.091603, -1.900763, -0.480916],
[2260, 4095, 4095, 4095, 4095, 331.1364, 52.57342, 337.1834, -6.015267, 0.5343512, 25.8626, 196.9885, 149.117, 332.6892, 2.763359, -0.6793893, 1.51145],
[2228, 4095, 4095, 4095, 4095, 328.1578, 52.53875, 334.6128, -4.473282, -14.68702, 1.473282, 196.5259, 149.2969, 333.1984, -4.08397, -3.343511, 0.9160305],
[2238, 4095, 4095, 4095, 4095, 328.3384, 51.9852, 334.3253, -8.015267, -5.816794, 16.56489, 195.6763, 150.7898, 333.0852, -0.5496183, -3.564885, 0.5877862],
[2255, 4095, 4095, 4095, 4095, 328.0546, 52.6698, 334.6288, -3.770992, 8.244275, 2.015267, 196.827, 150.1306, 331.9711, -5.450382, 4.877862, 2.526718],
[2225, 4095, 4095, 4095, 4095, 329.0232, 51.07859, 334.2009, -5.557252, 7.832061, 2.755725, 195.5839, 149.3817, 334.5155, -1.824428, 7.664122, 1.992366],
[2284, 4095, 4095, 4095, 4095, 328.4305, 49.70285, 332.5454, -4.89313, 4.908397, 5.51145, 196.5602, 147.9521, 334.3479, -1.480916, 4.053435, 2.076336],
[2251, 4095, 4095, 4095, 4095, 326.8069, 48.6495, 330.1412, -7.0, 3.916031, 4.946565, 197.8201, 147.2219, 333.2281, -1.48855, 5.534351, 1.374046],
[2238, 4095, 4095, 4095, 4095, 326.0985, 47.45815, 328.4148, -1.335878, 3.740458, 0.3816794, 197.2287, 147.1225, 334.1289, -3.618321, 1.89313, 1.832061],
[2271, 4095, 4095, 4095, 4095, 327.9989, 46.44035, 329.3551, -1.931298, 5.549618, 1.312977, 197.7297, 146.6824, 333.8223, -4.610687, 2.496183, 1.503817],
[2254, 4095, 4095, 4095, 4095, 327.4579, 45.31177, 327.819, -1.519084, 7.236641, -4.259542, 197.793, 146.2993, 334.065, -5.709924, 3.183206, 2.694656],
[2288, 4095, 4095, 4095, 4095, 325.2361, 44.56355, 324.9092, -1.70229, -0.7938931, 5.267176, 194.5064, 147.0255, 338.021, -1.977099, -0.5572519, 3.076336],
[2277, 4095, 4095, 4095, 4095, 327.2578, 44.95657, 327.2982, -4.748092, 5.053435, -5.389313, 196.5872, 146.4001, 335.6149, -5.969466, 2.664122, 1.778626],
[2253, 4095, 4095, 4095, 4095, 325.6051, 45.22842, 325.8992, -5.129771, 4.08397, 6.419847, 196.2578, 146.9938, 335.5828, 1.603053, 1.19084, 4.541985],
[2286, 4095, 4095, 4095, 4095, 324.4327, 44.75215, 324.2814, -3.770992, -1.19084, -0.648855, 199.2062, 146.9729, 331.5714, -3.221374, 0.8015267, 1.564886],
[2245, 4095, 4095, 4095, 4095, 325.7303, 44.81322, 325.6384, -3.709924, 5.160306, 0.2137404, 197.3453, 147.479, 333.6577, -3.740458, 2.389313, 5.045802],
[2255, 4095, 4095, 4095, 4095, 326.763, 43.60072, 325.5507, -3.076336, 6.282443, -1.145038, 198.1893, 146.0268, 333.7677, -3.564885, 3.916031, 0.5801527],
[2227, 4095, 4095, 4095, 4095, 325.5705, 43.10266, 323.8648, -6.21374, 0.5038168, 2.320611, 198.0177, 146.4571, 333.6274, -0.9694656, 2.419847, 0.7099237],
[2247, 4095, 4095, 4095, 4095, 326.5357, 43.39678, 325.1283, -2.679389, 3.114504, 3.862595, 197.3438, 145.9348, 334.9734, -2.618321, 2.29771, 1.10687],
[2256, 4095, 4095, 4095, 4095, 328.2403, 42.7399, 326.2645, -3.877863, 3.931298, 2.549618, 197.9947, 145.5812, 334.4019, -2.229008, 2.068702, 1.908397],
[2266, 4095, 4095, 4095, 4095, 327.8583, 41.01424, 324.2424, -1.984733, 3.480916, -3.312977, 198.06, 146.0052, 333.9581, -3.580153, 1.045802, 2.946565],
[2287, 4095, 4095, 4095, 4095, 327.0667, 42.3305, 324.6686, -0.6793893, 2.969466, -1.763359, 197.9901, 145.8066, 334.2191, -4.61832, 0.4045802, 1.389313],
[2237, 4095, 4095, 4095, 4095, 328.2338, 40.4286, 324.0779, -3.641221, 2.900763, -0.648855, 198.2346, 145.5567, 334.1066, -3.48855, 2.076336, 2.381679],
[2283, 4095, 4095, 4095, 4095, 327.4688, 42.27364, 325.0311, -2.137405, 4.160306, -0.7328244, 198.0443, 145.6966, 334.2397, -3.442748, 1.351145, 2.183206],
[2255, 4095, 4095, 4095, 4095, 328.0267, 41.01772, 324.4231, -4.274809, 2.167939, 0.2519084, 198.318, 145.3448, 334.1752, -1.992366, 2.458015, 1.671756],
[2261, 4095, 4095, 4095, 4095, 328.951, 40.83576, 325.2273, -3.694656, 2.076336, 1.839695, 198.4254, 145.8477, 333.6081, -2.755725, 1.618321, 3.038168],
[2273, 4095, 4095, 4095, 4095, 328.5412, 40.60616, 324.5744, -2.969466, 4.129771, 2.076336, 198.0291, 145.7502, 334.2149, -3.442748, 2.664122, 2.21374],
[2224, 4095, 4095, 4095, 4095, 328.582, 40.96676, 324.9607, -3.030534, 1.129771, 1.664122, 197.8707, 145.7843, 334.3961, -2.137405, 1.198473, 0.9389313],
[2275, 4095, 4095, 4095, 4095, 328.8642, 39.25132, 323.6142, -4.70229, 2.679389, 2.687023, 197.4944, 145.2536, 335.3302, -2.061069, 2.129771, 1.832061],
[2247, 4095, 4095, 4095, 4095, 328.5869, 39.47896, 323.5369, -2.793893, 3.564885, 1.679389, 198.362, 144.8276, 334.5475, -4.022901, 2.030534, 1.992366],
[2257, 4095, 4095, 4095, 4095, 328.1336, 39.11121, 322.6897, -1.89313, 2.320611, 0.02290076, 198.6921, 144.7405, 334.1946, -3.557252, 0.7175572, 1.648855],
[2267, 4095, 4095, 4095, 4095, 328.6819, 38.73513, 322.9118, -3.236641, 3.183206, -0.7099237, 197.3416, 145.1311, 335.6296, -3.21374, 1.641221, 2.671756],
[2271, 4095, 4095, 4095, 4095, 329.4444, 39.37267, 324.3589, -1.679389, -1.648855, 0.9847328, 197.6612, 145.154, 335.1921, -8.511451, -3.320611, -0.8244275],
[2246, 4095, 4095, 4095, 4095, 329.641, 39.74355, 324.9274, 0.8625955, 2.862595, 0.6793893, 197.2389, 145.87, 335.1671, -2.519084, 0.7709923, 1.534351],
[2235, 4095, 4095, 4095, 4095, 330.673, 40.39081, 326.6494, 0.7709923, -0.5725191, -6.534351, 199.5735, 145.9209, 332.0362, -4.374046, -1.59542, 0.3206107],
[2271, 4095, 4095, 4095, 4095, 329.0697, 43.01642, 327.3736, -2.824427, -11.77863, -2.129771, 196.6132, 147.014, 335.0724, 0.4122138, 1.030534, 0.7709923],
[2256, 4095, 4095, 4095, 4095, 325.9562, 40.77005, 322.0092, 2.984733, -3.038168, -2.519084, 198.9101, 145.9752, 332.8584, -3.969466, 1.732824, 1.061069],
[2282, 4095, 4095, 4095, 4095, 329.1321, 43.4513, 327.8313, -4.015267, 2.244275, -1.847328, 195.5224, 146.1624, 337.262, -1.70229, -1.51145, 1.534351],
[2299, 4095, 4095, 4095, 4095, 329.3037, 43.1496, 327.7351, -4.770992, 3.908397, 3.618321, 198.4521, 146.9143, 332.6401, -3.061069, 2.832061, 0.2061069],
[2265, 4095, 4095, 4095, 4095, 329.6247, 44.03318, 328.8531, -3.931298, 0.9847328, -5.931298, 194.8858, 147.9059, 336.7885, -2.740458, 2.687023, 0.7099237],
[2271, 4095, 4095, 4095, 4095, 326.8421, 45.16421, 327.0724, -5.572519, 9.099236, 7.465649, 200.5779, 146.385, 330.3029, -0.8473283, 3.648855, 1.78626],
[2260, 4095, 4095, 4095, 4095, 330.5219, 45.85002, 331.3176, -6.122138, -2.29771, 13.41985, 198.1519, 147.8346, 332.2197, 7.625954, 1.343511, -0.648855],
[2279, 4095, 4095, 4095, 4095, 328.0807, 47.03041, 329.9494, -1.770992, -0.8473283, 1.664122, 197.7474, 146.6394, 333.8353, -2.778626, 1.366412, 1.167939],
[2251, 4095, 4095, 4095, 4095, 329.7888, 44.54203, 329.4664, -1.78626, 2.473282, -4.992366, 198.5361, 146.799, 332.6295, -8.282443, 0.1679389, 1.977099],
[2282, 4095, 4095, 4095, 4095, 328.4845, 46.58496, 329.9542, -8.221375, 1.854962, 6.335878, 199.8662, 146.888, 330.7693, 6.206107, 3.923664, 1.916031],
[2267, 4095, 4095, 4095, 4095, 327.749, 44.60394, 327.4706, -8.007633, 3.419847, 3.343511, 197.1565, 146.3351, 334.894, 2.221374, 4.633588, 1.183206],
[2246, 4095, 4095, 4095, 4095, 314.4002, 39.60781, 309.106, -2.412214, 9.145039, 0.09160305, 178.1932, 152.4671, 3.233609, -5.572519, 3.366412, 5.114504],
[2239, 4095, 4095, 4095, 4095, 317.4492, 39.72369, 312.2395, -6.122138, 2.70229, 2.656489, 181.8838, 151.547, 356.3062, -2.725191, 0.4732824, 1.396947],
[2214, 4095, 4095, 4095, 4095, 311.6708, 41.80567, 308.6034, -12.79389, 0.3282443, 9.633588, 181.6609, 151.1895, 356.7653, -2.053435, 0.7862596, 5.366412],
[2231, 4095, 4095, 4095, 4095, 312.5783, 41.44335, 309.1384, -6.40458, -0.4885496, -7.129771, 183.1249, 152.541, 353.7681, -3.885496, 2.251908, 5.091603],
[2272, 4095, 4095, 4095, 4095, 310.4088, 43.24877, 308.7736, -8.259542, 4.374046, 4.076336, 182.1775, 152.3166, 355.6274, -5.10687, 3.763359, 2.625954],
[2235, 4095, 4095, 4095, 4095, 312.1624, 44.26875, 311.5228, -2.580153, 0.6793893, -6.854962, 181.8015, 151.8981, 356.407, 1.618321, 1.977099, 1.725191],
[2227, 4095, 4095, 4095, 4095, 317.6842, 42.38245, 315.1555, -1.305344, 8.328244, -10.43512, 184.1766, 149.8933, 352.6006, -4.343512, 2.244275, 3.969466],
[2271, 4095, 4095, 4095, 4095, 321.3239, 41.67071, 318.1227, 5.877862, 4.885496, -13.59542, 180.6735, 151.8361, 358.527, -1.312977, 3.916031, 0.5114504],
[2219, 4095, 4095, 4095, 4095, 322.2353, 46.92773, 324.1687, 4.732824, 3.70229, -18.32061, 188.4003, 151.2439, 344.69, -5.51145, -0.2061069, -4.244275],
[2266, 4095, 4095, 4095, 4095, 329.5248, 46.14078, 330.5865, 15.53435, -1.725191, -37.85496, 183.865, 151.4446, 352.6929, 1.305344, 1.351145, -2.343511],
[2234, 4095, 4095, 4095, 4095, 328.3998, 43.5286, 327.1527, -2.51145, 6.343512, -4.19084, 182.995, 151.4625, 354.2783, -3.412214, 2.931298, 1.816794],
[2225, 4095, 4095, 4095, 4095, 326.025, 43.19268, 324.4146, -7.51145, 5.198473, -8.221375, 183.8791, 150.8306, 352.8475, -5.59542, -1.10687, 2.427481],
[2243, 4095, 4095, 4095, 4095, 326.3834, 43.84941, 325.3974, -1.374046, 1.564886, -2.221374, 182.25, 152.0565, 355.5378, -0.4580153, 2.603053, 4.770992],
[2231, 4095, 4095, 4095, 4095, 325.9091, 45.47681, 326.431, -1.587786, 1.725191, 2.557252, 181.8035, 151.6773, 356.4357, -1.48855, 2.328244, 1.503817],
[2234, 4095, 4095, 4095, 4095, 328.4543, 43.30017, 327.0, -3.916031, 1.778626, 6.541985, 182.8122, 150.4064, 354.8388, 0.9541985, 3.427481, 1.503817],
[2255, 4095, 4095, 4095, 4095, 329.5302, 37.78548, 322.9003, -5.38168, 9.244275, 6.435114, 184.5816, 147.1646, 352.7149, 5.175572, 4.839694, 1.687023],
[2247, 4095, 4095, 4095, 4095, 326.7223, 42.64415, 324.6102, -7.015267, 1.305344, 1.10687, 182.4093, 149.8877, 355.638, -0.7022901, -0.7175572, 3.465649],
[2223, 4095, 4095, 4095, 4095, 327.3394, 42.3889, 325.0058, -3.10687, 3.931298, -2.961832, 184.2017, 151.3827, 352.0998, 2.465649, 4.282443, 4.08397],
[2256, 4095, 4095, 4095, 4095, 326.6728, 40.73533, 322.7264, -2.931298, 4.816794, -1.625954, 181.9729, 150.5155, 356.2995, -1.145038, 2.0, 4.938931],
[2251, 4095, 4095, 4095, 4095, 328.3332, 39.86666, 323.6415, -2.229008, 2.908397, -1.969466, 183.668, 150.3416, 353.3549, -5.366412, 0.648855, 1.992366],
[2267, 4095, 4095, 4095, 4095, 325.3281, 42.63883, 323.1725, 1.175573, 3.694656, -4.732824, 184.7411, 151.1344, 351.2114, -6.312977, 1.175573, 0.4427481],
[2260, 4095, 4095, 4095, 4095, 325.2438, 42.06115, 322.5278, -9.496183, 2.725191, 3.885496, 186.0439, 149.1971, 349.7048, -0.1603053, 0.9007633, 0.7633588],
[2254, 4095, 4095, 4095, 4095, 327.4928, 39.61486, 322.4985, -3.351145, 7.816794, -0.351145, 186.498, 149.7878, 348.7017, -4.923664, 3.709924, 4.259542],
[2275, 4095, 4095, 4095, 4095, 326.1114, 42.1057, 323.4665, -3.427481, 4.40458, -5.038168, 185.5406, 148.7069, 350.7131, -3.083969, -0.9465649, -0.09923664],
[2255, 4095, 4095, 4095, 4095, 326.7854, 40.38453, 322.5026, -2.908397, 3.29771, 1.419847, 184.5275, 149.8378, 352.0181, -5.29771, 1.030534, 1.145038],
[2418, 4095, 4095, 4095, 4095, 325.5324, 41.12593, 321.9155, -2.099237, 3.526718, 0.0610687, 184.8703, 149.979, 351.3867, -2.083969, 1.221374, 1.572519],
[2240, 4095, 4095, 4095, 4095, 326.4064, 39.37977, 321.1106, -7.21374, 1.458015, 4.717557, 184.5189, 149.8049, 352.0432, -4.801527, 1.824428, 1.587786],
[2268, 4095, 4095, 4095, 4095, 327.293, 40.25595, 322.9134, -4.160306, 0.1603053, 0.2213741, 183.5261, 150.631, 353.5283, -0.5801527, 2.251908, 1.832061],
[2259, 4095, 4095, 4095, 4095, 325.4348, 41.06432, 321.7535, -0.3282443, 6.587786, -0.3053435, 183.3247, 150.9228, 353.812, -2.534351, 4.48855, 1.740458],
[2245, 4095, 4095, 4095, 4095, 324.4659, 39.73567, 319.4236, -1.259542, 0.3435115, -3.160305, 185.0989, 149.7202, 351.0869, -5.709924, 0.3282443, 1.916031],
[2251, 4095, 4095, 4095, 4095, 325.5555, 38.97175, 319.8007, 1.183206, 2.641221, -2.396947, 184.456, 149.5049, 352.2422, -2.923664, 1.89313, 3.122137],
[2242, 4095, 4095, 4095, 4095, 326.2528, 39.24076, 320.8091, -4.938931, 2.312977, 3.175573, 185.4483, 149.3324, 350.6394, -1.450382, 1.015267, 0.7175572],
[2277, 4095, 4095, 4095, 4095, 325.7752, 39.09909, 320.1612, -2.801527, 1.274809, 0.1374046, 185.9294, 149.1578, 349.9089, -3.114504, 0.5572519, 1.671756],
[2235, 4095, 4095, 4095, 4095, 325.5311, 39.56511, 320.3703, -3.755725, 3.793893, -0.05343511, 187.1771, 149.2459, 347.8215, -3.290076, -1.160305, 1.755725],
[2250, 4095, 4095, 4095, 4095, 326.1179, 41.40821, 322.8, -2.358779, 2.183206, 2.641221, 186.2887, 149.363, 349.2328, -2.450382, 3.480916, 0.8396947],
[2255, 4095, 4095, 4095, 4095, 327.4231, 37.73832, 320.5525, -3.160305, 2.969466, 4.656488, 185.3843, 147.4423, 351.3914, -4.38168, 0.02290076, 0.4274809],
[2258, 4095, 4095, 4095, 4095, 326.5285, 39.51188, 321.3715, -4.671756, 1.587786, 1.503817, 185.8086, 149.5942, 349.9388, 2.679389, 1.137405, 2.152672],
[2239, 4095, 4095, 4095, 4095, 324.0277, 39.41025, 318.6382, -1.725191, 2.412214, -1.679389, 186.2973, 149.4655, 349.1756, -1.793893, 2.564885, 3.526718],
[2256, 4095, 4095, 4095, 4095, 324.8173, 40.00713, 320.0627, -5.664122, 1.152672, -1.396947, 186.2231, 150.0637, 349.0464, -2.328244, 0.8091603, 2.80916],
[2255, 4095, 4095, 4095, 4095, 325.2131, 38.64665, 319.1104, 0.1450382, 4.679389, -4.08397, 187.3678, 148.5517, 347.8356, -4.374046, 2.129771, 1.389313],
[2271, 4095, 4095, 4095, 4095, 324.0178, 39.9124, 319.1337, -4.152672, 2.061069, -0.4198473, 185.4097, 149.3832, 350.6851, -1.229008, 1.908397, 2.977099],
[2256, 4095, 4095, 4095, 4095, 325.5457, 38.35232, 319.1639, -7.015267, 1.580153, 2.748092, 187.1218, 148.7705, 348.13, 1.496183, 1.29771, 3.717557],
[2251, 4095, 4095, 4095, 4095, 323.5033, 40.19428, 318.8823, -4.709924, 3.625954, 0.5038168, 188.3819, 147.9085, 346.5521, -2.832061, 1.473282, 1.633588],
[2229, 4095, 4095, 4095, 4095, 324.4728, 40.12148, 319.8173, -2.068702, 1.89313, 1.099237, 187.6028, 147.9785, 347.7289, -1.534351, 1.083969, 1.709924],
[2219, 4095, 4095, 4095, 4095, 323.5914, 39.65487, 318.4306, -6.587786, 5.80916, 1.717557, 188.9417, 148.1891, 345.5377, -1.10687, 2.015267, 1.473282],
[2235, 4095, 4095, 4095, 4095, 324.0408, 39.34141, 318.5823, -2.015267, 1.022901, -3.687023, 188.6217, 147.731, 346.2721, -3.21374, 2.763359, 2.351145],
[2239, 4095, 4095, 4095, 4095, 324.2754, 37.85854, 317.3169, -1.557252, 1.603053, -4.732824, 188.2566, 148.3256, 346.5376, -4.290076, 1.450382, 2.465649],
[2255, 4095, 4095, 4095, 4095, 325.0993, 39.94427, 320.2953, -4.778626, -0.1221374, 2.931298, 189.1195, 148.1012, 345.3094, -0.2442748, 1.435114, 2.122137],
[2194, 4095, 4095, 4095, 4095, 319.3754, 45.15871, 319.6189, 11.19084, 16.0687, -21.79389, 188.3366, 153.178, 343.5738, -20.71756, -3.70229, -2.282443],
[2205, 4095, 4095, 4095, 4095, 333.8875, 41.56527, 331.1475, -0.9465649, -5.496183, -4.732824, 183.207, 154.8536, 352.9391, -14.50382, -3.381679, -2.366412],
[2192, 4095, 4095, 4095, 4095, 333.2245, 46.90298, 334.791, -6.923664, 7.641222, 11.96183, 186.2218, 155.05, 346.5393, -1.78626, -0.6717557, 1.229008],
[2211, 4095, 4095, 4095, 4095, 324.7652, 43.45143, 323.3778, -7.21374, -3.10687, -4.305344, 187.6465, 153.7609, 344.4974, -6.48855, 1.145038, 2.748092],
[2255, 4095, 4095, 4095, 4095, 328.2976, 46.62338, 329.8059, -9.671756, 6.564886, 11.37405, 185.8576, 156.2197, 346.6108, -3.648855, 4.290076, 5.923664],
[2207, 4095, 4095, 4095, 4095, 333.7802, 42.14211, 331.521, 2.755725, 6.824428, -5.793893, 187.4345, 154.3446, 344.5299, -5.412214, 2.015267, 0.04580153],
[2210, 4095, 4095, 4095, 4095, 334.1335, 44.59659, 333.8855, -0.1908397, 5.412214, -4.0, 184.3183, 153.4754, 351.1484, -0.01526718, 0.3587786, -0.6870229],
[2231, 4095, 4095, 4095, 4095, 330.845, 44.76061, 330.7162, -7.038168, -0.7862596, 6.198473, 189.0339, 155.219, 340.7121, -3.030534, 2.114504, 2.21374],
[2238, 4095, 4095, 4095, 4095, 328.6427, 47.51047, 330.9024, -9.206107, -1.664122, 9.106871, 184.8166, 157.7459, 348.0694, 5.022901, 2.824427, 4.717557],
[2224, 4095, 4095, 4095, 4095, 329.8129, 48.37215, 332.7302, -1.366412, -10.30534, -7.145038, 185.801, 155.9928, 346.87, 6.519084, -0.4732824, 8.419847],
[2236, 4095, 4095, 4095, 4095, 324.4517, 50.94344, 329.9666, -5.61832, -0.9923664, 8.694656, 188.601, 155.6083, 341.2657, 11.44275, 3.137405, 0.1221374],
[2219, 4095, 4095, 4095, 4095, 332.3705, 44.59351, 332.1084, 9.206107, 2.954198, -12.96183, 186.2371, 155.5463, 346.2087, 3.541985, 3.610687, 1.78626],
[2246, 4095, 4095, 4095, 4095, 329.3197, 44.65324, 329.0924, -2.656489, -0.6030535, -7.984733, 188.1921, 155.4335, 342.2352, -1.78626, 3.572519, 0.9236641],
[2241, 4095, 4095, 4095, 4095, 327.4055, 45.83994, 328.2411, -6.282443, -2.80916, 5.396946, 188.7281, 154.3093, 342.0252, 0.9007633, 3.694656, 2.038168],
[2227, 4095, 4095, 4095, 4095, 329.025, 47.74968, 331.4695, -13.75573, 1.015267, 9.763359, 185.931, 154.1375, 347.6418, -0.1679389, 3.610687, 4.0],
[2235, 4095, 4095, 4095, 4095, 324.8526, 48.94391, 328.5575, -5.015267, 3.564885, 1.603053, 191.4625, 154.9501, 336.2585, 0.1221374, 5.053435, 4.763359],
[2237, 4095, 4095, 4095, 4095, 324.4056, 49.2976, 328.454, -0.9236641, 0.03816794, -7.89313, 189.3518, 153.8273, 341.2019, -2.992366, 2.267176, 0.8473283],
[2257, 4095, 4095, 4095, 4095, 327.7139, 44.41188, 327.261, -1.374046, 4.526718, 7.21374, 189.38, 153.8013, 341.1689, -1.061069, 3.206107, 0.7557252],
[2246, 4095, 4095, 4095, 4095, 327.9896, 44.43503, 327.5598, -0.3969466, 4.198473, 0.5801527, 190.9255, 153.2147, 338.8027, -2.816794, 1.839695, 1.656489],
[2237, 4095, 4095, 4095, 4095, 324.73, 47.2095, 326.8658, -6.099236, 0.6030535, 1.122137, 190.2822, 152.5878, 340.4558, -3.259542, 1.442748, 2.59542],
[2223, 4095, 4095, 4095, 4095, 324.2006, 47.0352, 326.1903, -2.572519, 3.40458, -1.320611, 193.1009, 153.1814, 335.0063, -5.587786, 2.442748, 1.687023],
[2243, 4095, 4095, 4095, 4095, 323.6075, 46.7027, 325.3009, -5.175572, 1.312977, -0.9770992, 190.5247, 152.9961, 339.7012, 2.358779, 1.328244, 1.328244],
[2250, 4095, 4095, 4095, 4095, 326.3887, 44.71616, 326.2081, -9.694656, -5.725191, 8.366412, 192.4404, 151.3496, 337.7527, -5.038168, 0.4274809, 1.320611],
[2256, 4095, 4095, 4095, 4095, 324.9926, 44.90086, 324.9821, -4.564886, 3.916031, -4.450382, 192.7931, 152.5448, 336.1238, -2.587786, 3.221374, 1.618321],
[2255, 4095, 4095, 4095, 4095, 323.5737, 45.41525, 324.0529, 0.2900764, 2.328244, -1.419847, 190.5333, 152.1478, 340.3518, -9.160305, 0.4580153, 1.832061],
[2243, 4095, 4095, 4095, 4095, 329.2221, 42.78728, 327.3223, -2.641221, 1.770992, -8.053435, 194.2805, 152.2391, 333.9239, -0.2213741, 2.671756, 1.335878],
[2243, 4095, 4095, 4095, 4095, 326.356, 44.93421, 326.3764, -0.4122138, 3.70229, -3.801527, 192.5663, 151.8208, 337.1447, -4.946565, 3.419847, 0.7557252],
[2239, 4095, 4095, 4095, 4095, 324.4315, 44.7013, 324.2321, -7.580153, 1.435114, 6.290076, 192.8057, 151.5991, 336.9372, 0.9694656, 1.648855, 2.587786],
[2074, 4095, 4095, 4095, 4095, 327.1084, 45.27403, 327.4373, -8.725191, 1.549618, 9.137404, 192.3779, 151.2202, 337.9628, -0.5343512, 1.21374, 3.610687],
[2267, 4095, 4095, 4095, 4095, 327.8175, 43.5108, 326.542, 0.09923664, 3.038168, -1.160305, 193.2646, 151.3468, 336.4021, -4.748092, 3.045802, 1.320611],
[2254, 4095, 4095, 4095, 4095, 325.0328, 44.56486, 324.7063, -4.259542, 2.977099, 4.458015, 191.9045, 151.488, 338.5298, -0.7557252, 2.083969, 2.312977],
[2255, 4095, 4095, 4095, 4095, 322.1735, 45.58733, 322.8254, -1.618321, 2.374046, -5.755725, 192.718, 152.2756, 336.4923, -6.40458, 0.9770992, 2.984733],
[2203, 4095, 4095, 4095, 4095, 325.9339, 44.31991, 325.3827, -2.083969, 3.740458, 2.061069, 192.4464, 151.8379, 337.3307, -0.4961832, 3.320611, 1.870229],
[2254, 4095, 4095, 4095, 4095, 323.8872, 42.96957, 322.0193, -3.885496, 1.526718, -0.7480916, 193.5413, 151.6397, 335.6911, -4.610687, 0.3587786, 0.832061],
[2230, 4095, 4095, 4095, 4095, 325.3581, 43.34897, 323.8831, -0.2290076, 1.778626, 1.412214, 193.3195, 151.7393, 335.9661, -2.374046, 0.5267176, 2.328244],
[2258, 4095, 4095, 4095, 4095, 322.8908, 42.11555, 320.1649, 0.1145038, 2.076336, -3.755725, 193.7025, 151.2251, 335.7989, -6.015267, -0.06870229, 0.6030535],
[2241, 4095, 4095, 4095, 4095, 323.9913, 44.21376, 323.3251, -6.824428, 2.80916, 11.55725, 193.8165, 151.7933, 335.1018, 0.8015267, 2.89313, 1.870229],
[2253, 4095, 4095, 4095, 4095, 323.6003, 43.25645, 322.0061, -1.419847, 2.167939, -2.381679, 193.8357, 150.7061, 336.0413, -3.732824, 2.175573, 0.1679389],
[2258, 4095, 4095, 4095, 4095, 321.604, 44.21304, 320.9219, -11.10687, -5.580153, 2.862595, 192.7509, 152.2158, 336.4898, -1.198473, -0.5343512, 4.870229],
[2240, 4095, 4095, 4095, 4095, 325.1843, 43.36723, 323.7235, -6.526718, 3.099237, -4.847328, 194.6899, 151.0352, 334.395, -5.015267, 2.114504, 6.351145],
[2261, 4095, 4095, 4095, 4095, 327.7961, 45.22026, 328.0731, 5.969466, 1.816794, -6.557252, 194.7457, 151.5731, 333.8046, -2.59542, -3.961832, -3.045802],
[2253, 4095, 4095, 4095, 4095, 324.9257, 43.63385, 323.7152, -2.679389, 0.2137404, 4.129771, 192.9673, 151.2768, 336.948, -0.4198473, 5.022901, 0.9541985],
[2256, 4095, 4095, 4095, 4095, 326.4449, 41.40865, 323.1411, -1.068702, 3.396947, -3.938931, 193.7844, 150.7032, 336.1253, -5.061069, 1.732824, 2.763359],
[2245, 4095, 4095, 4095, 4095, 325.5157, 42.26141, 323.0017, -4.885496, -6.259542, -1.038168, 193.4535, 152.7139, 334.8484, -0.5725191, 2.29771, 3.160305],
[2237, 4095, 4095, 4095, 4095, 324.6082, 41.81489, 321.6324, -6.793893, -1.122137, 5.351145, 194.7853, 150.5623, 334.6764, 2.0, 0.4274809, 3.755725],
[2242, 4095, 4095, 4095, 4095, 322.9787, 43.08842, 321.2109, -3.19084, 3.19084, 3.129771, 195.4402, 150.1735, 334.0205, -2.267176, 0.5877862, -0.8015267],
[2239, 4095, 4095, 4095, 4095, 324.949, 42.8859, 323.0221, -7.435114, -0.4961832, 3.122137, 196.1382, 150.5026, 332.651, -2.549618, 1.687023, 1.038168],
[2251, 4095, 4095, 4095, 4095, 321.2348, 43.82463, 320.1691, -5.770992, -0.4198473, 5.900764, 195.2311, 151.6373, 332.9698, 4.870229, 0.9312977, 1.038168],