[1416, 2419, 2106, 1952, 1783, 231.6603, 120.5097, 323.0798, 73.24428, -104.2519, 165.7863, 238.5536, 130.7635, 305.1256, 57.98473, 20.11451, -15.09924],
[1392, 2359, 2109, 1975, 1850, 183.1105, 109.3337, 358.8103, -52.75573, 127.5267, -250.1374, 240.9286, 130.7344, 302.6216, -43.16031, -38.05344, 3.625954],
[1437, 2423, 2117, 1983, 1845, 253.1917, 101.3554, 325.9948, 53.16794, -137.7023, 250.1298, 243.7049, 131.3829, 299.0661, 36.1603, 28.64122, 9.961832],
[1423, 2450, 2126, 1981, 1837, 233.7589, 99.92207, 346.365, -36.27481, 108.6794, -250.1374, 242.7769, 128.6514, 302.5237, -62.06871, -34.0687, -9.755725],
[1441, 2435, 2115, 1956, 1841, 55.9031, 79.88997, 14.59009, 97.32825, -103.1298, 209.458, 243.6967, 125.9544, 304.0391, 33.47328, 31.28244, 4.709924],
[1442, 2448, 2117, 1973, 1856, 227.5768, 121.2672, 326.1759, -42.60305, 135.8015, -238.3664, 241.3234, 127.5109, 305.2394, -50.29008, -40.70992, -7.229008],
[1450, 2466, 2117, 1971, 1859, 85.89883, 88.09418, 24.27301, 78.41222, -42.60305, 142.1985, 237.0758, 132.5352, 304.9917, 37.0, 7.358778, -9.908397],
[1450, 2480, 2131, 1995, 1871, 218.0553, 128.7351, 327.6602, -58.48092, 55.51145, -142.374, 238.9866, 129.5967, 305.782, -44.1603, -5.946565, 2.381679],
[1456, 2384, 2153, 2004, 1872, 69.97026, 67.8507, 48.07534, 25.0229, -115.9084, 250.1298, 238.9052, 128.8455, 306.6008, 45.0458, 50.35115, -3.251908],
[1488, 2459, 2183, 1986, 1875, 231.5009, 137.8084, 305.5742, -61.87786, 114.1298, -250.1374, 238.9632, 126.9759, 308.3999, -42.89313, -30.87786, -3.48855],
[1510, 2435, 2135, 2047, 1910, 99.43688, 94.30816, 24.51822, 105.8931, -75.86259, 250.1298, 238.4117, 130.3042, 305.7157, 28.71756, 45.16794, 5.885496],
[1488, 2457, 2192, 2029, 1873, 237.4472, 125.1911, 311.9167, -72.46565, 62.83206, -250.1374, 238.7821, 125.3192, 310.3055, -25.44275, -29.51908, -0.6641222],
[1518, 2342, 2224, 2064, 1903, 65.88603, 69.74182, 39.40255, 29.12977, -150.2595, 250.1298, 237.7603, 130.6998, 306.026, 21.76336, 44.14504, -1.549618],
[1541, 2480, 2224, 2063, 1925, 237.5453, 125.6591, 311.3175, -14.34351, 1.40458, -250.1374, 236.6972, 129.0137, 308.8085, -25.09924, -34.32824, 0.9312977],
[1507, 2448, 2247, 2095, 1961, 43.07675, 66.54003, 21.97585, -11.72519, -200.7557, 250.1298, 236.4164, 133.2258, 305.0176, 44.17557, 53.50382, 0.389313],
[1552, 2511, 2275, 2112, 1988, 239.515, 130.877, 303.998, 7.396946, 99.59542, -250.1374, 238.7117, 126.3214, 309.3454, -18.73282, -36.23664, -2.832061],
[1485, 2480, 2310, 2096, 1970, 336.6779, 81.96029, 356.4986, 29.51908, -250.1374, 250.1298, 237.5911, 130.0009, 306.8824, 39.53435, 45.77863, 5.961832],
[1475, 2595, 2298, 2114, 2017, 232.3511, 131.7639, 310.5994, -1.763359, 101.0305, -250.1374, 239.175, 126.0476, 309.1123, -24.80916, -33.93893, -0.1145038],
[1488, 2551, 2351, 2163, 2054, 237.9104, 90.47791, 359.0355, 180.5725, -171.6488, 250.1298, 238.0217, 133.1934, 303.4046, 38.36641, 51.87023, 6.076336],
[1424, 2571, 2262, 2064, 2000, 245.5721, 127.6734, 300.2379, -57.32061, 39.16794, -250.1374, 239.0997, 126.9553, 308.27, -30.14504, -28.50382, -2.816794],
[1441, 2551, 2307, 1919, 1914, 54.84674, 73.93711, 22.10069, 108.2977, -173.3588, 250.1298, 236.5469, 132.1206, 305.9321, 25.34351, 43.67176, 11.60305],
[1328, 2529, 2326, 1942, 1931, 231.9248, 135.3758, 307.4898, -60.72519, 250.1298, -250.1374, 242.0058, 125.605, 306.3526, -18.80916, -38.85496, 0.04580153],
[1190, 2597, 2354, 1979, 1929, 134.3905, 98.32953, 8.477162, 26.16794, -250.1374, 250.1298, 238.6228, 131.0289, 304.8004, 17.25191, 52.69466, 3.740458],
[1246, 2637, 2352, 1994, 1947, 238.5637, 124.3266, 311.5967, 30.12214, 234.1069, -250.1374, 239.7746, 128.6581, 305.837, -18.67939, -26.83206, 3.053435],
[1295, 2546, 2352, 1974, 1936, 123.2529, 102.0647, 18.03196, 38.53435, -250.1374, 250.1298, 240.644, 127.4953, 306.015, 29.13741, 42.84733, 2.763359],
[1193, 2718, 2375, 2009, 1959, 237.516, 125.9721, 311.023, -57.46565, 224.8397, -250.1374, 239.0079, 127.8526, 307.4701, -23.0687, -42.51909, -4.40458],
[1316, 2497, 2384, 2011, 1956, 89.07217, 89.58003, 21.59644, 57.94656, -215.4351, 250.1298, 237.7959, 128.64, 308.0033, 33.57252, 44.22138, 6.900764],
[1379, 2699, 2302, 2031, 1974, 238.1488, 127.9579, 308.3025, -21.03054, 125.3893, -250.1374, 240.0526, 126.6506, 307.5178, -9.610687, -37.64122, -0.870229],
[1419, 2475, 2368, 2067, 1974, 23.69221, 70.8057, 8.589555, 114.2672, -250.1374, 250.1298, 240.6908, 128.1967, 305.2773, 21.35878, 42.9313, 5.59542],
[1402, 2768, 2379, 2070, 1982, 235.7532, 127.3427, 311.5107, -74.27481, 140.2595, -250.1374, 242.3333, 125.4967, 306.0827, -21.74809, -43.59542, -1.465649],
[1403, 2535, 2417, 2143, 1984, 341.5408, 56.67569, 347.6415, -20.14504, -231.4656, 250.1298, 241.5949, 129.8147, 302.7493, 18.07634, 57.64122, 5.038168],
[1371, 2896, 2407, 2131, 2013, 241.4636, 120.2621, 312.7336, -13.33588, 130.2672, -250.1374, 241.5806, 125.017, 307.4422, -13.16031, -36.17557, 2.305344],
[1410, 2603, 2433, 2144, 2035, 277.8702, 88.02477, 346.6216, 50.19847, -210.9847, 250.1298, 240.5946, 131.2862, 302.4721, 35.76336, 60.59542, 6.519084],
[1428, 2795, 2418, 2160, 2064, 248.3624, 120.731, 303.4606, 20.32061, 107.2137, -250.1374, 242.6684, 124.8, 306.3971, -18.78626, -42.29008, -0.2366412],
[1462, 2639, 2448, 2123, 2027, 213.2839, 93.51405, 357.5642, -2.908397, -250.1374, 250.1298, 239.3475, 130.6453, 304.3943, 41.20611, 51.51908, 4.48855],
[1446, 2691, 2441, 2183, 2032, 236.9565, 140.0734, 298.3581, 97.98473, 129.8397, -250.1374, 241.7095, 125.2913, 307.0127, -4.328244, -38.42748, 0.3587786],
[1389, 2626, 2449, 2202, 2127, 11.85493, 78.04847, 2.454131, 24.28244, -175.0305, 250.1298, 237.3269, 130.445, 306.7302, 23.91603, 35.70992, 0.04580153],
[1434, 2709, 2455, 2194, 2059, 246.0405, 142.0882, 288.9079, 54.36641, 49.1603, -250.1374, 240.578, 125.1081, 308.4996, -14.12977, -34.08397, -2.480916],
[1394, 2782, 2480, 2236, 2224, 62.25564, 74.32429, 27.94168, 35.29008, -182.2061, 250.1298, 242.5114, 128.0659, 303.3707, 52.78626, 52.68703, 3.129771],
[1449, 2795, 2469, 2239, 2113, 242.5952, 130.2889, 301.2266, 25.44275, 58.29008, -250.1374, 240.7182, 123.3352, 310.2067, -21.0687, -30.80916, -3.496183],
[1424, 2693, 2475, 2207, 2108, 43.66384, 70.14193, 18.90053, -8.946565, -231.9313, 250.1298, 238.5411, 129.4587, 306.3951, 52.38931, 45.9771, 8.580153],
[1411, 2767, 2480, 2162, 2022, 242.936, 125.7525, 305.1263, 8.900764, 68.79389, -250.1374, 241.6641, 125.1836, 307.1751, -8.717557, -25.25191, -4.725191],
[1424, 2831, 2461, 2274, 2135, 68.83857, 67.96735, 46.18872, -27.9542, -133.6794, 250.1298, 236.71, 131.075, 306.7681, 29.9084, 33.51145, 5.0],
[1514, 2751, 2467, 2134, 2031, 229.5996, 163.3263, 284.1255, 67.31298, 75.54962, -211.3359, 241.1053, 124.2441, 308.7942, -33.78626, -27.25954, -9.21374],
[1491, 2788, 2447, 2250, 2066, 76.14834, 73.81663, 49.58313, -70.47328, -146.0153, 250.1298, 239.6905, 130.0705, 304.571, 9.435115, 33.8168, 3.335878],
[1510, 2782, 2471, 2143, 2029, 228.3356, 165.0496, 283.1909, 37.85496, 87.99236, -201.3588, 243.4869, 122.9967, 307.2904, -37.75573, -25.87786, -16.36641],
[1462, 2765, 2478, 2374, 2139, 77.03404, 74.53879, 50.16644, -53.96947, -44.58779, 213.2137, 240.143, 130.6514, 303.5395, 13.89313, 28.67939, -0.7557252],
[1525, 2763, 2443, 2147, 2032, 236.8016, 178.61, 270.7848, 20.96183, 48.36641, -100.9389, 242.5036, 121.7368, 309.8343, -51.0458, -26.38168, -14.12214],
[1350, 2270, 2192, 2078, 1808, 73.86205, 53.11691, 68.87324, 44.03817, -89.64122, 151.9313, 238.4833, 138.2667, 298.4704, 46.1145, 44.69466, -1.267176],
[1372, 2368, 2181, 2086, 1824, 242.6241, 175.3259, 272.3048, -24.68702, 60.65649, -158.2977, 244.5467, 124.9178, 304.05, -44.03817, -18.45802, -8.862596],
[1397, 2341, 2190, 2114, 1834, 67.5014, 57.22054, 57.18815, 50.83206, -122.5725, 247.3588, 239.9685, 132.6699, 301.8739, 67.19847, 47.58779, 4.587786],
[1408, 2389, 2211, 2101, 1847, 235.0189, 160.3668, 283.8493, -68.98473, 121.2214, -250.1374, 240.7478, 125.9624, 307.4307, -74.30534, -30.46565, -11.59542],
[1415, 2381, 2219, 2137, 1852, 92.19436, 90.3546, 10.813, 67.65649, -250.1374, 250.1298, 241.8028, 128.6714, 303.5898, 58.24428, 52.05344, 5.977099],
[1445, 2403, 2231, 2109, 1872, 241.1242, 140.7469, 294.0612, -76.16031, 211.0992, -250.1374, 237.2089, 127.441, 309.8447, -29.0916, -37.01527, -3.931298],
[1456, 2382, 2254, 2143, 1865, 351.8456, 70.56568, 357.078, 60.8855, -250.1374, 250.1298, 240.9626, 131.1924, 302.1664, 71.64122, 64.19847, 13.29008],
[1440, 2416, 2241, 2161, 1881, 225.9562, 126.0883, 322.7746, -16.65649, 217.8779, -250.1374, 241.899, 126.1901, 305.8889, -26.29771, -52.52672, -0.6946565],
[1441, 2413, 2273, 2146, 1890, 227.0219, 125.3921, 322.4527, 91.90077, -98.29008, 250.1298, 242.6064, 126.9949, 304.2885, 16.52672, 47.76336, 12.87023],
[1435, 2448, 2255, 2171, 1932, 245.3874, 98.21703, 342.2115, -84.92367, 189.8015, -250.1374, 243.6644, 128.423, 301.738, -41.42748, -43.38932, 0.09160305],
[1438, 2385, 2271, 2160, 1919, 267.0135, 102.9047, 282.3785, 77.37405, -106.9313, 250.1298, 238.4549, 127.6648, 308.2632, 26.62596, 37.57252, 18.42748],
[1487, 2522, 2283, 2197, 1946, 213.2258, 97.77632, 354.7528, -67.14504, 223.374, -250.1374, 244.1301, 126.4827, 303.022, -53.72519, -46.0916, -3.992366],
[1490, 2516, 2288, 2173, 1925, 252.0221, 130.2507, 290.764, 132.7176, -93.7023, 250.1298, 241.0311, 125.6949, 307.3803, 8.946565, 26.0687, 23.59542],
[1476, 2479, 2271, 2222, 1945, 63.65957, 82.01377, 15.62485, -48.24428, 182.0305, -250.1374, 244.9956, 125.8644, 302.5936, -69.32825, -52.35115, 0.2824428],
[1495, 2514, 2270, 2128, 1935, 245.8311, 137.6572, 292.0472, 39.65649, -131.5954, 250.1298, 238.63, 124.8383, 310.9802, 31.9542, 16.87023, 16.32061],
[1499, 2499, 2293, 2190, 1920, 81.63066, 80.82572, 47.60573, -62.76336, 230.8244, -250.1374, 244.2181, 135.8269, 294.9362, -60.92367, -40.48091, -3.923664],
[1505, 2608, 2315, 2172, 1949, 251.1832, 218.6169, 254.7226, 21.68702, -10.35115, 194.3435, 234.4087, 128.4132, 311.8386, 17.70229, 21.03817, 9.389313],
[1513, 2575, 2306, 2183, 1947, 72.8678, 68.75331, 51.52909, -74.0, 164.7786, -250.1374, 237.3463, 135.5141, 301.973, -46.10687, -42.23664, -2.618321],
[1453, 2631, 2315, 2187, 1958, 253.6946, 132.7702, 287.354, 50.8397, -144.4656, 250.1298, 241.008, 126.2684, 306.8264, 10.63359, 29.51908, 16.25191],
[1514, 2481, 2319, 2183, 1970, 100.3548, 101.4874, 47.93102, -97.07633, 168.5114, -250.1374, 244.8339, 126.5919, 302.0946, -57.25954, -49.32061, -6.061069],
[1561, 2559, 2339, 2138, 1936, 241.522, 155.7876, 283.5489, 26.32061, -79.37405, 177.0916, 230.2875, 128.9979, 315.5015, 45.70992, 22.75573, 34.14504],
[1528, 2479, 2357, 2186, 1937, 71.49497, 57.31636, 62.40264, -73.34352, 53.84733, -162.9847, 236.7543, 136.3185, 301.8332, -52.35878, -29.47328, -16.96947],
[1525, 2591, 2352, 2174, 1946, 246.874, 156.0472, 280.5959, 28.48092, -48.40458, 166.7481, 236.7018, 125.9061, 311.9793, 40.00763, 15.99237, 16.45802],
[1585, 2547, 2337, 2195, 1959, 70.93415, 7.79826, 87.18668, -128.1756, 139.5725, -173.8626, 243.3321, 132.36, 298.6304, -34.91603, -33.8626, -3.51145],
[1546, 2611, 2371, 2175, 1968, 237.4793, 182.9736, 267.9874, 13.28244, -89.9313, 129.8702, 237.0757, 125.4984, 311.9999, 22.92367, 15.35878, 22.18321],
[1594, 2571, 2382, 2191, 1979, 66.45203, 62.09741, 50.47069, -40.58015, 66.99236, -139.0534, 244.6855, 129.8518, 299.3177, -21.66412, -27.67939, 3.59542],
[1552, 2619, 2373, 2191, 1982, 232.2005, 176.8835, 272.2801, 108.2824, -129.6183, 63.79389, 235.5936, 129.2675, 309.7252, 41.19848, 28.65649, 17.83206],
[1584, 2642, 2387, 2151, 1984, 45.56927, 48.12492, 42.35312, -84.67175, 250.1298, -250.1374, 244.0308, 126.958, 302.6853, -61.82443, -31.92366, -0.961832],
[1543, 2705, 2401, 2179, 1977, 236.715, 164.2021, 280.3689, -167.6488, -79.31298, 250.1298, 241.3763, 122.2566, 310.6066, -10.0458, 31.37405, 10.48092],
[1527, 2546, 2403, 2235, 1979, 80.78147, 77.58849, 53.56893, -44.72519, 187.1145, -250.1374, 243.0201, 130.7219, 300.3795, -36.28244, -31.63359, 1.305344],
[1552, 2639, 2383, 2225, 1971, 244.5458, 167.64, 275.8255, 25.15267, -25.94657, 197.1298, 230.9251, 128.8821, 314.9695, 32.36641, 16.79389, 21.17557],
[1554, 2529, 2398, 2286, 1991, 98.87023, 97.12729, 38.67747, -77.49619, 106.8473, -250.1374, 240.6388, 132.6151, 301.2265, -59.79389, -34.99237, -1.618321],
[1570, 2671, 2481, 2224, 2001, 238.3669, 169.4532, 276.4036, 9.106871, -35.15267, 250.1298, 232.6367, 128.9075, 313.1825, 55.64122, 38.08397, 8.671756],
[1584, 2695, 2463, 2352, 2091, 74.53635, 75.92819, 42.07622, -101.3435, 250.1298, -250.1374, 238.3479, 136.1051, 300.4605, -30.63359, -24.29008, 6.08397],
[1575, 2707, 2509, 2258, 2033, 249.8093, 161.1019, 277.0447, 112.2824, -76.78627, 190.1832, 235.1691, 126.6596, 312.8404, 15.14504, 35.35878, 9.21374],
[1477, 2799, 2511, 2375, 2141, 93.94376, 93.25585, 39.56392, -75.06107, 115.1298, -250.1374, 243.1653, 131.4576, 299.5798, -41.82443, -12.8397, 4.923664],
[1424, 2797, 2535, 2335, 2137, 232.0782, 137.8781, 304.9473, -158.6565, -59.92366, 250.1298, 239.6826, 126.2524, 308.3358, -0.5343512, 35.70229, 15.15267],
[1403, 2798, 2541, 2378, 2163, 177.2917, 110.762, 0.9108592, -47.0229, 182.4122, -250.1374, 243.2621, 125.7222, 304.7758, -39.67939, -44.1603, -1.496183],
[1431, 2730, 2544, 2323, 2183, 232.6376, 123.847, 318.4736, 52.06871, -223.3206, 250.1298, 241.693, 126.1381, 306.1767, -17.80153, 34.53435, 12.71756],
[1424, 2811, 2545, 2413, 2171, 229.549, 122.7206, 322.7725, 73.58016, 96.76336, -250.1374, 241.27, 125.5404, 307.2644, -21.63359, -43.06107, 0.7480916],
[1374, 2749, 2519, 2327, 2128, 193.067, 129.9158, 348.849, -166.3588, -102.0153, 250.1298, 241.8442, 125.7919, 306.3507, 18.9542, 55.00763, 6.816794],
[1424, 2853, 2574, 2371, 2159, 185.9576, 135.6668, 353.7411, 72.8855, 86.86259, -250.1374, 240.1062, 124.909, 309.2438, -13.9313, -42.96184, 3.183206],
[1406, 2822, 2542, 2416, 2177, 21.55433, 77.29042, 4.98784, -30.43511, -210.9466, 250.1298, 236.6135, 129.84, 308.0771, 39.72519, 47.41221, 11.49618],
[1475, 2874, 2559, 2323, 2127, 241.453, 166.7147, 277.1823, 16.54199, 87.29008, -250.1374, 239.8707, 124.3067, 310.1443, -29.42748, -29.33588, -8.839695],
[1457, 2832, 2549, 2324, 2139, 101.8474, 98.52509, 35.53318, -48.52672, -142.6031, 250.1298, 237.6131, 131.599, 305.3206, 39.52672, 38.44275, 8.244275],
[1488, 2895, 2478, 2237, 2054, 235.9841, 154.8037, 287.4409, 29.22137, 95.7939, -250.1374, 238.6596, 124.7867, 311.0016, -27.30534, -28.40458, -2.908397],
[1462, 2807, 2521, 2306, 2087, 75.19534, 73.58984, 48.0219, 5.251908, -79.22901, 224.7252, 239.9882, 127.1436, 307.0948, 28.58779, 39.84733, 0.3664122],
[1499, 2797, 2481, 2203, 2039, 240.2544, 162.9872, 279.7702, 39.89313, 63.37405, -242.5878, 242.5272, 121.2054, 310.3933, -30.51908, -44.83206, -30.82443],
[1440, 2319, 2209, 1955, 1890, 238.7205, 204.8312, 254.2173, -47.15267, -11.16794, 91.0916, 235.6529, 129.0444, 309.8866, 37.58779, 11.03053, 26.25191],
[1408, 2314, 2207, 2013, 1893, 54.4836, 27.65656, 69.39629, -82.52672, 21.45038, -30.24427, 250.7746, 131.2816, 291.4573, -43.29008, -18.22901, 1.091603],
[1436, 2477, 2177, 1983, 1907, 249.4248, 198.5672, 262.7377, -37.58015, -62.17557, 111.0687, 241.5015, 123.9778, 308.6139, 36.99237, 1.007634, -2.977099],
[1398, 2366, 2209, 2021, 1905, 33.66049, 318.8443, 142.458, 34.8168, 250.1298, -250.1374, 234.124, 141.3576, 299.8295, -50.0229, -41.08397, 1.687023],
[1377, 2277, 2231, 1904, 1898, 246.3281, 180.4405, 269.7021, 14.87786, -82.61069, 234.626, 236.8827, 129.6682, 307.9614, 13.23664, 8.274809, 9.671756],
[1376, 2416, 2234, 2061, 1949, 222.9405, 119.0987, 332.4118, -101.2519, 250.1298, -250.1374, 243.3089, 132.3203, 298.6885, -47.90077, -33.79389, 8.946565],
[1346, 2403, 2255, 2014, 1926, 214.9333, 140.4449, 319.5519, -14.58015, -250.1374, 250.1298, 238.656, 132.8239, 303.092, 16.98473, 66.29771, 0.6412213],
[1344, 2454, 2269, 2007, 1937, 222.3703, 160.6721, 290.8271, -43.19848, 250.1298, -250.1374, 238.3404, 127.9829, 308.069, -18.54198, -43.07634, -1.183206],
[1271, 2448, 2273, 2063, 1923, 69.66363, 82.64809, 18.97707, 22.99237, -250.1374, 250.1298, 238.9866, 131.2755, 304.184, 75.64886, 46.19848, 11.0916],
[1336, 2481, 2270, 2000, 1954, 239.4635, 154.5549, 285.5107, -45.16794, 146.6336, -246.771, 239.8267, 125.006, 309.4595, -43.96183, -28.94657, -6.877862],
[1232, 2349, 2257, 2015, 1901, 61.14017, 39.30587, 65.63923, 35.35115, -118.2137, 194.7252, 236.8507, 137.184, 300.967, 43.30534, 31.60306, -2.938931],
[1314, 2441, 2253, 2099, 1906, 235.1652, 169.2725, 277.3637, -15.27481, 25.20611, -33.74809, 242.5678, 126.2744, 305.0368, -22.61832, -8.961832, -4.076336],
[1316, 2303, 2283, 2047, 1906, 57.9961, 32.94007, 67.86906, -13.26718, -37.14504, -1.793893, 244.6151, 141.042, 290.8024, 3.671756, 14.28244, -6.732824],
[1375, 2428, 2273, 2015, 1877, 235.6462, 170.4059, 276.4472, 8.229008, -10.1145, 29.52672, 241.1469, 126.0653, 306.8731, 22.33588, 1.916031, 1.282443],
[1371, 2377, 2295, 2021, 1917, 53.39335, 4.866281, 86.24024, 8.061069, 150.1679, -111.5878, 236.4599, 136.9671, 301.5386, -22.0916, -28.29008, 6.580153],
[1389, 2413, 2297, 2027, 1937, 226.47, 151.3888, 297.184, -41.50382, -157.3359, 96.30534, 239.5823, 130.0136, 304.7414, 12.72519, 8.473283, 17.90076],
[1425, 2399, 2307, 2066, 2044, 69.86514, 28.82261, 78.51911, -173.4962, 250.1298, -250.1374, 246.7376, 143.1949, 287.6532, -107.9542, -54.90077, 3.519084],
[1435, 2399, 2275, 2059, 1953, 238.6169, 160.5047, 282.0295, 63.36641, -242.0992, 193.603, 238.0816, 132.2178, 304.2487, 26.73282, 24.85496, 18.89313],
[1394, 2433, 2308, 2086, 1962, 138.0712, 119.5806, 26.9358, -56.0687, 215.4351, -250.1374, 244.1207, 129.8656, 299.9306, -60.9084, -69.76336, -2.206107],
[1435, 2423, 2320, 2077, 1979, 236.5906, 125.1808, 312.8631, 65.33588, -181.8473, 250.1298, 240.17, 136.7608, 298.1251, 31.39695, 48.35878, 16.91603],
[1431, 2487, 2301, 2070, 1979, 240.3917, 169.528, 275.8617, -56.32824, 119.3588, -250.1374, 240.183, 131.4589, 302.7499, -51.82443, -20.03817, 4.91603],
[1445, 2398, 2319, 2125, 1999, 77.8933, 66.97914, 63.19912, 11.76336, -154.3511, 250.1298, 234.357, 138.6383, 302.0521, 77.93893, 65.91603, 0.480916],
[1455, 2522, 2318, 2095, 1990, 244.7131, 171.8381, 273.7547, -73.58778, 25.24427, -207.3511, 240.2446, 130.3414, 303.7202, -40.28244, -8.633588, 0.05343511],
[1466, 2448, 2305, 2154, 2018, 76.91154, 59.55588, 68.39603, 67.85497, -5.206107, 135.0382, 238.0242, 137.6752, 299.4107, -13.90076, 20.8397, -11.61069],
[1456, 2651, 2410, 2102, 2010, 251.6959, 209.2169, 259.4583, -53.1145, 38.03053, -80.29008, 242.9702, 125.0979, 305.7409, -46.06107, -19.56489, -19.48855],
[1472, 2411, 2362, 2176, 2071, 98.03939, 134.3732, 81.63731, -203.7557, 141.7023, -118.771, 233.8462, 136.6907, 304.34, 15.1374, -27.42748, -0.6641222],
[1488, 2607, 2402, 2167, 2064, 260.7556, 249.6289, 246.3432, -4.557252, -78.80153, 211.7099, 231.3249, 132.2757, 311.1363, 54.96947, 31.23664, 32.48855],
[1525, 2497, 2341, 2223, 2069, 86.2712, 82.18009, 64.79267, -84.58015, 132.5038, -192.5954, 243.0837, 131.7577, 299.4075, -23.66412, -17.89313, 0.9007633],
[1548, 2577, 2352, 2182, 2079, 238.9139, 218.369, 244.4151, -14.61832, -63.84733, 99.12977, 234.6027, 128.4652, 311.5815, 74.7023, 8.0, 12.79389],
[1552, 2511, 2431, 2298, 2171, 104.5792, 103.528, 42.69405, -88.10687, 111.5572, -250.1374, 238.2489, 132.0731, 304.2101, -47.67176, -35.21374, 0.8549618],
[1570, 2614, 2453, 2224, 2123, 248.0807, 190.2747, 265.7398, -76.9771, -57.58016, 250.1298, 239.0079, 127.87, 307.4526, 23.76336, 36.61069, 16.9771],
[1573, 2614, 2512, 2301, 2251, 220.6687, 127.087, 326.7822, 15.39695, 156.0, -250.1374, 244.6013, 127.8875, 301.1631, -36.27481, -36.67176, 3.29771],
[1615, 2579, 2512, 2322, 2199, 77.61584, 78.72131, 42.14111, 34.26718, -250.1374, 250.1298, 240.2451, 131.3429, 302.7908, 40.60306, 43.31298, 17.27481],
[1617, 2672, 2497, 2259, 2186, 241.9129, 158.3518, 281.8058, -45.87786, 75.56489, -250.1374, 245.0016, 127.6412, 300.9273, -24.26718, -21.19847, 1.51145],
[1587, 2618, 2498, 2343, 2192, 86.50111, 84.4249, 58.08589, 0.9465649, -72.59542, 238.7862, 244.7345, 131.1172, 298.1823, 28.0687, 40.50382, -6.541985],
[1552, 2672, 2481, 2190, 2133, 209.5134, 170.0231, 287.0121, 69.06106, -12.05344, -167.0534, 245.8709, 124.3754, 302.9769, -8.282443, -13.56489, -5.931298],
[1544, 2635, 2483, 2282, 2160, 74.77364, 45.17548, 74.64027, -45.56489, 54.64122, 13.25954, 243.562, 127.2366, 302.9621, -47.65649, 8.251908, -1.564886],
[1559, 2672, 2473, 2128, 2107, 221.0181, 173.3067, 277.5032, 15.24428, -61.07634, 16.90076, 242.5895, 124.2856, 307.0174, 14.10687, 6.251908, -0.4045802],
[1494, 2621, 2493, 2255, 2165, 40.24598, 75.54181, 12.18447, -95.61069, 33.78626, -127.2824, 246.1535, 131.6774, 296.1914, -43.61832, -13.82443, -5.114504],
[1545, 2571, 2485, 2215, 2181, 217.9043, 119.4561, 336.069, -3.916031, -233.1832, 250.1298, 243.6439, 126.1461, 303.9141, 14.19084, 29.01527, 12.65649],
[1569, 2674, 2471, 2182, 2147, 236.2919, 143.6521, 295.9473, 26.64886, 102.5191, -250.1374, 240.6001, 127.5993, 305.9616, -17.82443, -26.38168, -5.854962],
[1577, 2599, 2497, 2289, 2334, 69.40618, 57.5981, 59.31606, 37.12214, -68.70229, 227.7481, 239.058, 134.1582, 301.4733, 39.35878, 30.67176, -0.3435115],
[1567, 2703, 2507, 2191, 2127, 220.4739, 167.3836, 284.4998, 28.8626, -12.71756, -88.96947, 242.2771, 126.5017, 305.147, -1.564886, -8.167939, 1.061069],
[1574, 2608, 2491, 2311, 2102, 67.41605, 42.12637, 69.32096, -5.900764, 1.984733, -68.26717, 242.883, 138.0138, 294.5436, -12.51908, -10.91603, -1.312977],
[1594, 2688, 2519, 2259, 2130, 248.377, 208.0684, 257.9988, -101.9008, 3.687023, 250.1298, 236.7514, 126.6596, 311.1419, 41.23664, 2.48855, 4.274809],
[1581, 2706, 2507, 2255, 2157, 141.7374, 118.4684, 23.07603, 13.35114, 181.3664, -250.1374, 241.9674, 129.5117, 302.6222, -54.43511, -32.73283, -10.22138],
[1596, 2671, 2507, 2261, 2141, 237.5723, 130.4914, 306.4258, -123.8702, -173.2748, 250.1298, 237.3634, 127.8828, 309.2294, 6.351145, 31.76336, 9.778625],
[1583, 2749, 2531, 2225, 2160, 243.6595, 151.6155, 284.8138, 29.68702, 114.916, -250.1374, 241.285, 126.3628, 306.4173, -28.80916, -24.68702, 2.282443],
[1617, 2738, 2670, 2487, 2287, 199.7488, 102.4807, 355.341, -215.4428, 250.1298, -250.1374, 245.023, 135.6966, 294.2451, -56.55725, -69.36641, 4.862596],
[1566, 2655, 2626, 2288, 2267, 207.8659, 153.4683, 313.0998, -166.0076, -139.9008, 250.1298, 235.8819, 133.1839, 305.6033, -16.33588, 50.80916, -14.61069],
[1590, 2780, 2631, 2207, 2185, 215.5309, 178.0528, 272.538, 93.8855, 117.0763, -250.1374, 237.1948, 133.7497, 303.735, -26.77863, -31.9313, -0.5419847],
[1602, 2673, 2590, 2382, 2294, 71.06637, 68.52747, 48.83534, -18.72519, -136.0611, 250.1298, 238.5291, 137.6413, 298.9578, 43.67939, 49.8855, 10.73282],
[1619, 2790, 2669, 2231, 2240, 223.0642, 184.2434, 265.3181, 16.14504, -7.08397, -55.96183, 239.7477, 131.0194, 303.6178, -11.58779, -4.91603, -5.717557],
[1557, 2578, 2590, 2351, 2282, 73.96717, 60.79093, 62.7595, -47.84733, 161.4198, -145.4275, 241.9732, 139.0218, 294.6155, -41.64886, -10.06107, 1.305344],
[1558, 2753, 2637, 2295, 2266, 248.3504, 206.5112, 258.7325, 40.42748, -107.687, 190.9084, 233.2698, 134.0703, 307.4036, 34.47328, 25.61069, 30.70229],
[1554, 2709, 2655, 2317, 2270, 131.8224, 124.0452, 36.97362, 46.57252, 160.4046, -250.1374, 239.6994, 140.6608, 295.3935, -55.68702, -52.07633, 7.267176],
[1569, 2683, 2624, 2320, 2286, 220.2055, 122.1089, 331.8532, -141.0687, -114.4885, 250.1298, 239.5246, 134.3582, 300.8242, 8.129771, 28.07634, 12.55725],
[1578, 2835, 2762, 2258, 2243, 226.9784, 169.6773, 279.4778, 9.854961, 101.8702, -250.1374, 238.7038, 132.6918, 303.164, -21.35878, -25.58015, -13.9542],
[1603, 2783, 2669, 2350, 2288, 82.32668, 76.36347, 60.98258, -14.68702, -122.5343, 244.229, 235.2735, 140.1599, 299.8322, 40.1145, 38.14504, 5.236641],
[1616, 2874, 2663, 2221, 2211, 210.5616, 175.6525, 277.1126, 107.3588, -35.89313, -135.7633, 239.8811, 132.2382, 302.3556, -7.122138, -3.351145, -1.480916],
[1548, 2681, 2624, 2338, 2303, 98.18518, 113.8465, 71.77964, -27.80153, 52.48092, -116.084, 240.022, 138.5854, 296.7635, -21.0916, -11.94656, 3.625954],
[1579, 2800, 2655, 2295, 2256, 252.057, 131.8885, 289.6508, -82.35878, 74.58778, 250.1298, 235.3134, 136.3997, 303.1716, 12.35114, 11.63359, 19.66412],
[1585, 2783, 2635, 2314, 2259, 185.7747, 123.0035, 356.1144, -49.12977, 2.099237, -250.1374, 238.9183, 133.8622, 301.88, -12.32061, -24.17557, -4.022901],
[1593, 2667, 2535, 2287, 2274, 125.6878, 100.3471, 14.24415, 69.83206, -78.20611, 250.1298, 242.4944, 130.6746, 300.9902, 10.17557, 28.42748, 5.374046],
[1633, 2836, 2608, 2199, 2154, 248.8816, 158.8675, 278.354, -5.526718, 54.82443, -163.9618, 238.0895, 131.7938, 304.6384, -23.67939, -20.61832, -1.938931],
[1617, 2622, 2605, 2279, 2203, 86.66572, 83.32367, 63.74664, 7.442748, 20.43511, 55.86259, 236.161, 140.7013, 298.548, -25.54962, 13.9084, 2.244275],
[1618, 2743, 2619, 2205, 2173, 249.8093, 163.6102, 276.0471, 35.25954, 1.671756, 140.6641, 238.9982, 131.8332, 303.6512, 37.35115, 14.03054, 9.259542],
[1641, 2765, 2611, 2291, 2257, 132.0274, 99.8582, 10.88475, -123.0153, 166.4275, -250.1374, 241.1968, 132.4794, 300.7653, -34.05344, -42.50382, -8.40458],
[1667, 2751, 2639, 2302, 2247, 240.7793, 105.1868, 333.8489, 58.67176, -179.9008, 250.1298, 241.2588, 133.9967, 299.3814, 11.74046, 49.52672, 14.72519],
[1697, 2853, 2695, 2243, 2224, 253.6099, 154.2607, 277.9346, -95.64886, 17.51145, -250.1374, 240.6622, 128.7774, 304.7485, -22.69466, -17.99237, -6.427481],
[1633, 2755, 2687, 2319, 2243, 78.90717, 70.37701, 61.18311, 33.21374, 28.80153, 115.8244, 242.0342, 134.7975, 297.9234, -0.2671756, 18.40458, -6.251908],
[1679, 2839, 2700, 2250, 2287, 239.6556, 176.7594, 271.7757, -39.54199, -50.77099, 64.25954, 242.1287, 126.4971, 305.3216, 18.43511, 10.77099, 5.099236],
[1647, 2695, 2608, 2276, 2243, 97.4174, 97.80139, 46.35887, -85.80916, 149.8702, -139.1679, 244.6218, 133.7591, 296.1432, -58.90077, -31.13741, 1.709924],
[1711, 2751, 2685, 2271, 2240, 231.6762, 155.0567, 289.9982, -174.4351, -10.0687, 250.1298, 236.7212, 130.4166, 307.397, 17.52672, 43.64122, 14.45038],
[1665, 2853, 2693, 2235, 2173, 231.6586, 131.2047, 311.8662, -0.1984733, 68.27481, -250.1374, 242.1375, 128.9313, 302.9744, -32.73283, -33.9084, 2.221374],
[1648, 2683, 2638, 2310, 2229, 84.72903, 81.9771, 56.85172, 46.36642, 14.43511, 184.7786, 235.9807, 138.9418, 300.2443, 32.77863, 28.52672, 2.496183],
[1641, 2795, 2704, 2249, 2224, 235.9059, 180.2422, 269.7124, -3.549618, 20.64886, 9.603053, 241.7343, 124.6259, 307.667, -20.61069, -8.419847, -2.419847],
[1675, 2850, 2722, 2311, 2238, 87.45435, 85.76315, 59.28645, 24.73283, 202.0229, -157.1221, 237.9407, 138.6018, 298.6968, -33.66412, -26.51908, 4.015267],
[1664, 2827, 2727, 2305, 2235, 206.6581, 151.145, 317.4059, -176.4275, 6.587786, 250.1298, 236.1339, 134.8893, 303.7504, 10.72519, 13.72519, 0.3969466],
[1667, 2911, 2738, 2290, 2241, 184.7412, 129.9609, 355.8825, -80.35114, 92.95421, -250.1374, 242.094, 132.7649, 299.5804, -20.05343, -40.79389, 6.870229],
[1693, 2768, 2683, 2346, 2263, 87.70777, 85.77858, 61.85619, 39.40458, -54.48092, 205.3282, 236.5816, 143.3337, 295.9619, 33.48092, 35.98473, -6.053435],
[1707, 2883, 2731, 2259, 2271, 231.9037, 181.7309, 268.514, 33.06107, -51.83969, -42.61069, 237.8106, 130.0394, 306.6114, 1.328244, -4.51145, -2.045802],
[1723, 2779, 2690, 2419, 2311, 95.91144, 100.5397, 60.66726, -116.2901, 75.82443, -186.0992, 240.478, 139.0763, 295.9462, 5.076336, -8.78626, 1.0],
[1728, 2815, 2709, 2379, 2362, 235.1065, 144.1779, 296.5208, -26.18321, 14.50382, 250.1298, 239.2429, 129.9003, 305.2144, 15.1374, 26.9084, 8.755725],
[1744, 2903, 2749, 2285, 2352, 227.9922, 153.4048, 294.0711, 65.48855, 15.72519, -250.1374, 239.449, 131.5185, 303.4697, -22.34351, -30.77863, -1.648855],
[1759, 2687, 2643, 2479, 2418, 82.30389, 79.24165, 54.57563, 54.53435, -86.74809, 217.3969, 239.0372, 135.4141, 300.3853, 25.03817, 30.09924, 5.900764],
[1738, 2885, 2699, 2261, 2320, 234.8285, 182.1949, 268.3309, 10.93893, 14.10687, -114.2519, 243.4398, 127.578, 302.7794, -19.70992, -14.0, -19.42748],
[1739, 2733, 2689, 2539, 2505, 76.55113, 58.7833, 68.44214, -9.061069, 32.52672, -16.25954, 244.7543, 138.9855, 292.1054, -32.51145, -2.099237, -5.70229],
[1776, 2839, 2749, 2313, 2345, 223.3924, 175.2161, 274.892, -98.38168, -24.89313, 207.1756, 240.2901, 128.6039, 305.3246, 35.60305, 8.625955, 5.862596],
[1744, 2890, 2719, 2323, 2301, 190.1105, 129.7968, 351.3957, 76.20611, 130.4733, -250.1374, 239.1123, 134.8003, 300.8492, -32.29008, -28.18321, 0.01526718],
[1733, 2770, 2671, 2463, 2487, 152.9606, 94.60208, 2.296492, 80.74809, -146.9542, 250.1298, 242.7849, 133.0889, 298.5863, 28.0916, 27.61832, 8.78626],
[1793, 3031, 2800, 2323, 2414, 239.3333, 179.408, 270.2325, 13.14504, 49.73283, -75.83969, 244.6603, 127.7312, 301.2385, -22.25191, -13.53435, -3.633588],
[1824, 2965, 2727, 2495, 2354, 107.7999, 119.5985, 60.39743, -74.56489, -15.10687, -17.67939, 244.397, 133.327, 296.7203, -19.00763, -9.648855, -8.740458],
[1739, 3087, 2783, 2333, 2351, 239.5201, 154.4088, 285.5748, 28.29771, -83.62596, 152.5725, 239.3515, 129.1556, 305.8147, 41.39695, 22.17557, 8.442748],
[1732, 3127, 2786, 2347, 2375, 228.3556, 112.4028, 334.9147, 40.29008, 95.10688, -250.1374, 243.202, 130.63, 300.2636, -40.9084, -28.44275, -4.832061],
[1680, 2849, 2738, 2501, 2352, 128.0994, 100.3098, 13.03879, 31.07634, -84.16794, 250.1298, 239.2122, 133.344, 302.0465, 26.0687, 19.93893, 2.099237],
[1375, 2288, 2231, 1911, 1808, 243.1845, 156.633, 282.1656, -59.9313, 178.9466, -250.1374, 241.0787, 137.9654, 296.2738, -79.25954, -39.10687, -6.435114],
[1340, 2269, 2267, 1953, 1851, 60.48668, 27.40713, 73.5521, 58.85496, -160.1221, 250.1298, 239.3734, 149.1041, 289.3274, 68.25191, 53.30534, -9.916031],
[1329, 2409, 2263, 1942, 1849, 237.5769, 156.4102, 285.3344, -67.67175, 129.5802, -207.5878, 244.6306, 133.1586, 296.6137, -52.0916, -15.39695, -5.40458],
[1360, 2332, 2256, 1999, 1887, 54.60182, 28.36287, 68.91591, 53.19084, -160.2443, 238.4198, 236.0794, 149.5826, 291.3584, 86.29008, 52.59542, -1.900763],
[1295, 2413, 2288, 1933, 1872, 233.8119, 182.565, 267.9997, -11.68702, 133.4198, -140.9695, 248.7657, 127.9855, 296.2321, -77.64122, -9.167939, -17.9313],
[1260, 2433, 2291, 2029, 1886, 56.48864, 19.20088, 76.90701, 18.0, -58.62596, 38.0687, 244.6956, 173.0373, 273.1851, -17.41985, 32.32824, -1.450382],
[1382, 2477, 2317, 2000, 1898, 221.7776, 167.8937, 283.3089, -40.9542, 58.87023, -4.458015, 246.8231, 130.3631, 296.5175, 4.748092, 2.015267, -10.74046],
[1374, 2418, 2303, 2028, 1915, 59.53601, 40.2606, 63.44194, 18.87023, 99.08397, -155.9924, 242.1526, 142.9168, 291.5784, -71.38931, -32.47328, -4.374046],
[1401, 2457, 2307, 1994, 1899, 242.445, 207.1311, 254.9566, -87.35878, -68.38168, 250.1298, 232.8886, 139.8541, 302.3312, 27.12214, 29.45038, 25.91603],
[1442, 2455, 2329, 2028, 1911, 65.92968, 58.61332, 53.71873, 13.8626, 250.1298, -250.1374, 239.3389, 144.0781, 293.0511, -71.57252, -50.1145, 7.045802],
[1385, 2239, 2302, 1938, 1888, 224.2171, 157.2501, 293.1087, -80.96183, -244.1603, 250.1298, 242.7952, 128.308, 302.8237, 39.72519, 37.40458, -4.717557],
[1258, 2411, 2311, 1959, 1915, 207.8308, 151.8718, 315.1024, -12.49618, 250.1298, -250.1374, 237.6751, 135.8151, 301.3784, -55.17557, -42.53435, 1.564886],
[1262, 2387, 2347, 2010, 1957, 228.7898, 146.4494, 299.9361, -61.0687, -250.1374, 250.1298, 240.0223, 132.4561, 302.0108, 36.89313, 48.25954, 12.41221],
[1318, 2513, 2325, 2027, 1968, 217.3304, 154.9534, 301.2664, -34.62595, 190.0, -220.9084, 239.3746, 132.8209, 302.3525, -34.54199, -18.67939, 1.396947],
[1296, 2559, 2353, 2065, 1927, 48.30387, 38.40371, 54.68183, -32.07634, -245.7481, 242.3359, 237.7397, 137.824, 299.5538, 71.85497, 58.13741, 3.465649],
[1349, 2677, 2305, 1973, 1955, 209.7879, 176.5998, 275.7014, -32.25954, 139.0229, -87.61069, 241.2911, 129.022, 303.8238, -52.89313, -16.77863, -10.61069],
[1296, 2659, 2351, 2063, 1946, 56.12535, 28.56119, 69.83236, -22.84733, -26.46565, 30.59542, 230.8335, 148.9812, 295.8959, -8.900764, 10.20611, -8.389313],
[1346, 2747, 2326, 2039, 1987, 225.9287, 177.0532, 272.6988, 17.99237, -100.0076, 98.20611, 238.1126, 127.8476, 308.4526, 24.28244, 14.77863, 8.160305],
[1301, 2687, 2321, 2069, 1968, 52.41134, 20.73302, 73.64469, -40.45038, 214.7176, -237.5191, 235.7652, 144.4035, 295.7726, -8.938931, -10.69466, -1.458015],
[1359, 2650, 2367, 2089, 1953, 235.6914, 137.5096, 301.7948, -27.48855, -5.938931, 250.1298, 243.0414, 133.3387, 298.1116, -7.870229, 15.17557, 9.022901],
[1392, 2800, 2373, 2130, 2018, 231.7523, 142.609, 300.8577, -12.51908, 221.0534, -250.1374, 240.2345, 133.6861, 300.6953, -46.22901, -41.58016, 11.46565],
[1378, 2669, 2391, 2143, 1975, 67.01351, 55.64201, 58.11732, 144.4427, -250.1374, 250.1298, 243.9685, 130.7585, 299.319, 57.1145, 50.03053, -9.748092],
[1403, 2803, 2403, 2123, 2000, 237.4856, 162.9706, 280.8931, -13.1374, 75.83206, -250.1374, 240.6039, 132.3983, 301.4564, -32.48091, -25.9542, 8.61832],
[1370, 2527, 2419, 2158, 1955, 61.97153, 45.1622, 61.76391, 21.77863, -66.00764, 99.62596, 235.2315, 148.3448, 292.9792, -5.183206, 21.00763, -8.229008],
[1414, 2758, 2429, 2064, 2025, 230.0638, 188.1232, 263.0664, -46.41222, -39.65649, 30.12214, 238.8896, 130.9246, 304.6169, 21.51145, 6.496183, 6.091603],
[1300, 2559, 2431, 2133, 1989, 39.01063, 4.628586, 84.11411, 163.1603, 61.84733, -181.5038, 247.9807, 140.1526, 288.4669, -55.8168, -33.43512, 2.068702],
[1376, 2670, 2461, 2173, 1983, 241.2489, 181.2578, 269.1978, 198.8702, -43.42748, 250.1298, 238.9791, 131.976, 303.5387, 44.56489, 34.23664, 19.74046],
[1369, 2678, 2479, 2151, 1968, 233.426, 113.6048, 329.2697, -116.1527, 222.5572, -250.1374, 239.4969, 135.7884, 299.6063, -37.99237, -37.82443, 0.4351145],
[1409, 2637, 2467, 2139, 1953, 172.054, 127.5254, 5.984971, -57.29771, -250.1374, 250.1298, 244.9806, 133.6319, 295.8754, 28.56489, 80.89313, 21.69466],
[1420, 2707, 2472, 2118, 1988, 233.5235, 142.3421, 299.4993, 67.58779, 177.1832, -250.1374, 241.6245, 130.8683, 301.7529, -15.00763, -44.72519, 3.274809],
[1409, 2640, 2486, 2160, 1983, 69.0139, 61.291, 54.9309, -97.80916, -160.5954, 250.1298, 239.6188, 137.8287, 297.7638, 50.57252, 47.45801, -3.10687],
[1429, 2735, 2491, 2128, 1993, 232.7429, 169.324, 278.007, -9.450381, 62.51909, -69.38931, 244.7367, 125.5471, 303.207, -28.42748, -14.39695, -0.2442748],
[1406, 2535, 2491, 2163, 2038, 69.04327, 45.21408, 68.8414, -46.03054, -34.0458, 12.35114, 240.6525, 142.879, 292.8607, -12.31298, 8.030535, 2.374046],
[1427, 2697, 2535, 2160, 2002, 240.7328, 194.0103, 261.9464, -43.42748, -100.6412, 133.8473, 236.6013, 131.3946, 306.5728, 60.1145, 12.56489, 7.534351],
[1415, 2579, 2517, 2199, 2044, 68.55438, 83.45229, 16.06337, -32.06107, 193.2748, -250.1374, 242.9762, 135.0731, 296.7564, -58.05344, -35.09924, 19.33588],
[1469, 2631, 2541, 2163, 2039, 228.3496, 109.4577, 338.1274, 45.31298, -84.90077, 250.1298, 242.9938, 134.1823, 297.4626, 20.51908, 35.25954, -1.824428],
[1497, 2658, 2523, 2119, 1991, 232.3864, 149.652, 294.0843, -63.51909, 97.48855, -250.1374, 238.2227, 130.4326, 305.7932, -41.48855, -28.87786, 0.6870229],
[1456, 2613, 2543, 2255, 2031, 59.10498, 50.94971, 53.50902, 6.412214, -103.3359, 211.3282, 236.117, 142.1301, 297.371, 38.07634, 43.23664, -6.816794],
[1485, 2743, 2573, 2137, 2055, 242.5291, 170.7568, 274.7087, -79.41222, 114.2595, -108.2137, 246.5913, 127.1778, 299.4895, -69.14504, -15.32824, -20.80153],
[1443, 2607, 2559, 2343, 2109, 73.54374, 59.02094, 63.76326, 8.816793, -17.19847, 48.09924, 241.3887, 140.2874, 294.1765, -23.82443, 18.92366, -3.305344],
[1513, 2695, 2587, 2160, 2041, 235.8264, 190.7139, 262.575, -5.038168, -8.122137, 75.93894, 242.0848, 128.8599, 303.0995, 16.74809, -0.5725191, -0.7862596],
[1481, 2673, 2539, 2228, 2022, 79.85513, 74.94309, 56.35288, -46.87786, 191.1374, -244.4733, 236.1829, 139.6777, 299.4119, -58.21374, -33.58779, 14.60305],
[1506, 2685, 2559, 2224, 2010, 220.2282, 135.128, 319.4224, -0.6183206, -146.5572, 250.1298, 240.5116, 135.9644, 298.4593, 19.48855, 29.07634, 11.71756],
[1518, 2736, 2587, 2224, 2053, 206.9601, 145.5889, 323.1637, -53.63359, 135.6717, -250.1374, 241.0524, 134.5623, 299.1072, -28.39695, -30.81679, 5.641222],
[1521, 2667, 2585, 2302, 2086, 87.1369, 86.47452, 51.00338, 26.00763, -85.19084, 250.1298, 239.3427, 140.8615, 295.5519, 51.77099, 37.93893, -7.740458],
[1514, 2737, 2611, 2157, 2031, 218.3876, 166.5769, 286.5556, 18.17557, -11.18321, -97.29771, 243.5139, 130.8507, 299.7319, -0.7022901, -4.152672, -5.977099],
[1446, 2672, 2559, 2269, 2059, 77.94933, 67.33637, 62.90655, -61.96947, 52.21374, -79.25954, 243.366, 136.1358, 295.5298, -36.51909, -4.061069, -0.351145],
[1517, 2707, 2559, 2223, 2091, 237.5917, 208.3146, 251.0396, -246.1298, -7.755725, 250.1298, 231.9172, 133.9924, 308.8424, 20.53435, 14.77863, 13.64886],
[1335, 2330, 2421, 2126, 1984, 220.3045, 150.1431, 303.8629, -72.77863, 141.9237, -250.1374, 238.2553, 138.1924, 298.7487, -36.74046, -15.40458, 15.71756],
[1334, 2234, 2423, 2249, 2030, 60.23671, 66.14381, 37.61127, 22.93893, -120.5954, 250.1298, 232.7536, 147.0956, 295.995, 49.21374, 24.65649, -4.824428],
[1382, 2477, 2480, 2157, 2007, 239.9065, 177.9415, 271.0733, -15.71756, 35.41985, -103.3053, 240.7545, 139.8909, 295.0517, -5.694656, -1.977099, -3.10687],
[1329, 2320, 2465, 2221, 2013, 69.64358, 50.00921, 66.08479, -25.03053, 58.52672, -82.63359, 241.7933, 154.2452, 284.3451, -52.17557, -19.45038, 2.038168],
[1376, 2411, 2445, 2190, 1985, 241.8073, 169.3203, 275.6405, -102.8702, -138.771, 236.4504, 236.1724, 146.6909, 293.5733, 30.23664, 37.06107, 23.48855],
[1352, 2459, 2442, 2124, 2012, 220.9946, 130.528, 323.1671, -23.69466, 221.916, -250.1374, 238.0545, 141.8657, 295.8831, -48.52672, -20.22137, 8.259542],
[1329, 2426, 2447, 2191, 1988, 79.26245, 77.97259, 48.2652, -38.05344, -201.7863, 250.1298, 238.0064, 144.298, 293.9827, 46.25191, 26.80153, -8.122137],
[1344, 2523, 2407, 2128, 2029, 220.3848, 174.1522, 276.6852, -17.30534, 155.229, -179.3435, 242.2554, 136.7726, 296.1042, -30.79389, -17.61069, -8.465649],
[1216, 2379, 2461, 2181, 1986, 76.12873, 56.71327, 69.36027, 13.61069, -26.45802, 59.44275, 241.269, 159.3879, 281.4975, -60.49618, 1.687023, -14.9313],
[1264, 2416, 2455, 2128, 1999, 232.5369, 179.1898, 270.4882, 2.099237, -11.50382, 60.49618, 240.6464, 135.5921, 298.6397, 29.58779, 11.45802, 3.167939],
[1248, 2287, 2458, 2219, 2025, 67.87161, 37.96224, 72.33036, -176.3893, 207.7404, -171.8626, 239.1137, 154.3599, 285.8504, -23.45038, -29.0229, -1.244275],
[1308, 2381, 2479, 2159, 2023, 225.1633, 188.5478, 261.3731, 99.9313, -129.2824, 155.916, 229.6869, 139.1047, 306.091, 46.00763, 22.36641, 16.90076],
[1302, 2385, 2452, 2213, 2032, 110.0038, 112.5322, 48.63376, -97.64886, 239.5954, -250.1374, 240.4803, 142.6771, 293.1573, -44.61832, -43.41221, 4.045802],
[1299, 2330, 2480, 2130, 1991, 222.8941, 130.9099, 320.9423, -86.33588, -250.1374, 250.1298, 244.0747, 143.0876, 289.8758, 16.29771, 55.64886, -0.6946565],
[1291, 2395, 2495, 2177, 2027, 181.4869, 138.598, 358.1554, 51.40458, 236.7176, -250.1374, 240.5394, 138.2895, 296.5197, -29.36642, -38.32061, 5.687023],
[1352, 2375, 2514, 2243, 2032, 64.88132, 46.95101, 63.28109, -59.61069, -250.1374, 250.1298, 240.6249, 147.5138, 289.5377, 30.58779, 67.22137, 1.740458],
[1315, 2463, 2545, 2178, 2047, 234.5703, 158.6002, 285.4078, 18.98473, 130.8855, -250.1374, 240.2313, 134.4828, 300.0025, -28.99237, -24.9771, -9.694656],
[1296, 2387, 2555, 2291, 2054, 62.92195, 43.87268, 63.75379, -87.48092, -95.35878, 190.8397, 242.5071, 146.316, 288.9503, 10.70229, 33.23664, -1.435114],
[1310, 2397, 2530, 2183, 2039, 220.6892, 168.9809, 282.5675, 5.343512, 50.52672, -43.0458, 240.3017, 131.8456, 302.2717, -18.38168, -16.75573, -7.480916],
[1360, 2417, 2551, 2257, 2103, 62.19888, 40.7918, 65.46045, 4.206107, 25.06107, -48.59542, 241.4907, 146.6824, 289.4674, -43.8168, -8.251908, 0.389313],
[1344, 2446, 2559, 2208, 2083, 236.0845, 168.9841, 277.3117, 38.77099, -58.771, 78.18321, 237.3275, 136.9163, 300.7424, 7.419847, 10.81679, 7.374046],
[1347, 2458, 2555, 2254, 2119, 66.65929, 61.99974, 50.86551, -4.671756, 89.90077, -186.229, 247.1201, 143.603, 287.1048, -65.71756, -38.9771, -3.503817],
[1386, 2482, 2594, 2273, 2155, 223.339, 109.2146, 341.6048, -50.25954, -190.5343, 250.1298, 239.9361, 142.2416, 293.9525, 8.503817, 35.46565, 0.5954198],
[1401, 2531, 2610, 2247, 2148, 237.0973, 134.8724, 302.8021, -116.9771, 53.61832, -250.1374, 240.9833, 135.3201, 298.5352, -15.42748, -17.9771, -0.2442748],
[1362, 2453, 2621, 2353, 2177, 65.91406, 44.55494, 66.17835, -34.15267, -68.57252, 182.4656, 238.0785, 144.5233, 293.7464, 43.87023, 38.77099, -3.801527],
[1375, 2586, 2608, 2238, 2101, 234.9286, 157.1114, 286.3364, -24.33588, 27.61832, -6.51145, 240.8268, 133.4055, 300.3346, 6.40458, -1.870229, -4.045802],
[1364, 2487, 2571, 2320, 2119, 71.14192, 55.60063, 63.43904, 20.38931, 78.98473, -203.5267, 242.7716, 143.952, 290.3466, -73.75572, -32.48855, 3.389313],
[1379, 2625, 2586, 2267, 2105, 248.1795, 140.1835, 288.2755, -20.74809, -117.7481, 250.1298, 238.0073, 135.3256, 301.4858, 18.53435, 23.47328, 18.54198],
[1408, 2619, 2598, 2240, 2099, 215.0561, 110.6297, 345.0351, -54.17557, 242.145, -250.1374, 243.0145, 137.2685, 294.9904, -49.71756, -35.47328, -7.839694],
[1437, 2594, 2615, 2288, 2106, 77.48282, 78.34535, 42.79253, 84.25955, -243.5878, 250.1298, 240.4758, 135.6284, 298.7775, 26.12977, 44.64122, 5.366412],
[1422, 2659, 2647, 2291, 2165, 223.4125, 158.0123, 292.9062, -53.74809, 103.9618, -158.229, 244.3463, 129.6427, 299.877, -19.74809, -18.9771, -6.923664],
[1396, 2499, 2653, 2321, 2082, 86.78083, 84.60939, 59.38718, -4.763359, 27.66412, 6.938931, 238.0124, 143.3445, 294.7318, -50.37405, -4.91603, 3.068702],
[1410, 2595, 2627, 2266, 2101, 238.4665, 167.7181, 277.4666, 85.21374, 15.96947, 149.5267, 238.039, 132.9041, 303.654, 41.42748, 12.48855, 4.625954],
[1426, 2513, 2623, 2285, 2096, 109.6605, 99.81556, 25.8416, -48.68702, 175.4886, -250.1374, 242.4093, 138.904, 294.3055, -43.08397, -32.45038, 1.061069],
[1399, 2466, 2593, 2290, 2069, 93.54999, 92.88191, 39.12003, 91.03817, -250.1374, 250.1298, 242.6713, 136.0362, 296.2862, 41.91603, 47.93893, 3.587786],
[1419, 2595, 2609, 2245, 2096, 223.2136, 151.399, 299.9117, -26.32061, 148.8397, -246.3817, 245.7876, 131.4105, 296.8008, -16.61832, -24.05344, 0.2061069],
[1392, 2384, 2581, 2319, 2066, 74.76325, 67.12977, 57.10481, -14.8397, -17.38931, 22.22901, 238.0522, 146.8305, 291.9875, -4.015267, 9.137404, 0.6183206],
[1412, 2543, 2623, 2227, 2097, 236.6091, 184.0067, 267.2411, 37.0687, -162.4427, 7.053435, 239.8777, 134.292, 300.5258, 16.07634, 8.328244, 3.717557],
[1429, 2463, 2605, 2372, 2126, 83.75549, 79.24688, 60.10433, 12.51908, 126.5572, -194.9847, 242.5357, 140.9572, 292.6649, -44.74809, -33.46565, 3.038168],
[1447, 2483, 2672, 2374, 2113, 212.8155, 129.1517, 332.0959, 237.916, -9.824428, 250.1298, 240.8632, 139.3643, 295.3653, 17.83206, 30.28244, 4.725191],
[1429, 2572, 2624, 2301, 2045, 233.7065, 154.6842, 288.975, -76.67175, 81.0916, -250.1374, 238.5493, 132.9406, 303.0949, -27.74046, -19.15267, 0.9923664],
[1436, 2437, 2583, 2345, 2081, 89.29481, 89.18058, 49.72983, 33.70992, -206.1374, 250.1298, 236.7255, 143.6986, 295.5394, 42.58779, 49.80917, 9.343512],
[1437, 2509, 2590, 2146, 1979, 231.5844, 169.0732, 278.5476, -39.45802, 55.03053, -54.96183, 243.615, 129.5755, 300.7476, -18.19084, -12.75573, -8.038168],
[1433, 2353, 2637, 2302, 2057, 82.67108, 81.95039, 47.65717, -12.81679, 43.29771, -62.1832, 239.724, 142.6871, 293.7916, -54.78626, -11.22137, -0.8015267],
[1435, 2509, 2615, 2192, 2032, 247.3125, 188.9785, 266.1299, 82.96184, -38.49618, 196.5878, 234.1484, 137.768, 303.0475, 36.27481, 20.59542, 12.91603],
[1424, 2492, 2607, 2235, 2071, 214.6498, 134.1937, 325.8832, -71.1145, 207.4427, -250.1374, 238.7951, 134.8859, 301.0911, -37.48091, -31.15267, 5.770992],
[1469, 2415, 2579, 2355, 2081, 24.93607, 72.58675, 8.196312, 114.1527, -188.8321, 250.1298, 235.1376, 136.9528, 302.8366, 29.35115, 40.91603, -3.961832],
[1440, 2507, 2621, 2238, 2045, 227.7069, 158.7755, 289.2675, -52.1832, 46.64886, -142.3206, 240.8243, 132.0106, 301.573, -31.1145, -11.45038, 0.6335878],