[1396, 2187, 2257, 2122, 1827, 315.3237, 316.6874, 226.2896, -1.633588, -3.381679, -28.90076, 191.7924, 125.8964, 351.2592, -4.396946, -6.030534, 17.00763],
[1392, 2159, 2322, 2164, 1822, 351.4, 321.1771, 190.5117, 24.19847, 8.572519, -107.4962, 182.5672, 130.9722, 357.631, -53.71756, -12.38168, 74.49619],
[1383, 2175, 2286, 2149, 1829, 10.0781, 336.7019, 157.2428, -6.610687, 6.862596, -19.54198, 181.0301, 134.4279, 358.8459, -4.534351, 1.183206, 20.09924],
[1410, 2202, 2247, 2145, 1829, 357.3477, 326.6475, 183.8598, -31.27481, -11.29771, 82.20611, 182.5459, 131.4426, 357.6115, 32.05344, 9.274809, -60.13741],
[1397, 2205, 2268, 2165, 1855, 317.532, 315.7824, 223.1733, -2.244275, -8.244275, 87.11451, 179.0753, 127.7839, 0.5670841, 25.87023, 18.98473, -44.20611],
[1404, 2195, 2277, 2163, 1838, 315.558, 310.6932, 220.0683, 12.70992, 9.351145, -70.16031, 189.209, 124.0837, 353.6021, -30.55725, -3.778626, 46.34351],
[1397, 2207, 2290, 2175, 1869, 358.2185, 323.5668, 182.2528, 13.09924, 17.43511, -95.7939, 184.9353, 128.7077, 355.9023, -38.19084, -1.244275, 73.78626],
[1394, 2209, 2288, 2171, 1842, 7.106884, 335.3946, 164.4586, -14.58015, -2.763359, 12.0916, 186.859, 132.0973, 353.6443, 1.419847, 1.358779, -3.534351],
[1424, 2238, 2270, 2154, 1823, 346.5782, 318.5334, 194.9961, -38.15267, -28.14504, 97.52672, 192.72, 127.039, 350.1798, 23.70229, -1.274809, -74.68702],
[1408, 2214, 2276, 2223, 1842, 314.3489, 314.3089, 224.8853, -19.94657, -4.358778, 35.19084, 190.9871, 125.4433, 351.9869, 16.66412, 10.0916, -27.58015],
[1398, 2209, 2295, 2175, 1846, 315.9101, 307.4326, 216.4852, 28.16031, 28.34351, -100.9389, 192.5765, 124.0643, 351.2767, -43.96947, -7.030534, 68.16794],
[1428, 2224, 2281, 2198, 1871, 4.782441, 330.0794, 171.4717, -3.992366, 15.34351, -62.17557, 185.4713, 131.4456, 355.0176, -22.34351, -3.160305, 48.58779],
[1401, 2141, 2336, 2160, 1875, 358.479, 330.8166, 182.5353, -18.61832, -3.244275, 56.73283, 186.0628, 132.5067, 354.2874, 20.63359, 7.641222, -40.67176],
[1364, 2197, 2299, 2125, 1858, 328.6713, 313.1186, 209.6001, -14.29771, -15.9771, 100.1527, 187.1816, 125.917, 354.6477, 24.98473, 10.81679, -73.14504],
[1382, 2211, 2291, 2219, 1856, 309.3381, 309.5533, 225.1446, 3.954198, 8.587787, -21.30534, 188.0379, 124.7418, 354.27, 3.458015, 4.030534, 12.41985],
[1368, 2211, 2321, 2175, 1863, 349.9727, 316.8605, 190.5634, 18.15267, 22.12977, -110.6565, 182.5467, 128.3599, 357.8512, -31.38931, -9.045801, 80.99236],
[1392, 2215, 2302, 2167, 1831, 9.399592, 335.5302, 159.6937, -3.305344, 5.389313, -14.98473, 181.0125, 133.4766, 358.8983, -8.480916, 3.290076, 15.94656],
[1392, 2224, 2256, 2174, 1861, 359.4889, 328.9484, 180.6653, -26.58779, -18.65649, 76.14503, 183.3808, 132.3399, 356.7739, 29.30534, 4.412214, -52.46565],
[1392, 2225, 2309, 2159, 1867, 333.0125, 313.5221, 205.7227, -25.54962, -20.12977, 94.92367, 176.285, 127.9434, 2.754299, 22.05343, 12.00763, -62.03817],
[1415, 2239, 2290, 2227, 1881, 314.4823, 312.2173, 222.6586, 9.625955, 5.0, -37.35115, 183.6999, 125.017, 357.2783, -10.82443, -2.480916, 27.08397],
[1395, 2207, 2319, 2214, 1867, 345.2479, 316.4521, 195.3727, 19.71756, 30.60305, -102.9542, 179.6443, 128.4796, 0.130111, -32.28245, -0.5877862, 74.40458],
[1391, 2224, 2320, 2192, 1863, 7.803137, 335.4639, 162.9762, 2.419847, 2.328244, -8.061069, 179.6965, 133.0411, 0.1198923, -7.755725, 0.01526718, 5.885496],
[1392, 2235, 2317, 2150, 1827, 347.3502, 320.5167, 195.1191, -28.24427, -19.56489, 83.39695, 183.3158, 128.358, 357.2403, 33.39695, 0.9923664, -59.06107],
[1402, 2239, 2253, 2177, 1859, 322.6611, 314.8724, 217.1387, -17.48855, -18.64886, 65.18321, 185.5489, 127.3736, 355.6188, 15.0687, 2.435115, -42.87786],
[1387, 2211, 2322, 2205, 1867, 327.6798, 318.0235, 215.0348, 30.81679, 12.21374, -59.13741, 185.1802, 127.4441, 355.892, -29.80916, -2.961832, 38.32061],
[1401, 2209, 2317, 2203, 1873, 345.3577, 319.7927, 197.0619, 25.49618, 30.62595, -81.50382, 178.2421, 129.719, 1.308528, -38.32825, 0.5343512, 68.06107],
[1408, 2243, 2319, 2203, 1872, 3.945244, 333.1248, 171.9721, 0.5572519, 0.7099237, -2.442748, 180.7026, 132.3685, 359.2211, -5.839694, -2.885496, 0.5419847],
[1408, 2240, 2321, 2179, 1858, 353.8718, 322.0977, 187.7101, -37.43512, -29.96183, 78.93894, 185.9488, 128.5509, 355.112, 36.24428, -3.839695, -60.32061],
[1401, 2238, 2325, 2170, 1872, 319.2535, 316.4729, 222.1334, -17.30534, -14.27481, 47.42748, 180.5926, 130.545, 359.3599, 12.32824, 5.70229, -35.05344],
[1416, 2319, 2263, 2175, 1847, 320.1901, 310.4263, 215.2994, 22.30534, 31.67939, -84.28245, 182.4138, 128.0246, 357.9805, -34.67939, -0.2671756, 59.39695],
[1424, 2250, 2317, 2249, 1894, 2.699845, 331.1982, 174.8406, 30.99237, 39.03053, -71.05344, 178.7689, 130.4477, 0.8946568, -39.68702, 8.145039, 57.9313],
[1406, 2285, 2309, 2192, 1839, 359.657, 329.2384, 180.3906, -3.351145, -5.259542, 30.45038, 179.6328, 131.4381, 0.1647973, 1.89313, 1.603053, -23.70992],
[1419, 2251, 2314, 2240, 1892, 349.1764, 319.2937, 192.4056, -30.46565, -24.83206, 81.87023, 177.4087, 127.9984, 1.878468, 34.05344, -1.885496, -64.54198],
[1408, 2263, 2307, 2207, 1872, 306.583, 308.9621, 227.3785, -18.0916, 0.7251908, 15.15267, 186.3546, 128.3875, 354.8162, 12.29008, 7.679389, -5.099236],
[1427, 2295, 2284, 2187, 1857, 335.2449, 311.93, 202.4081, 22.17557, 43.42748, -81.49619, 182.691, 127.3273, 357.8167, -44.61069, 12.25191, 53.25954],
[1432, 2261, 2306, 2207, 1873, 9.822508, 326.2017, 165.2534, 5.175572, 22.24427, -61.8626, 176.6918, 127.9784, 2.438981, -27.41221, 2.419847, 46.1832],
[1401, 2260, 2342, 2221, 1883, 4.792687, 326.9367, 172.425, -18.86259, -12.42748, 49.37405, 179.1185, 128.8668, 0.5581905, 18.0687, 3.442748, -35.26717],
[1414, 2263, 2317, 2250, 1937, 320.5658, 305.3501, 210.186, -43.06107, -32.77099, 92.16794, 181.2778, 125.5012, 358.9651, 31.12214, 0.4656488, -60.26718],
[1414, 2270, 2309, 2225, 1893, 304.5205, 304.9335, 225.366, 3.671756, 9.511451, -18.43511, 188.825, 125.8628, 353.4553, -19.8397, 1.717557, 13.39695],
[1436, 2274, 2299, 2221, 1875, 346.7899, 316.8317, 193.9348, 53.61832, 38.05344, -96.51145, 175.3365, 125.5399, 3.19772, -50.13741, 1.679389, 61.51908],
[1422, 2197, 2366, 2251, 1934, 4.761525, 327.405, 172.3391, 2.70229, 9.938931, -23.71756, 176.7373, 128.021, 2.407109, -13.16031, 1.48855, 20.78626],
[1402, 2261, 2341, 2160, 1893, 358.3002, 322.3104, 182.043, -26.54962, -25.16031, 64.34351, 180.6283, 126.8812, 359.4037, 38.48855, 1.984733, -49.55725],
[1437, 2287, 2249, 2209, 1868, 322.8295, 302.3924, 205.6183, -14.0687, -24.16794, 98.73282, 176.7371, 125.464, 2.18548, 40.14504, 10.8855, -63.0916],
[1387, 2285, 2399, 2230, 1894, 310.1789, 308.6327, 223.3505, -9.80916, -5.160306, -15.30534, 183.4229, 123.2584, 357.6304, -4.793893, -2.59542, 14.83206],
[1412, 2271, 2339, 2178, 1902, 341.2336, 314.1007, 198.1245, 34.14504, 36.28244, -94.65649, 183.3929, 126.409, 357.3663, -50.32061, 2.435115, 70.09161],
[1436, 2288, 2289, 2202, 1891, 0.3797728, 328.121, 179.1626, 12.1374, 12.85496, -38.76336, 182.9969, 128.6719, 357.4661, -7.08397, 2.061069, 30.13741],
[1362, 2225, 2387, 2235, 1904, 353.6279, 321.2058, 187.7699, -12.71756, -8.603053, 51.8626, 185.2491, 126.8004, 355.9331, 16.51908, 1.969466, -37.67939],
[1403, 2256, 2341, 2234, 1914, 340.2102, 313.4324, 198.713, -13.36641, -23.9542, 79.771, 176.3755, 123.3536, 2.252079, 33.68702, 4.832061, -60.48855],
[1554, 2493, 2514, 2230, 1904, 330.9113, 324.5241, 217.8948, -23.09924, -3.145038, 101.2214, 175.2589, 134.266, 4.467205, -4.38168, 21.42748, -49.77099],
[1584, 2515, 2511, 2230, 1900, 322.9272, 313.6982, 215.7511, 16.87786, 17.82443, -66.14503, 183.5986, 130.0465, 356.835, -22.41221, -0.129771, 40.94656],
[1597, 2503, 2502, 2224, 1904, 359.6595, 317.9077, 180.2279, 16.14504, 9.061069, -109.8931, 181.3207, 131.8348, 358.6795, -40.77099, -17.57252, 74.33588],
[1600, 2509, 2519, 2233, 1904, 10.64794, 338.2525, 154.4181, -1.618321, 1.083969, -10.35115, 182.6565, 139.0225, 356.7789, -9.335877, -1.435114, 8.030535],
[1593, 2507, 2507, 2287, 1907, 0.5162501, 331.1724, 178.8152, -13.64886, -9.603053, 70.74046, 176.357, 137.2336, 3.773206, 15.61832, 8.78626, -56.23664],
[1583, 2513, 2509, 2225, 1903, 350.8835, 325.1451, 192.8379, -27.05343, -8.534351, 79.55725, 176.3679, 133.1322, 3.248308, 28.80153, 8.221375, -57.31298],
[1600, 2512, 2515, 2255, 1921, 313.2713, 314.1671, 225.8218, 16.15267, 2.717557, -42.23664, 182.8169, 131.5136, 357.365, -20.92366, -2.343511, 26.71756],
[1606, 2519, 2511, 2235, 1951, 355.0864, 324.3545, 186.6848, 16.12214, 11.0916, -105.0153, 182.7971, 133.1752, 357.2298, -42.91603, -3.236641, 83.52672],
[1557, 2502, 2603, 2251, 1914, 354.4493, 338.5578, 193.7084, -8.366412, 13.67176, -33.28244, 184.8406, 138.152, 354.431, -12.32824, 0.2824428, 34.58779],
[1565, 2502, 2519, 2252, 1922, 2.043948, 334.6539, 175.408, -4.38168, -17.94657, 49.87023, 186.5388, 137.8535, 352.6108, 5.320611, -1.137405, -50.49618],
[1584, 2505, 2557, 2256, 1936, 345.2167, 322.0835, 198.6005, -48.16031, -9.580153, 91.40458, 185.9682, 134.0974, 354.0587, 46.62595, 6.755725, -63.67176],
[1552, 2512, 2574, 2257, 1923, 316.5669, 321.1271, 229.5137, 10.30534, 5.38168, 13.99237, 190.0675, 131.9381, 350.776, 6.236641, 1.89313, -3.938931],
[1580, 2551, 2467, 2251, 1904, 338.5028, 320.1128, 205.1344, 0.3358779, 32.96183, -90.02291, 183.7392, 132.4389, 356.4341, -24.85496, 6.343512, 81.90077],
[1589, 2533, 2495, 2256, 1948, 355.4444, 330.3305, 187.7929, -2.290076, 24.38931, -71.05344, 194.8778, 133.8239, 345.5165, -32.86259, 2.908397, 52.16794],
[1586, 2538, 2525, 2315, 1923, 352.6322, 337.4014, 197.0884, -14.06107, -10.61832, 33.90076, 189.2839, 136.6559, 349.999, 7.175572, 0.5648855, -21.9084],
[1589, 2547, 2491, 2226, 1909, 351.3477, 318.9249, 189.7746, -32.53435, -25.64886, 101.4351, 190.3873, 131.5534, 350.6106, 29.52672, -1.137405, -78.49618],
[1600, 2576, 2475, 2241, 1915, 309.8103, 313.8024, 228.9315, -21.69466, -5.29771, 48.66413, 193.2832, 129.8731, 348.6814, 19.50382, 8.366412, -14.89313],
[1582, 2550, 2547, 2279, 1935, 331.077, 315.2232, 209.0271, -7.839694, 46.19848, -94.35115, 190.3983, 129.6924, 351.1849, -32.07634, 6.129771, 71.52672],
[1608, 2544, 2523, 2335, 1991, 355.0543, 329.2328, 188.1063, -0.5572519, 31.96947, -64.771, 197.1903, 131.6478, 344.4392, -36.44275, 8.625955, 48.31298],
[1587, 2547, 2534, 2282, 1934, 357.3379, 334.3211, 185.3276, -3.427481, -6.167939, 22.19084, 194.9058, 134.2787, 345.268, 0.08396947, 0.7709923, -28.67939],
[1556, 2531, 2541, 2218, 1904, 354.305, 323.867, 187.6309, -53.67176, -34.68702, 101.6794, 186.7989, 131.2742, 353.8753, 42.23664, -9.679389, -70.80153],
[1605, 2559, 2523, 2271, 1918, 306.8495, 306.3611, 224.4155, -1.938931, -29.9771, 57.61069, 191.2386, 130.1593, 350.3227, 32.19084, -5.206107, -34.00763],
[1597, 2551, 2559, 2288, 1936, 313.8569, 310.096, 221.1524, -3.312977, 32.0916, -58.771, 194.5672, 130.4989, 347.3188, -25.51145, 13.46565, 52.07633],
[1647, 2582, 2466, 2249, 1907, 348.3391, 323.6417, 195.5346, 41.24427, 29.54199, -98.87786, 194.3282, 134.6932, 345.6373, -37.80916, 6.351145, 71.92367],
[1610, 2503, 2583, 2273, 1948, 355.0417, 337.2657, 191.507, 8.450381, 3.221374, -4.641222, 191.2799, 137.0156, 347.739, -13.45038, -0.5343512, 2.221374],
[1618, 2576, 2541, 2337, 1975, 353.0122, 327.9648, 190.9317, -7.167939, -21.80153, 77.78626, 188.549, 132.8597, 351.8989, 17.61832, -5.015267, -65.64122],
[1600, 2571, 2546, 2261, 1898, 327.8321, 322.6079, 219.3703, -0.9160305, -17.0229, 63.16031, 188.7696, 132.2088, 351.8762, 7.687023, -8.328244, -63.58779],
[1600, 2538, 2626, 2311, 2001, 314.7362, 315.4482, 225.6372, 3.091603, 15.00763, -43.27481, 193.312, 132.2097, 347.717, -15.05344, 6.129771, 31.61832],
[1565, 2579, 2546, 2225, 1942, 345.6164, 318.9643, 196.3033, 24.51908, 42.13741, -108.4122, 190.2048, 133.1502, 350.2563, -44.98474, 19.39695, 82.54199],
[1604, 2595, 2518, 2279, 1929, 3.218417, 338.2665, 171.6401, 4.885496, 8.19084, -23.22138, 187.9212, 135.6562, 351.7302, -20.34351, 5.801527, 17.38931],
[1601, 2576, 2545, 2288, 1938, 354.7947, 332.0249, 189.5615, -24.87023, -18.22901, 63.43512, 189.7691, 132.7097, 350.8068, 34.87786, -5.137404, -51.57252],
[1602, 2661, 2545, 2222, 1951, 334.3959, 317.7225, 207.7015, -38.53435, -8.938931, 98.71757, 188.7914, 130.5541, 352.3076, 30.81679, 6.122138, -61.9084],
[1629, 2595, 2539, 2331, 1947, 306.2203, 311.44, 230.2429, 10.9313, -12.71756, -12.8626, 189.6119, 129.7106, 351.8406, -9.908397, -5.572519, 7.328244],
[1584, 2559, 2559, 2293, 1948, 336.9181, 316.8154, 204.3266, 9.458015, 44.45802, -112.1985, 192.1332, 129.5466, 349.775, -42.06107, 11.29008, 81.12977],
[1621, 2608, 2535, 2320, 1956, 2.430948, 333.9597, 174.7553, 12.91603, 22.12977, -53.9771, 191.2636, 134.8128, 348.6344, -31.35878, 6.664122, 41.30535],
[1600, 2601, 2542, 2320, 2000, 355.1254, 334.1218, 189.7912, -37.96183, -17.1145, 45.9084, 189.3079, 134.7712, 350.5967, 27.19084, -2.244275, -33.98474],
[1593, 2599, 2535, 2291, 1941, 348.8352, 316.5227, 191.639, -10.19847, -27.35115, 97.96184, 179.1092, 129.8734, 0.5896526, 8.183207, -9.328244, -84.80153],
[1607, 2606, 2623, 2310, 1983, 297.2491, 303.6978, 232.2369, 33.77863, -12.42748, -3.70229, 190.891, 130.6617, 350.4563, 0.2748091, 7.534351, -6.671756],
[1627, 2613, 2543, 2288, 1950, 346.1326, 317.2022, 194.8153, 3.343511, 11.49618, -100.2061, 187.538, 130.348, 353.4363, -42.62596, 0.6412213, 74.58778],
[1621, 2622, 2544, 2306, 1949, 353.4937, 332.1754, 192.0297, 11.98473, 20.91603, -58.10687, 192.0321, 134.0008, 348.1963, -19.59542, 6.633588, 41.0458],
[1575, 2671, 2517, 2299, 1953, 0.8830036, 335.1523, 177.8124, -0.07633588, -9.206107, 43.94657, 191.8873, 133.34, 348.5946, 11.77099, -0.6793893, -37.03053],
[1534, 2639, 2557, 2320, 1956, 340.1191, 318.1861, 201.9101, -8.954199, -32.24427, 96.56489, 185.825, 129.4469, 355.0587, 33.53435, -6.435114, -73.58016],
[1563, 2709, 2572, 2301, 1963, 307.6797, 311.7714, 229.0748, -15.74046, -9.343512, 25.80916, 193.7489, 128.5895, 348.7919, 19.49618, 2.534351, -8.824428],
[1553, 2646, 2559, 2270, 1893, 338.1941, 316.0379, 202.435, 25.15267, 33.53435, -92.6794, 195.7303, 126.8942, 347.9017, -42.83206, 5.778626, 68.54198],
[1563, 2725, 2571, 2315, 1968, 353.8481, 329.5962, 190.2495, 3.984733, 27.87786, -82.17558, 187.9972, 132.6773, 352.4612, -34.89313, 2.343511, 67.77863],
[1573, 2658, 2559, 2333, 1975, 358.6988, 336.0063, 182.7068, 0.1145038, -9.473283, 18.82443, 191.4364, 134.9914, 348.3924, 8.603053, -2.725191, -20.24427],
[1560, 2640, 2591, 2323, 1923, 346.0642, 320.4237, 196.5933, -34.10687, -28.96947, 88.09924, 191.3604, 127.4265, 351.1076, 46.68703, -5.839694, -72.83206],
[1558, 2644, 2595, 2331, 1974, 303.5119, 304.7886, 226.2977, -18.21374, -40.00763, 74.77863, 190.8061, 132.9435, 349.7611, 17.15267, -16.45802, -47.32824],
[1573, 2673, 2487, 2271, 1941, 324.4709, 324.0257, 224.4555, -52.41985, -0.778626, 105.8931, 175.8265, 136.4511, 4.228567, 33.03817, 4.59542, -58.98473],
[1590, 2677, 2481, 2229, 1910, 322.5856, 318.821, 221.0914, 27.9542, 23.06107, -93.9771, 185.2086, 135.1779, 354.6009, -34.53435, 4.290076, 55.12977],
[1595, 2686, 2491, 2267, 1913, 357.8908, 326.5428, 183.0219, 38.51908, 12.92366, -124.4656, 179.773, 137.1681, 0.06989164, -59.41985, -13.1374, 88.48855],
[1601, 2695, 2479, 2247, 1959, 13.93152, 343.9524, 138.8314, -13.49618, 4.91603, -33.89313, 175.6137, 143.2597, 5.688532, -13.05344, -0.09923664, 37.91603],
[1601, 2675, 2486, 2262, 1963, 6.593886, 338.5406, 163.2652, -24.86259, -6.709924, 66.39695, 178.6581, 141.8892, 1.524501, 31.68702, 10.33588, -40.41221],
[1584, 2688, 2493, 2277, 1957, 350.9073, 324.8215, 192.6556, -47.35115, 1.19084, 101.9008, 183.2362, 134.8896, 356.6243, 49.19847, 12.69466, -69.43511],
[1602, 2687, 2485, 2251, 1940, 332.5587, 321.6973, 213.2357, -15.15267, -15.67176, 85.54962, 181.325, 134.4042, 358.5572, 18.29008, 7.129771, -56.17557],
[1595, 2695, 2486, 2287, 1955, 323.9209, 316.2601, 217.2087, 5.984733, 21.48092, -79.56489, 184.4354, 131.7433, 355.8946, -33.92366, 0.5419847, 54.41985],
[1590, 2661, 2487, 2337, 2002, 350.5061, 321.2164, 191.6265, 24.23664, 15.31298, -142.8779, 183.3808, 135.4272, 356.4146, -58.01527, -9.992367, 77.61833],
[1614, 2751, 2482, 2285, 1968, 2.558094, 340.4128, 172.4858, 6.251908, 15.33588, -37.63359, 184.0741, 140.8865, 354.8184, -17.96947, 4.229008, 33.30534],
[1598, 2693, 2573, 2286, 1983, 358.8627, 340.1568, 182.9024, -19.66412, -15.12977, 50.40458, 186.3565, 139.0528, 352.5087, 27.47328, 0.05343511, -38.0229],
[1595, 2699, 2486, 2247, 1937, 346.277, 324.9534, 199.0746, -79.21374, -10.45802, 100.4427, 187.2685, 132.0578, 353.2814, 73.12214, 6.793893, -72.98473],
[1585, 2694, 2479, 2283, 1967, 319.6356, 310.6363, 216.0347, -49.29008, -8.580153, 97.19085, 184.6039, 131.6136, 355.7626, 43.73283, 12.20611, -48.83206],
[1566, 2697, 2515, 2295, 2007, 311.4342, 314.0261, 227.5222, 8.480916, 18.08397, -57.64122, 189.1093, 130.8114, 351.9619, -22.27481, 2.648855, 49.9084],
[1601, 2711, 2491, 2279, 1970, 350.5648, 320.8411, 191.4036, 37.51909, 29.43511, -123.6947, 178.9867, 131.8784, 0.7497231, -61.89313, -0.4732824, 84.80916],
[1601, 2694, 2559, 2309, 1983, 5.806225, 337.6282, 165.7891, 16.58779, 16.55725, -50.22138, 183.7977, 137.9798, 355.6231, -27.61832, 1.648855, 31.29008],
[1616, 2717, 2479, 2288, 1936, 2.114591, 337.0761, 174.7011, -21.89313, -15.51908, 49.25191, 179.8402, 137.3961, -0.002090192, 24.70229, -3.839695, -36.23664],
[1612, 2705, 2487, 2305, 1979, 354.8287, 321.1901, 186.2771, -49.60306, -15.78626, 122.6947, 185.0209, 133.4074, 355.0971, 52.08397, 10.43512, -74.83206],
[1606, 2715, 2491, 2303, 1957, 317.2303, 314.9346, 222.6295, -14.60305, -15.84733, 66.35878, 188.7836, 132.5675, 351.7627, 11.9313, 1.114504, -40.33588],
[1607, 2715, 2498, 2278, 1972, 332.5866, 316.2782, 208.3844, 36.9084, 11.29771, -103.771, 182.4914, 130.6436, 357.7229, -51.12214, -3.122137, 70.08397],
[1610, 2727, 2499, 2303, 1975, 4.531071, 322.3861, 173.9171, 35.27481, 19.44275, -113.8397, 179.5568, 134.2452, 0.2654134, -67.35115, 0.9007633, 85.22138],
[1589, 2716, 2501, 2303, 1975, 13.02217, 343.7476, 141.1727, 7.51145, 4.221374, -20.16031, 176.6324, 139.9179, 3.827127, -9.534351, 1.137405, 14.18321],
[1650, 2669, 2549, 2323, 2027, 5.224933, 331.5221, 170.1616, -32.9313, -15.16794, 86.16031, 182.0011, 136.8924, 357.7079, 43.61832, -0.09160305, -60.74046],
[1595, 2707, 2502, 2315, 1984, 342.7515, 319.055, 199.583, -1.282443, -16.68702, 108.4427, 181.7861, 131.8433, 358.2611, 41.82443, 7.870229, -84.80916],
[1616, 2726, 2455, 2311, 1983, 314.5981, 319.0838, 229.4072, 3.259542, -13.9542, 29.52672, 182.3499, 132.1507, 357.731, 6.19084, -0.4198473, -15.8855],
[1616, 2721, 2511, 2321, 1996, 344.4012, 322.3988, 199.8126, 5.030534, 24.19847, -104.3359, 181.3438, 131.4435, 358.6761, -65.89313, -4.374046, 74.62595],
[1616, 2734, 2505, 2315, 1941, 2.579706, 318.0373, 176.9451, 40.60306, 16.03817, -113.0916, 180.5708, 130.851, 359.3725, -73.18321, -4.0, 72.78626],
[1616, 2730, 2513, 2299, 1968, 14.60133, 342.5834, 139.9165, -2.267176, -4.122138, -8.40458, 176.9384, 139.63, 3.426945, -8.633588, -3.129771, 9.091603],
[1607, 2737, 2499, 2320, 1988, 7.193033, 333.5769, 165.4555, -27.41985, -12.42748, 85.45802, 181.8451, 135.6768, 357.9607, 44.1603, 1.091603, -62.53435],
[1603, 2699, 2511, 2320, 2025, 346.9144, 313.9829, 192.5323, -33.96947, -10.29008, 121.5496, 179.0891, 132.7732, 0.6814435, 43.93893, 5.61832, -86.82443],
[1611, 2766, 2541, 2362, 2023, 308.6856, 313.2915, 229.56, -9.534351, -8.145039, 4.244275, 186.975, 131.1183, 353.7536, 3.755725, 3.923664, -3.961832],
[1627, 2790, 2519, 2354, 2013, 344.53, 317.9738, 196.9607, 6.114504, 18.68702, -109.2137, 183.7431, 131.7942, 356.5087, -65.07633, -3.717557, 84.49618],
[1642, 2785, 2623, 2374, 2071, 4.962457, 326.2971, 172.3504, 7.335878, 20.8855, -100.2977, 185.6703, 132.0796, 354.7269, -37.74046, 3.954198, 82.54962],
[1650, 2815, 2548, 2302, 2046, 5.254333, 341.3818, 164.343, -3.450382, 6.59542, -15.71756, 182.994, 137.7066, 356.5495, -5.549618, -0.09923664, 13.64122],
[1664, 2815, 2531, 2362, 2033, 5.072172, 332.6363, 169.9902, -29.49618, -20.36641, 73.54198, 187.9523, 136.15, 351.557, 34.91603, -6.534351, -53.78626],
[1663, 2813, 2550, 2379, 2064, 342.8532, 323.8143, 202.7594, -9.045801, -27.45802, 112.4427, 185.3811, 133.1564, 354.8002, 32.10687, -6.816794, -90.45038],
[1669, 2832, 2492, 2391, 2055, 330.7612, 327.6319, 221.3698, 10.29771, -15.0229, 65.14503, 188.5111, 135.6056, 351.1409, 18.55725, -0.8473283, -54.03053],
[1649, 2863, 2521, 2399, 2061, 330.5457, 325.861, 219.709, 16.51908, 12.33588, -63.34351, 184.5664, 133.4777, 355.5178, -36.42748, -2.656489, 50.68702],
[1666, 2859, 2575, 2463, 2080, 354.8516, 324.4598, 187.0381, 23.80916, 13.84733, -124.6565, 173.3212, 133.4574, 6.183825, -69.41985, -11.85496, 82.19085],
[1713, 2903, 2578, 2418, 2094, 10.99405, 345.2498, 143.1374, 17.0458, 19.87023, -69.00764, 180.1712, 138.3774, 359.654, -49.0687, -9.770992, 37.35878],
[1664, 2798, 2558, 2431, 2125, 6.824667, 340.3413, 161.1039, -11.67176, 0.1374046, 65.30534, 176.7931, 138.5111, 3.455756, 28.69466, 16.83969, -39.61832],
[1662, 2867, 2537, 2403, 2071, 350.1107, 322.9536, 192.8737, -20.50382, -11.10687, 111.3969, 176.6953, 130.2673, 2.650691, 61.75573, 16.32825, -79.71756],
[1630, 2831, 2647, 2448, 2111, 328.1359, 326.1555, 222.7517, -7.061069, -20.35878, 85.29008, 181.1975, 130.01, 358.8614, 38.0, 2.221374, -45.56489],
[1620, 2849, 2631, 2445, 2106, 334.3337, 326.403, 215.7932, 19.56489, 17.32825, -74.9313, 180.1554, 129.1853, 359.7444, -47.83969, -1.908397, 51.62595],
[1655, 2857, 2625, 2441, 2100, 354.3533, 328.9715, 189.1743, -4.679389, -6.061069, -108.6489, 178.3783, 134.0885, 1.408325, -45.62595, -19.12977, 84.26718],
[1663, 2859, 2579, 2442, 2111, 4.797386, 343.4421, 163.8081, -3.167939, 18.48092, -42.36641, 181.5251, 137.6566, 358.1712, -24.68702, 5.465649, 34.36641],
[1623, 2842, 2623, 2427, 2107, 7.898029, 341.1865, 157.4557, -18.03817, -12.64886, 64.96183, 178.0119, 137.9024, 2.028716, 28.33588, 6.29771, -42.77099],
[1670, 2883, 2559, 2423, 2085, 351.5372, 323.3845, 191.1858, -33.61069, -8.045801, 116.7252, 178.0238, 133.5086, 1.715815, 46.33588, 14.25191, -74.07633],
[1509, 2199, 2211, 2222, 1946, 25.26737, 339.3873, 128.258, 10.47328, 14.77099, -104.5649, 169.6511, 140.2162, 12.22003, -53.91603, -13.54198, 80.59543],
[1501, 2203, 2231, 2203, 1947, 14.25882, 348.5307, 128.1738, -6.480916, 0.7633588, 37.23664, 171.5041, 144.1917, 11.53433, 17.42748, 8.022901, -31.45802],
[1534, 2223, 2284, 2238, 1936, 356.7149, 327.1949, 184.9234, 9.38168, -21.9542, 117.7328, 166.2184, 135.7768, 14.01258, 37.73283, 13.1374, -89.9542],
[1525, 2239, 2213, 2223, 1967, 316.7388, 321.4437, 229.6641, -43.96183, -7.045802, 105.3053, 173.7462, 137.464, 6.654023, 46.76336, 15.80916, -46.03817],
[1552, 2246, 2197, 2230, 1953, 336.7832, 330.4083, 216.9765, 11.48092, 19.70229, -93.77863, 176.7959, 136.9592, 3.265235, -49.30534, -4.412214, 69.9313],
[1486, 2225, 2231, 2241, 1961, 0.2538285, 328.9069, 179.3482, 30.0687, 36.9771, -139.7405, 176.5334, 134.9718, 3.303651, -41.09924, 6.816794, 96.01527],
[1535, 2271, 2229, 2198, 1936, 18.94827, 347.3886, 122.7351, -10.25954, 3.824427, -5.572519, 179.296, 140.7551, 0.6772358, -6.396946, 1.374046, 5.08397],
[1530, 2317, 2227, 2225, 1958, 10.5485, 332.4145, 160.0929, -6.732824, -22.15267, 132.9313, 177.8384, 136.4456, 2.106285, 46.22138, 5.328244, -82.14503],
[1568, 2246, 2239, 2210, 1980, 345.362, 325.6386, 200.7891, 17.8855, -21.89313, 88.06107, 182.6961, 133.7931, 357.2678, 49.22138, -2.374046, -74.40458],
[1500, 2283, 2197, 2247, 1970, 318.8785, 324.1222, 230.2867, 8.129771, 13.69466, -40.59542, 190.103, 133.3285, 350.2936, -16.59542, 6.427481, 26.46565],
[1548, 2273, 2229, 2265, 1974, 356.4495, 318.5655, 183.879, -5.946565, 8.870229, -118.0687, 182.4376, 133.3049, 357.5573, -56.79389, -8.137404, 100.4275],
[1525, 2261, 2245, 2225, 1955, 16.72033, 342.8786, 135.3585, 14.84733, 17.62595, -74.61833, 183.3256, 139.0483, 356.0035, -37.48091, 4.068702, 48.67176],
[1547, 2288, 2226, 2260, 1983, 9.225629, 340.4668, 155.024, -15.25954, -17.92366, 72.12214, 181.5368, 140.102, 357.9985, 27.29008, -3.10687, -57.51145],
[1552, 2273, 2237, 2259, 1981, 347.9244, 323.2398, 195.8564, -8.534351, -10.12214, 122.3893, 182.6402, 135.6591, 357.1459, 37.74809, 12.78626, -93.09924],
[1521, 2271, 2277, 2275, 2000, 311.5477, 319.4205, 232.7263, -29.29008, -2.427481, 40.9542, 187.1956, 132.9301, 353.1451, 7.312977, 2.78626, -15.25191],
[1552, 2279, 2247, 2282, 2023, 337.2254, 325.7561, 211.5703, 42.24428, 10.33588, -121.4427, 183.7586, 133.0787, 356.3368, -55.64122, -2.557252, 79.83206],
[1551, 2290, 2242, 2273, 1986, 6.302898, 331.8748, 168.0487, 7.351145, 32.25954, -99.99236, 181.4505, 135.3558, 358.3833, -48.56489, 6.557252, 78.61069],
[1527, 2290, 2247, 2221, 1931, 13.92423, 345.1669, 136.4818, -5.541985, -13.21374, 6.694656, 181.1722, 138.4491, 358.5207, -9.061069, -6.526718, -7.900764],
[1552, 2298, 2221, 2273, 1984, 1.020464, 330.8621, 177.9228, -41.27481, -19.0229, 103.6031, 183.3543, 136.0201, 356.3687, 52.21374, -3.007634, -76.55725],
[1526, 2282, 2259, 2279, 2000, 331.3529, 320.2881, 213.2486, -10.38931, -34.07634, 111.6183, 184.0276, 134.9628, 355.8234, 36.33588, -7.450382, -51.70992],
[1551, 2341, 2255, 2261, 1939, 321.7025, 327.4524, 230.9843, 17.10687, 23.9084, -47.26717, 188.1695, 134.3504, 351.8476, -26.0, 9.038168, 33.9313],
[1548, 2305, 2254, 2274, 2000, 345.4564, 320.3007, 197.2388, 18.03817, 35.8397, -119.6183, 181.2807, 134.4536, 358.5984, -54.47328, 3.778626, 86.06107],
[1552, 2306, 2267, 2256, 1984, 4.876663, 341.3919, 165.3929, 8.679389, 24.72519, -58.8397, 179.2553, 137.4848, 0.6380139, -41.52672, 10.34351, 43.48092],
[1571, 2305, 2257, 2287, 2001, 12.08354, 340.1191, 149.0093, -18.18321, -18.22901, 61.03817, 182.836, 137.8443, 356.708, 24.74046, -5.442748, -40.93893],
[1551, 2303, 2263, 2257, 1987, 350.1349, 327.9912, 195.4081, -29.41985, -22.69466, 114.145, 180.5559, 136.842, 359.2572, 64.03817, -3.70229, -72.09924],
[1557, 2310, 2269, 2289, 2000, 339.1921, 325.1248, 208.5019, -28.36641, -21.05344, 111.4351, 189.1528, 133.7834, 351.0573, 23.55725, -11.44275, -60.07634],
[1549, 2334, 2189, 2267, 2006, 319.6951, 325.4721, 230.8829, 12.37405, 15.64886, -72.93893, 188.1834, 136.0929, 351.3331, -31.0687, 2.992366, 47.8626],
[1533, 2335, 2273, 2261, 2006, 351.8569, 322.5396, 190.4415, 15.38931, 19.72519, -139.0076, 174.588, 135.6853, 5.386575, -67.24428, -0.1221374, 92.39696],
[1553, 2389, 2231, 2287, 2003, 15.16497, 340.2122, 142.6556, -10.87786, 13.83206, -61.03054, 170.7736, 140.2838, 10.91097, -26.67939, 2.969466, 50.43512],
[1543, 2431, 2271, 2272, 1993, 22.1606, 336.6741, 136.3332, -1.099237, -11.33588, 106.855, 171.0602, 140.2505, 10.55644, 37.65649, 2.648855, -38.58779],
[1550, 2350, 2289, 2295, 1968, 358.9005, 326.5272, 181.4908, -14.12214, -0.6717557, 124.4427, 177.6965, 133.2386, 2.007527, 62.15267, 4.10687, -100.9466],
[1584, 2352, 2272, 2288, 2018, 311.252, 319.7135, 233.2976, -4.328244, 5.267176, 64.64886, 180.4977, 137.4838, 359.3055, 24.12977, 15.52672, -29.39695],
[1552, 2357, 2282, 2297, 2015, 342.6205, 322.5621, 202.1267, 21.57252, 7.351145, -134.3359, 184.5562, 133.8153, 355.4754, -60.17557, -8.877863, 72.05344],
[1558, 2352, 2294, 2303, 2041, 20.49746, 328.5396, 148.3062, 36.91603, 24.61069, -121.2061, 173.3574, 136.0945, 6.745842, -73.63359, 1.343511, 84.49618],
[1613, 2427, 2279, 2311, 2025, 21.42529, 341.8286, 129.5899, -14.41221, -3.969466, 13.54962, 174.0928, 138.3513, 6.475633, 7.473282, 0.5801527, -7.221374],
[1552, 2345, 2288, 2305, 2025, 5.533708, 326.2975, 171.5009, -24.35878, -16.24427, 114.4885, 173.2985, 134.47, 6.430195, 53.65649, 5.114504, -83.42749],
[1576, 2366, 2284, 2311, 2026, 338.4163, 322.3771, 207.0719, -22.0687, -18.61069, 128.7634, 173.4261, 134.4928, 6.309579, 37.57252, 7.076336, -67.89313],
[1563, 2375, 2285, 2352, 2017, 327.9939, 322.9572, 219.5498, 20.12977, 21.54198, -81.67939, 178.9419, 132.9268, 0.8229754, -41.71756, -1.152672, 53.85496],
[1509, 2365, 2327, 2325, 2036, 356.2046, 314.6164, 183.6119, 18.90076, 30.10687, -142.6183, 175.0072, 130.2417, 4.083046, -59.1145, -1.10687, 107.0],
[1563, 2373, 2367, 2323, 2039, 21.87093, 338.8243, 133.6723, 8.80916, 10.35115, -61.89313, 173.6194, 138.1413, 6.956117, -19.32825, -1.480916, 50.35878],
[1562, 2377, 2271, 2311, 1999, 15.1008, 334.3509, 150.3596, -31.48855, -11.16794, 79.35878, 173.6099, 137.0164, 6.696483, 36.32061, 4.244275, -55.86259],
[1532, 2362, 2301, 2320, 2032, 345.9783, 317.7533, 195.2606, -46.9542, -19.19084, 122.0458, 178.5309, 128.2343, 1.00806, 94.32061, 14.67176, -79.47328],
[1547, 2374, 2294, 2317, 2019, 327.4517, 328.5586, 226.1581, 5.587786, -23.96183, 64.1145, 182.8295, 133.5284, 357.1653, 9.557252, -3.664122, -58.87023],
[1516, 2359, 2359, 2338, 2079, 333.0376, 319.8011, 210.9593, 18.81679, 27.32061, -102.5038, 183.6059, 129.5259, 356.8855, -43.69466, -0.2137404, 68.31298],
[1520, 2295, 2293, 2349, 2047, 10.72666, 323.7857, 165.2623, 33.58779, 12.96183, -127.771, 176.212, 131.8098, 3.237434, -72.58016, -5.78626, 89.28245],
[1531, 2367, 2331, 2335, 2033, 15.57394, 341.5887, 139.6996, -1.687023, 9.290076, -22.41221, 175.8253, 136.7758, 4.278951, -9.709924, 3.977099, 17.78626],
[1566, 2387, 2288, 2319, 2021, 6.441534, 329.9377, 168.7011, -27.9542, -24.51145, 90.25191, 180.7643, 133.3899, 359.1367, 50.10687, -6.374046, -67.67939],
[1563, 2383, 2299, 2303, 2022, 346.4975, 321.7683, 196.8321, -22.16031, -20.01527, 121.5114, 178.1501, 131.36, 1.473271, 48.9542, 2.038168, -84.52672],
[1477, 2462, 2373, 2204, 1911, 317.1138, 321.2759, 229.1228, -21.93893, -7.122138, 88.58016, 185.3753, 128.2964, 355.6115, 62.82443, 7.312977, -55.82443],
[1506, 2481, 2431, 2208, 1925, 325.9992, 328.4314, 227.5968, -7.458015, 18.0687, -91.25955, 191.1754, 129.4059, 350.6244, -51.05344, 10.1145, 61.67176],
[1515, 2503, 2450, 2250, 1984, 356.1295, 327.8608, 185.9818, 18.72519, 15.0458, -134.6565, 189.0842, 127.7149, 352.805, -77.78626, 7.755725, 93.47328],
[1512, 2576, 2435, 2190, 1967, 15.29779, 345.7056, 132.5741, -5.832061, -0.2137404, -2.198473, 187.6653, 134.388, 352.3324, -5.312977, -0.01526718, -0.9465649],
[1522, 2512, 2427, 2254, 1975, 2.540307, 332.2742, 174.9101, -1.351145, -19.8855, 113.7252, 187.6363, 131.0772, 353.1821, 40.93893, -14.40458, -77.82443],
[1524, 2522, 2427, 2255, 1979, 338.0641, 326.7088, 211.4248, -12.42748, -10.30534, 112.0229, 184.8269, 130.5263, 355.7273, 26.0687, -1.671756, -81.25191],
[1570, 2549, 2383, 2243, 1984, 322.96, 329.9843, 232.4971, 8.916031, 21.80916, -58.52672, 193.4101, 130.596, 348.2869, -24.47328, 8.175572, 47.16794],
[1535, 2499, 2480, 2295, 2011, 356.5528, 322.7543, 184.3778, 14.36641, 31.38168, -147.1145, 188.0796, 127.1576, 353.7167, -64.79389, 13.63359, 106.3435],
[1533, 2547, 2449, 2254, 1995, 21.85985, 344.8964, 123.6068, 13.80153, 1.099237, -47.38168, 186.1802, 135.4016, 353.5715, -36.71756, -0.6870229, 32.16794],
[1535, 2554, 2433, 2283, 1983, 11.72102, 340.242, 149.6216, -1.709924, -25.68702, 83.85497, 182.6403, 134.6355, 357.2436, 43.18321, -12.64122, -74.90077],
[1530, 2608, 2465, 2271, 1995, 351.0266, 323.1141, 191.7484, -16.44275, -9.633588, 136.313, 187.5761, 128.1202, 353.898, 43.82443, -1.358779, -95.9771],
[1557, 2583, 2459, 2327, 2007, 312.2232, 323.6139, 236.1568, -42.49618, 10.44275, 11.0458, 191.275, 129.4425, 350.5293, 6.900764, 8.725191, 3.59542],
[1564, 2587, 2463, 2352, 2059, 344.4634, 323.9594, 200.7964, 1.198473, 14.20611, -153.1679, 187.3569, 129.1484, 353.8536, -72.74045, 7.80916, 101.2977],
[1535, 2597, 2475, 2319, 2015, 12.83598, 337.4792, 150.8745, -5.114504, -5.61832, -101.6489, 181.6407, 132.3998, 358.3613, -47.99237, -5.854962, 70.46566],
[1554, 2602, 2470, 2274, 1986, 19.16422, 347.8954, 121.3244, -9.221375, -1.51145, 62.63359, 177.4684, 135.9763, 2.4545, 27.19084, 2.114504, -38.96947],
[1557, 2579, 2470, 2369, 2089, 358.7881, 326.8939, 181.6855, -13.23664, -30.50382, 136.9084, 182.3344, 130.8491, 357.8429, 68.1145, -6.312977, -93.55725],
[1548, 2587, 2499, 2333, 2031, 314.3215, 321.8929, 232.4772, -43.67176, -57.83206, 105.6031, 182.8775, 135.4666, 356.9227, 41.75573, -4.335878, -53.08397],
[1602, 2624, 2402, 2310, 2016, 323.3778, 323.9061, 225.479, 19.36641, 39.03817, -106.4733, 195.0032, 131.4646, 346.5049, -39.73283, 15.89313, 66.83206],
[1564, 2543, 2496, 2338, 2032, 0.2708369, 331.2101, 179.2612, 5.244275, 23.74809, -135.7099, 180.0455, 132.0643, 359.8234, -67.12977, 0.3969466, 95.54962],
[1549, 2613, 2518, 2333, 2037, 14.00308, 350.9751, 122.0458, -19.0916, 6.167939, -26.53435, 181.0648, 138.1089, 358.6576, -16.06107, 4.80916, 25.61069],
[1546, 2607, 2487, 2337, 2031, 2.323105, 342.6725, 172.1945, -22.1145, -16.21374, 90.19084, 183.0222, 135.1984, 356.8047, 44.31298, -3.419847, -58.74809],
[1548, 2539, 2541, 2335, 2043, 5.48603, 325.3623, 171.8563, -26.87023, -31.69466, 180.3969, 180.9192, 131.6904, 359.0445, 57.61069, -4.351145, -82.64886],
[1553, 2607, 2559, 2367, 2061, 310.1664, 324.2572, 238.6502, -5.679389, 0.5267176, 15.50382, 188.529, 131.4676, 352.2949, 4.198473, 4.671756, -0.8396947],
[1570, 2633, 2479, 2342, 2043, 342.28, 325.6797, 204.9736, 11.89313, 40.48091, -134.1603, 186.1846, 131.1663, 354.4384, -68.08397, 8.335877, 93.46565],
[1555, 2631, 2471, 2339, 2039, 4.870311, 337.1307, 168.2549, 4.274809, 24.34351, -105.4122, 179.5914, 132.7088, 0.2147023, -40.35115, 3.633588, 74.58015],
[1567, 2614, 2507, 2358, 2073, 12.49709, 347.2431, 135.1617, -3.282443, -11.51145, 36.67176, 178.8302, 135.6922, 1.030396, 16.55725, -1.931298, -27.26718],
[1511, 2590, 2547, 2369, 2047, 358.6613, 329.3686, 182.0784, -35.58016, -27.50382, 127.7405, 182.7847, 130.559, 357.4775, 65.61069, -2.022901, -80.65649],
[1568, 2576, 2491, 2391, 2045, 324.5039, 322.2724, 222.5949, -11.68702, -20.62595, 102.397, 189.6256, 129.9931, 351.7486, 42.20611, 8.19084, -56.05344],
[1565, 2631, 2480, 2364, 2055, 323.3403, 324.2074, 225.8353, 22.51908, 15.48092, -85.94657, 191.722, 127.8537, 350.6863, -41.45802, -0.04580153, 51.55725],
[1543, 2627, 2481, 2349, 2064, 353.9591, 325.0876, 188.4732, 17.0916, 24.83206, -141.4427, 184.1124, 132.6304, 356.0658, -69.63359, 2.030534, 89.53435],
[1611, 2647, 2471, 2357, 2113, 13.49134, 348.3794, 130.1593, 17.43511, 23.0916, -59.59542, 176.8487, 136.6886, 3.177638, -33.37405, 10.89313, 35.25191],
[1558, 2625, 2497, 2321, 2058, 8.780281, 342.0053, 154.1677, -28.58015, -22.53435, 78.03053, 181.2818, 134.475, 358.5964, 44.12214, -7.29771, -51.58016],
[1579, 2639, 2486, 2366, 2039, 352.9885, 323.3724, 189.2522, -1.618321, -27.0687, 128.2824, 185.3079, 129.9732, 355.4032, 53.32824, -1.358779, -92.48092],
[1552, 2623, 2495, 2416, 2096, 318.9798, 328.7462, 235.0305, -4.587786, 19.15267, 48.9084, 193.0692, 128.2739, 349.4631, 17.41985, 13.48092, -15.90076],
[1581, 2686, 2496, 2363, 2066, 336.2301, 321.8875, 209.2182, 23.96947, 17.30534, -118.229, 186.8415, 125.6931, 354.9376, -71.08397, -1.824428, 73.18321],
[1578, 2642, 2491, 2428, 2055, 0.4351697, 330.9402, 178.972, 20.90076, 17.19084, -126.7252, 180.8836, 132.2281, 359.06, -60.47328, 2.59542, 91.19084],
[1524, 2640, 2576, 2411, 2094, 14.07625, 351.05, 121.6873, -3.0, -4.977099, 9.656488, 182.6692, 135.2612, 357.1551, 4.328244, -2.503817, -9.992367],
[1548, 2640, 2533, 2403, 2080, 3.620882, 328.3662, 173.894, -7.625954, -25.57252, 127.8779, 180.9641, 130.3184, 359.0483, 60.29771, 1.603053, -88.48855],
[1555, 2645, 2475, 2379, 2059, 331.4993, 323.8718, 216.5591, -7.877862, -13.83206, 132.5725, 191.1472, 126.1159, 351.6713, 41.0458, 6.969466, -88.1832],
[1571, 2640, 2512, 2368, 2068, 326.5171, 326.9531, 225.4011, 15.16031, 21.48855, -93.82442, 187.7627, 125.4997, 354.3085, -40.21374, 2.51145, 55.16031],
[1578, 2643, 2511, 2362, 2074, 1.425579, 322.9193, 177.9104, 10.40458, 14.67939, -140.0076, 184.0225, 128.0014, 356.7199, -73.62596, -7.129771, 100.5572],
[1574, 2583, 2497, 2433, 2064, 15.89072, 351.3501, 117.7122, 2.549618, 10.83206, -37.0229, 182.1887, 136.0979, 357.5733, -24.87023, 4.847328, 26.0229],
[1559, 2624, 2512, 2371, 2078, 5.185329, 341.0933, 164.777, -17.21374, -26.87786, 93.59542, 182.8617, 132.4033, 357.2425, 59.87023, -7.007634, -64.57252],
[1581, 2624, 2499, 2399, 2094, 2.170589, 329.7446, 176.0379, 27.61069, -33.0229, 125.7023, 181.8458, 130.8854, 358.2647, 29.99237, -8.206107, -107.9466],
[1582, 2661, 2507, 2435, 2075, 309.8714, 326.1416, 240.6626, 9.839695, 21.29771, -20.74809, 183.985, 129.9996, 356.5145, 3.954198, 9.931297, 5.541985],
[1552, 2715, 2512, 2371, 2067, 345.5064, 326.1406, 200.9515, -3.954198, 14.45802, -134.4046, 178.2146, 131.4961, 1.42353, -68.229, -2.450382, 95.66413],
[1584, 2672, 2503, 2383, 2084, 5.399553, 341.8639, 163.5056, -5.038168, 16.59542, -98.7939, 178.0622, 134.3341, 1.730979, -37.96947, -0.2290076, 71.45038],
[1563, 2659, 2512, 2419, 2079, 16.19281, 350.3831, 119.8622, 5.992366, -12.1145, 34.82443, 179.2417, 137.1856, 0.6450496, 14.68702, -2.938931, -30.82443],
[1477, 2462, 2373, 2204, 1911, 317.1138, 321.2759, 229.1228, -21.93893, -7.122138, 88.58016, 185.3753, 128.2964, 355.6115, 62.82443, 7.312977, -55.82443],
[1506, 2481, 2431, 2208, 1925, 325.9992, 328.4314, 227.5968, -7.458015, 18.0687, -91.25955, 191.1754, 129.4059, 350.6244, -51.05344, 10.1145, 61.67176],
[1515, 2503, 2450, 2250, 1984, 356.1295, 327.8608, 185.9818, 18.72519, 15.0458, -134.6565, 189.0842, 127.7149, 352.805, -77.78626, 7.755725, 93.47328],
[1512, 2576, 2435, 2190, 1967, 15.29779, 345.7056, 132.5741, -5.832061, -0.2137404, -2.198473, 187.6653, 134.388, 352.3324, -5.312977, -0.01526718, -0.9465649],
[1522, 2512, 2427, 2254, 1975, 2.540307, 332.2742, 174.9101, -1.351145, -19.8855, 113.7252, 187.6363, 131.0772, 353.1821, 40.93893, -14.40458, -77.82443],
[1524, 2522, 2427, 2255, 1979, 338.0641, 326.7088, 211.4248, -12.42748, -10.30534, 112.0229, 184.8269, 130.5263, 355.7273, 26.0687, -1.671756, -81.25191],
[1570, 2549, 2383, 2243, 1984, 322.96, 329.9843, 232.4971, 8.916031, 21.80916, -58.52672, 193.4101, 130.596, 348.2869, -24.47328, 8.175572, 47.16794],
[1535, 2499, 2480, 2295, 2011, 356.5528, 322.7543, 184.3778, 14.36641, 31.38168, -147.1145, 188.0796, 127.1576, 353.7167, -64.79389, 13.63359, 106.3435],
[1533, 2547, 2449, 2254, 1995, 21.85985, 344.8964, 123.6068, 13.80153, 1.099237, -47.38168, 186.1802, 135.4016, 353.5715, -36.71756, -0.6870229, 32.16794],
[1535, 2554, 2433, 2283, 1983, 11.72102, 340.242, 149.6216, -1.709924, -25.68702, 83.85497, 182.6403, 134.6355, 357.2436, 43.18321, -12.64122, -74.90077],
[1530, 2608, 2465, 2271, 1995, 351.0266, 323.1141, 191.7484, -16.44275, -9.633588, 136.313, 187.5761, 128.1202, 353.898, 43.82443, -1.358779, -95.9771],
[1557, 2583, 2459, 2327, 2007, 312.2232, 323.6139, 236.1568, -42.49618, 10.44275, 11.0458, 191.275, 129.4425, 350.5293, 6.900764, 8.725191, 3.59542],
[1564, 2587, 2463, 2352, 2059, 344.4634, 323.9594, 200.7964, 1.198473, 14.20611, -153.1679, 187.3569, 129.1484, 353.8536, -72.74045, 7.80916, 101.2977],
[1535, 2597, 2475, 2319, 2015, 12.83598, 337.4792, 150.8745, -5.114504, -5.61832, -101.6489, 181.6407, 132.3998, 358.3613, -47.99237, -5.854962, 70.46566],
[1554, 2602, 2470, 2274, 1986, 19.16422, 347.8954, 121.3244, -9.221375, -1.51145, 62.63359, 177.4684, 135.9763, 2.4545, 27.19084, 2.114504, -38.96947],
[1557, 2579, 2470, 2369, 2089, 358.7881, 326.8939, 181.6855, -13.23664, -30.50382, 136.9084, 182.3344, 130.8491, 357.8429, 68.1145, -6.312977, -93.55725],
[1548, 2587, 2499, 2333, 2031, 314.3215, 321.8929, 232.4772, -43.67176, -57.83206, 105.6031, 182.8775, 135.4666, 356.9227, 41.75573, -4.335878, -53.08397],
[1602, 2624, 2402, 2310, 2016, 323.3778, 323.9061, 225.479, 19.36641, 39.03817, -106.4733, 195.0032, 131.4646, 346.5049, -39.73283, 15.89313, 66.83206],
[1564, 2543, 2496, 2338, 2032, 0.2708369, 331.2101, 179.2612, 5.244275, 23.74809, -135.7099, 180.0455, 132.0643, 359.8234, -67.12977, 0.3969466, 95.54962],
[1549, 2613, 2518, 2333, 2037, 14.00308, 350.9751, 122.0458, -19.0916, 6.167939, -26.53435, 181.0648, 138.1089, 358.6576, -16.06107, 4.80916, 25.61069],
[1546, 2607, 2487, 2337, 2031, 2.323105, 342.6725, 172.1945, -22.1145, -16.21374, 90.19084, 183.0222, 135.1984, 356.8047, 44.31298, -3.419847, -58.74809],
[1548, 2539, 2541, 2335, 2043, 5.48603, 325.3623, 171.8563, -26.87023, -31.69466, 180.3969, 180.9192, 131.6904, 359.0445, 57.61069, -4.351145, -82.64886],
[1553, 2607, 2559, 2367, 2061, 310.1664, 324.2572, 238.6502, -5.679389, 0.5267176, 15.50382, 188.529, 131.4676, 352.2949, 4.198473, 4.671756, -0.8396947],
[1570, 2633, 2479, 2342, 2043, 342.28, 325.6797, 204.9736, 11.89313, 40.48091, -134.1603, 186.1846, 131.1663, 354.4384, -68.08397, 8.335877, 93.46565],
[1555, 2631, 2471, 2339, 2039, 4.870311, 337.1307, 168.2549, 4.274809, 24.34351, -105.4122, 179.5914, 132.7088, 0.2147023, -40.35115, 3.633588, 74.58015],
[1567, 2614, 2507, 2358, 2073, 12.49709, 347.2431, 135.1617, -3.282443, -11.51145, 36.67176, 178.8302, 135.6922, 1.030396, 16.55725, -1.931298, -27.26718],
[1511, 2590, 2547, 2369, 2047, 358.6613, 329.3686, 182.0784, -35.58016, -27.50382, 127.7405, 182.7847, 130.559, 357.4775, 65.61069, -2.022901, -80.65649],
[1568, 2576, 2491, 2391, 2045, 324.5039, 322.2724, 222.5949, -11.68702, -20.62595, 102.397, 189.6256, 129.9931, 351.7486, 42.20611, 8.19084, -56.05344],
[1565, 2631, 2480, 2364, 2055, 323.3403, 324.2074, 225.8353, 22.51908, 15.48092, -85.94657, 191.722, 127.8537, 350.6863, -41.45802, -0.04580153, 51.55725],
[1543, 2627, 2481, 2349, 2064, 353.9591, 325.0876, 188.4732, 17.0916, 24.83206, -141.4427, 184.1124, 132.6304, 356.0658, -69.63359, 2.030534, 89.53435],
[1611, 2647, 2471, 2357, 2113, 13.49134, 348.3794, 130.1593, 17.43511, 23.0916, -59.59542, 176.8487, 136.6886, 3.177638, -33.37405, 10.89313, 35.25191],
[1558, 2625, 2497, 2321, 2058, 8.780281, 342.0053, 154.1677, -28.58015, -22.53435, 78.03053, 181.2818, 134.475, 358.5964, 44.12214, -7.29771, -51.58016],
[1579, 2639, 2486, 2366, 2039, 352.9885, 323.3724, 189.2522, -1.618321, -27.0687, 128.2824, 185.3079, 129.9732, 355.4032, 53.32824, -1.358779, -92.48092],
[1552, 2623, 2495, 2416, 2096, 318.9798, 328.7462, 235.0305, -4.587786, 19.15267, 48.9084, 193.0692, 128.2739, 349.4631, 17.41985, 13.48092, -15.90076],
[1581, 2686, 2496, 2363, 2066, 336.2301, 321.8875, 209.2182, 23.96947, 17.30534, -118.229, 186.8415, 125.6931, 354.9376, -71.08397, -1.824428, 73.18321],
[1578, 2642, 2491, 2428, 2055, 0.4351697, 330.9402, 178.972, 20.90076, 17.19084, -126.7252, 180.8836, 132.2281, 359.06, -60.47328, 2.59542, 91.19084],
[1524, 2640, 2576, 2411, 2094, 14.07625, 351.05, 121.6873, -3.0, -4.977099, 9.656488, 182.6692, 135.2612, 357.1551, 4.328244, -2.503817, -9.992367],
[1548, 2640, 2533, 2403, 2080, 3.620882, 328.3662, 173.894, -7.625954, -25.57252, 127.8779, 180.9641, 130.3184, 359.0483, 60.29771, 1.603053, -88.48855],
[1555, 2645, 2475, 2379, 2059, 331.4993, 323.8718, 216.5591, -7.877862, -13.83206, 132.5725, 191.1472, 126.1159, 351.6713, 41.0458, 6.969466, -88.1832],
[1571, 2640, 2512, 2368, 2068, 326.5171, 326.9531, 225.4011, 15.16031, 21.48855, -93.82442, 187.7627, 125.4997, 354.3085, -40.21374, 2.51145, 55.16031],
[1578, 2643, 2511, 2362, 2074, 1.425579, 322.9193, 177.9104, 10.40458, 14.67939, -140.0076, 184.0225, 128.0014, 356.7199, -73.62596, -7.129771, 100.5572],
[1574, 2583, 2497, 2433, 2064, 15.89072, 351.3501, 117.7122, 2.549618, 10.83206, -37.0229, 182.1887, 136.0979, 357.5733, -24.87023, 4.847328, 26.0229],
[1559, 2624, 2512, 2371, 2078, 5.185329, 341.0933, 164.777, -17.21374, -26.87786, 93.59542, 182.8617, 132.4033, 357.2425, 59.87023, -7.007634, -64.57252],
[1581, 2624, 2499, 2399, 2094, 2.170589, 329.7446, 176.0379, 27.61069, -33.0229, 125.7023, 181.8458, 130.8854, 358.2647, 29.99237, -8.206107, -107.9466],
[1582, 2661, 2507, 2435, 2075, 309.8714, 326.1416, 240.6626, 9.839695, 21.29771, -20.74809, 183.985, 129.9996, 356.5145, 3.954198, 9.931297, 5.541985],
[1552, 2715, 2512, 2371, 2067, 345.5064, 326.1406, 200.9515, -3.954198, 14.45802, -134.4046, 178.2146, 131.4961, 1.42353, -68.229, -2.450382, 95.66413],
[1584, 2672, 2503, 2383, 2084, 5.399553, 341.8639, 163.5056, -5.038168, 16.59542, -98.7939, 178.0622, 134.3341, 1.730979, -37.96947, -0.2290076, 71.45038],
[1563, 2659, 2512, 2419, 2079, 16.19281, 350.3831, 119.8622, 5.992366, -12.1145, 34.82443, 179.2417, 137.1856, 0.6450496, 14.68702, -2.938931, -30.82443],


