[1511, 4095, 2089, 2082, 1984, 310.3831, 9.143456, 277.8209, -11.52672, -0.9694656, 41.35115, 154.9823, 104.3829, 6.749953, 8.389313, 15.67176, -18.79389],
[1530, 4095, 2128, 2094, 2020, 332.4026, 353.1022, 256.982, 85.90076, -108.9389, 38.38168, 170.9951, 107.4117, 2.743192, 16.9542, 9.61832, -19.46565],
[1520, 4095, 2113, 2105, 1990, 300.9339, 1.996434, 271.1835, 6.076336, -6.335878, 2.625954, 171.5686, 106.3089, 2.382054, 14.15267, -2.89313, 1.664122],
[1518, 4095, 2139, 2118, 1986, 304.0338, 33.89148, 294.4616, -88.01527, 9.687023, -33.70229, 198.0849, 104.4365, 355.0787, -6.366412, 3.29771, 51.8168],
[1588, 4095, 2137, 2114, 1996, 281.1457, 65.2706, 293.3077, -19.32061, 31.61832, 54.94657, 199.3754, 103.9263, 354.8989, -40.05344, 24.00763, 3.435115],
[1527, 4095, 2118, 2126, 1999, 316.4546, 19.63626, 290.6441, -41.21374, 60.63359, -47.9084, 190.0904, 103.0587, 357.5372, -79.21374, 20.10687, 35.96184],
[1550, 4095, 2150, 2101, 2043, 285.2187, 59.32738, 294.7507, 6.793893, 55.16794, 37.82443, 207.8594, 102.6125, 353.1223, 19.65649, -25.76336, -41.99237],
[1520, 4095, 2192, 2112, 2043, 312.1475, 2.14175, 271.9547, 41.45038, 48.74046, 15.74809, 183.6229, 105.4115, 358.9079, -3.290076, 5.923664, -12.70229],
[1573, 4095, 2192, 2116, 2063, 321.0011, 356.122, 265.2117, 3.251908, -79.52672, 16.12977, 169.058, 109.2358, 3.757796, 60.17557, 10.96947, -22.91603],
[1563, 4095, 2190, 2114, 2061, 294.7448, 356.2316, 268.2143, 55.58015, -65.52672, 27.8397, 184.4599, 107.0197, 358.5363, 27.72519, -26.84733, -2.122137],
[1563, 4095, 2281, 2119, 2058, 304.6103, 16.0859, 281.2779, -29.01527, -24.16031, 2.671756, 160.9692, 107.0226, 5.941623, -2.656489, 19.59542, -3.59542],
[1582, 4095, 2165, 2119, 2045, 321.2704, 45.03052, 321.386, -62.99237, -30.34351, -52.71756, 177.9378, 102.8959, 0.366248, -39.34351, -0.3435115, 53.45038],
[1606, 4095, 2171, 2125, 2058, 275.386, 75.65389, 290.5297, -53.79389, 68.33588, -1.083969, 210.9329, 105.4586, 350.4444, -51.22138, 17.31298, 8.458015],
[1515, 4095, 2183, 2096, 2047, 327.5824, 37.24738, 320.2266, -51.8168, 55.57252, -14.59542, 197.3086, 105.1377, 355.0655, -28.22138, 12.68702, 17.14504],
[1506, 4095, 2202, 2085, 2069, 302.8741, 9.098482, 275.9133, 120.0687, 86.31298, 68.01527, 221.1393, 102.1842, 349.1511, 2.854962, -0.2290076, -29.38931],
[1553, 4095, 2198, 2085, 2087, 312.4995, 7.547683, 276.9515, -58.41221, -1.70229, 57.66412, 173.8155, 100.2697, 1.02847, 4.877862, -13.10687, -9.251908],
[1574, 4095, 2208, 2082, 2090, 324.2369, 5.125902, 277.1715, 26.61832, -125.1221, 101.2595, 154.9105, 107.8804, 8.510332, 64.27481, 1.038168, -22.9313],
[1566, 4095, 2215, 2118, 2089, 298.3502, 1.073279, 270.5589, 4.015267, -5.343512, 2.351145, 180.9433, 108.2193, 359.5974, 4.366412, -7.961832, -6.007634],
[1503, 4095, 2205, 2117, 2097, 306.9655, 11.70173, 278.8805, -68.23664, -39.67939, -73.67176, 193.9505, 109.1802, 354.9449, 8.274809, 25.07634, 5.374046],
[1522, 4095, 2182, 2130, 2117, 285.2628, 75.05592, 315.8758, -20.96946, -6.10687, -3.465649, 184.5844, 107.5913, 358.4466, -27.00763, -1.541985, 22.10687],
[1523, 4095, 2221, 2121, 2083, 300.5986, 30.02368, 288.9093, -94.03053, 121.4198, -42.10687, 212.3274, 103.0789, 351.4919, -108.7404, 13.06107, 32.86259],
[1549, 4095, 2219, 2065, 2103, 294.6496, 55.55099, 303.8831, -19.70229, 34.57252, 25.20611, 164.6237, 101.614, 3.150233, 4.267176, -18.61069, -16.09924],
[1551, 4095, 2219, 2133, 2105, 311.8328, 347.3894, 258.6365, 65.41985, 73.10688, 92.99236, 207.3549, 105.6491, 351.6162, -32.06107, 7.229008, -1.557252],
[1565, 4095, 2251, 2154, 2117, 315.0819, 351.7826, 261.7337, -12.39695, -38.06107, -2.450382, 177.1334, 104.2135, 0.619899, 37.40458, -9.412213, -10.43512],
[1563, 4095, 2257, 2134, 2118, 297.6764, 343.925, 261.3453, 2.961832, -122.2595, 60.29771, 179.2721, 107.6682, 0.1168048, 58.64122, -11.09924, -9.908397],
[1565, 4095, 2245, 2151, 2043, 295.4425, 357.3669, 268.7023, -17.31298, -0.3435115, 10.8855, 176.5917, 109.7352, 1.11011, 5.977099, 7.801527, 7.419847],
[1570, 4095, 2247, 2162, 2033, 303.4122, 23.56231, 286.0849, -28.14504, 16.63359, -78.0, 193.3513, 106.2189, 355.9406, 8.419847, -11.9084, 56.38168],
[1562, 4095, 2256, 2174, 2057, 278.1119, 57.38121, 282.6336, -3.59542, 15.23664, 23.47328, 204.277, 106.1635, 352.4205, -20.30535, 14.77099, -5.091603],
[1579, 4095, 2254, 2167, 2014, 300.4434, 29.05745, 288.1231, -34.38931, 101.5267, -34.35115, 213.9832, 105.1096, 349.532, -85.22138, 18.74809, 34.31298],
[1584, 4095, 2251, 2144, 2080, 287.9057, 52.73344, 293.0902, -5.328244, 33.77099, 5.305344, 195.013, 103.198, 356.2932, -1.053435, -5.030534, -9.0],
[1601, 4095, 2350, 2154, 2095, 311.2329, 343.0463, 254.9932, 141.9618, 73.70229, 73.94657, 211.7746, 106.773, 349.2743, -2.877863, -0.3664122, -27.54199],
[1590, 4095, 2259, 2178, 2094, 331.8832, 349.3518, 250.6045, -4.022901, -20.80153, -5.221374, 172.2887, 107.2837, 2.30887, 30.74046, -12.43512, -12.58779],
[1598, 4095, 2257, 2167, 2105, 317.2828, 347.9946, 256.9988, 28.77099, -93.32061, 23.9542, 193.0689, 104.8926, 356.36, 51.25954, -19.67175, -22.55725],
[1552, 4095, 2283, 2157, 2067, 303.318, 353.9127, 265.9512, -12.19084, -15.39695, 13.20611, 172.9748, 109.6262, 2.408133, -0.06870229, -4.91603, -4.022901],
[1528, 4095, 2263, 2166, 2061, 321.0559, 15.5295, 289.0551, -74.69466, -69.09161, -92.79389, 193.0627, 108.7374, 355.3859, -11.79389, 17.45038, 35.0458],
[1528, 4095, 2263, 2170, 2099, 273.7888, 69.26532, 280.0801, 33.29771, 24.74046, -2.091603, 199.5872, 106.1901, 353.9796, -19.48092, 11.16031, 8.312977],
[1532, 4095, 2259, 2157, 2085, 308.6789, 32.09856, 296.73, -60.39695, 80.38168, -41.0229, 215.1708, 103.8235, 350.0101, -90.65649, 34.82443, 46.45802],
[1554, 4095, 2279, 2110, 2092, 283.6582, 45.57384, 283.9665, -38.31298, 89.229, 91.25955, 207.7415, 104.6656, 352.0266, 18.68702, -10.40458, -17.38931],
[1566, 4095, 2292, 2121, 2063, 315.2184, 350.963, 260.8677, 82.93894, 48.08397, 44.01527, 188.3423, 106.5705, 357.3998, -12.68702, 23.18321, -15.8855],
[1566, 4095, 2283, 2099, 2096, 331.2479, 351.8282, 255.336, -15.32061, -43.22901, 28.67176, 165.5718, 109.3481, 5.065641, 23.09924, 5.977099, -27.9771],
[1557, 4095, 2254, 2123, 2103, 319.2888, 344.0028, 251.5339, 32.79389, -101.9389, 64.31298, 163.4891, 104.8982, 4.42163, 6.099236, 4.053435, -9.969465],
[1497, 4095, 2247, 2141, 2126, 311.428, 356.0573, 266.497, -19.74809, -20.22137, -23.9771, 161.7262, 104.7746, 4.89251, 3.267176, 17.05343, -2.641221],
[1461, 4095, 2265, 2131, 2099, 337.2708, 59.25085, 346.0302, -76.8855, -45.84733, -122.6183, 187.2808, 102.5894, 358.2717, -37.41985, -13.82443, 55.19084],
[1432, 4095, 2273, 2146, 2103, 265.7469, 101.9697, 288.8304, -70.40458, 95.24428, -19.32825, 221.4192, 104.2876, 347.1647, -40.29008, -5.236641, 11.52672],
[1477, 4095, 2256, 2148, 2092, 301.1445, 43.10411, 299.5649, -29.16794, 30.22901, 5.984733, 186.2626, 105.2772, 358.1868, -6.076336, 23.75573, -3.328244],
[1489, 4095, 2272, 2129, 2115, 299.8555, 6.039739, 273.4666, 57.51909, 64.22901, 82.68703, 213.9053, 103.1494, 350.9281, 12.72519, -0.2977099, -33.30534],
[1510, 4095, 2295, 2151, 2109, 316.1841, 6.650116, 276.9683, -10.47328, 1.274809, 20.89313, 173.5981, 105.2645, 1.651006, 25.22901, -4.40458, -14.8397],
[1506, 4095, 2285, 2158, 2139, 317.6479, 348.7628, 257.6757, 29.14504, -96.59542, 76.45038, 185.6128, 107.1893, 358.1604, 33.67939, -9.045801, -12.75573],
[1628, 4095, 2159, 2149, 1776, 285.9158, 30.97197, 279.7193, -120.1985, 200.2595, -66.80916, 162.855, 99.80453, 2.972157, -102.0076, -13.63359, 54.32061],
[1648, 4095, 2223, 2123, 1802, 336.3538, 25.0382, 316.9912, -14.24428, 74.70993, 0.6717557, 170.4985, 105.1756, 2.50114, 16.9084, -22.46565, -12.73282],
[1650, 4095, 2263, 2138, 1839, 311.5469, 357.6355, 267.8855, -94.10687, -22.83206, 137.1603, 118.7532, 99.6687, 17.24757, 21.79389, -8.839695, -27.20611],
[1664, 4095, 2258, 2167, 1842, 332.5089, 353.356, 257.3968, 50.37405, -136.458, 88.69466, 172.6246, 110.9568, 2.728766, 51.61832, -18.0, -11.98473],
[1643, 4095, 2288, 2189, 1856, 317.5786, 345.4544, 254.1116, -61.26718, -62.50382, 27.96183, 153.8919, 111.7884, 11.00057, 57.0916, 28.57252, -15.61832],
[1621, 4095, 2304, 2204, 1872, 95.24226, 94.06787, 37.81777, -45.87023, -80.05343, -111.6641, 155.0436, 108.2148, 8.626781, -18.49618, -1.305344, 49.16794],
[1663, 4095, 2337, 2240, 1874, 285.1114, 60.94483, 296.043, -123.0687, 155.8397, -31.41985, 195.1881, 103.9831, 356.023, -119.2595, 25.98473, 67.72519],
[1675, 4095, 2359, 2186, 1883, 315.4576, 14.64787, 284.9285, -41.87023, 36.75573, 14.73282, 173.0884, 103.6255, 1.583204, 22.05343, 11.64886, -12.79389],
[1611, 4095, 2367, 2183, 1934, 309.2036, 5.905434, 274.8379, 35.52672, 30.54199, 52.12977, 163.2697, 101.8913, 3.538749, 11.41221, -1.198473, -12.55725],
[1533, 4095, 2384, 2175, 1934, 342.9832, 342.8684, 224.72, 18.55725, -94.0229, 82.05344, 184.9072, 110.7734, 358.0318, 48.29771, -2.419847, -43.29771],
[1505, 4095, 2339, 2181, 1913, 291.675, 20.55441, 278.4751, -0.9160305, -24.70229, 33.52672, 153.6978, 106.1204, 8.054943, 16.92367, 16.9542, 11.53435],
[1558, 4095, 2363, 2195, 1943, 15.69658, 60.97076, 8.795281, -43.79389, -43.18321, -122.1756, 185.6598, 105.4823, 358.332, -49.58779, -11.48855, 59.20611],
[1586, 4095, 2371, 2194, 1939, 272.507, 80.62239, 285.3168, -93.67939, 115.9313, -84.58015, 233.6122, 102.0566, 343.6192, -92.229, 8.816793, 44.58015],
[1586, 4095, 2387, 2158, 1967, 296.6521, 51.00449, 301.8833, -4.259542, 26.77863, 22.08397, 189.8335, 106.3248, 356.9897, 32.9084, 10.55725, -17.58779],
[1573, 4095, 2414, 2177, 1999, 306.2066, 354.4201, 265.8752, 105.8321, 62.74046, 72.52672, 177.4455, 103.3146, 0.498982, 12.0916, 12.09924, -25.10687],
[1593, 4095, 2405, 2145, 2013, 331.2773, 350.7581, 253.4594, 42.68703, -89.98473, 46.51908, 167.2012, 107.3053, 3.952443, 46.59542, 2.78626, -19.48092],
[1554, 4095, 2382, 2175, 2031, 289.8371, 322.0191, 254.1764, 18.67175, -55.15267, 34.96947, 155.1638, 105.6182, 7.295658, 30.69466, -11.0687, -1.656489],
[1587, 4095, 2371, 2199, 2007, 313.7415, 350.7049, 261.0679, -110.4809, -20.48855, -98.14504, 194.5381, 108.7591, 354.8497, 5.40458, 27.08397, 15.58779],
[1600, 4095, 2371, 2193, 2042, 275.5495, 72.5604, 287.4103, 12.03817, 21.91603, 18.67175, 184.2181, 104.4849, 358.8167, -40.17557, 16.15267, 28.45038],
[1580, 4095, 2389, 2215, 2127, 322.4515, 25.77193, 302.2304, -50.35115, 84.43511, -48.24428, 177.5748, 103.0539, 0.456864, -80.7023, 28.82443, 31.8855],
[1584, 4095, 2401, 2194, 2025, 314.6317, 333.7341, 243.9646, 13.30534, 90.84733, 161.3969, 222.7309, 103.2562, 347.5475, -9.038168, -2.961832, -33.72519],
[1616, 4095, 2434, 2175, 2059, 320.4947, 354.9719, 263.9014, 37.51145, -68.80916, -62.19848, 140.678, 103.2285, 10.84769, 54.28245, -0.3664122, -28.10687],
[1632, 4095, 2431, 2207, 2061, 290.0681, 332.4402, 259.1237, 56.0916, -70.31298, 15.37405, 172.0088, 107.9154, 2.494405, 37.82443, -12.46565, -13.70229],
[1563, 4095, 2397, 2223, 2023, 304.4076, 15.63039, 280.8687, -97.62595, -40.64886, 13.8855, 169.604, 107.1948, 3.149796, 11.03053, 28.35114, -9.572519],
[1565, 4095, 2432, 2209, 2035, 284.9868, 65.85141, 300.9983, -21.0687, -38.77863, -29.57252, 164.971, 105.5593, 4.184878, -37.23664, -7.992366, 13.03817],
[1584, 4095, 2427, 2215, 2059, 304.3257, 40.98705, 300.7542, -78.61069, 78.0458, -42.54962, 178.5676, 105.9094, 0.2969985, -103.6336, 28.77099, 14.75572],
[1590, 4095, 2477, 2161, 2004, 284.6854, 17.75878, 274.7767, 14.79389, 53.67939, 50.67939, 182.8536, 104.885, 359.1508, 27.8855, -12.98473, -27.32061],
[1680, 4095, 2497, 2275, 1994, 298.5856, 350.3366, 264.6487, 29.53435, -7.091603, 28.67176, 144.2848, 103.2629, 9.561398, 1.312977, 4.78626, -35.58016],
[1657, 4095, 2497, 2194, 1977, 305.6956, 337.4677, 253.3414, 10.74046, -145.9847, 68.05344, 160.7958, 108.0427, 6.385372, 52.96947, -10.15267, -10.35878],
[1587, 4095, 2489, 2207, 2015, 276.6135, 305.0001, 260.4499, -13.80153, -24.48855, -4.145038, 160.0254, 105.2941, 5.593189, 13.37405, -11.87786, 3.694656],
[1618, 4095, 2470, 2219, 1998, 311.1982, 33.00091, 299.6919, -69.41222, -37.77099, -147.0, 186.476, 105.953, 358.0438, -9.938931, -6.40458, 38.00763],
[1626, 4095, 2543, 2235, 2034, 252.3013, 139.7014, 284.9677, -45.65649, 70.08397, 45.22138, 182.8593, 102.9761, 359.2533, -43.92366, 27.84733, 8.900764],
[1647, 4095, 2512, 2231, 2032, 297.6305, 45.37799, 298.0159, -40.56489, 98.13741, -2.458015, 152.5435, 105.7714, 8.27567, -74.91603, 25.30535, 33.37405],
[1627, 4095, 2518, 2192, 2032, 286.3914, 344.1312, 265.1477, 37.61069, 43.35115, 141.4809, 214.5736, 103.7348, 350.287, -4.068702, 9.038168, -20.43511],
[1629, 4095, 2545, 2223, 2037, 285.3036, 324.8007, 258.978, -25.45802, -15.48092, 13.70992, 163.7434, 101.4179, 3.287257, 55.45038, -7.91603, -17.12977],
[1643, 4095, 2529, 2198, 2041, 288.1421, 316.4929, 252.6222, -10.68702, -146.4809, 37.74809, 162.375, 103.5183, 4.283787, 78.16031, -23.32061, -5.290076],
[1552, 4095, 2501, 2207, 2021, 268.6807, 263.3672, 259.2041, -7.679389, -14.69466, -9.030535, 171.4853, 106.7356, 2.475839, 15.58779, 6.435114, -0.610687],
[1563, 4095, 2543, 2224, 2043, 290.7644, 42.03497, 288.92, -97.22137, 38.90076, -127.8015, 184.1745, 104.2186, 358.8493, -23.61832, -12.0916, 41.48092],
[1558, 4095, 2531, 2211, 2015, 249.1324, 138.0165, 288.7473, -37.65649, 49.93893, 0.610687, 183.8887, 103.4621, 358.9781, -39.48092, 18.31298, 13.10687],
[1575, 4095, 2545, 2196, 2029, 290.6825, 40.96391, 288.1923, -54.87023, 65.21374, 69.12977, 172.1134, 101.2673, 1.485676, -67.29008, 17.58779, 11.41221],
[1523, 4095, 2496, 2115, 2026, 285.8139, 55.46642, 292.4621, 72.16794, 29.8855, 50.45038, 189.5198, 101.3603, 357.9747, 20.67176, -16.35115, -11.9542],
[1555, 4095, 2527, 2135, 2043, 273.5084, 288.7314, 259.5165, -32.59542, -9.671756, 10.99237, 160.4253, 102.72, 4.509008, 59.47328, 7.038168, -41.83206],
[1552, 4095, 2512, 2150, 2053, 296.7939, 316.5143, 244.3186, -23.08397, -102.1069, 34.35115, 159.9398, 106.9538, 6.266805, 32.25954, -2.839695, -7.145038],
[1651, 4095, 2503, 2160, 2045, 265.0899, 254.107, 253.2951, -2.664122, -38.71756, -0.9389313, 174.7854, 107.0738, 1.498422, 32.39695, -8.21374, -3.099237],
[1631, 4095, 2475, 2192, 2041, 290.4393, 349.7432, 266.0812, -14.44275, -5.015267, -139.5496, 180.7819, 106.1228, 359.6853, -11.51145, 12.36641, 9.854961],
[1520, 4095, 2511, 2191, 2063, 262.1423, 100.7484, 305.4797, -0.9923664, -29.23664, -31.71756, 166.9094, 100.2569, 2.323351, -34.45801, 28.65649, 25.05343],
[1541, 4095, 2513, 2194, 2063, 292.8845, 50.71124, 297.3725, -53.8397, 125.6412, -7.091603, 210.4183, 97.96024, 355.1771, -67.17557, 4.931298, 17.8626],
[1526, 4095, 2499, 2160, 2043, 269.0729, 92.01393, 292.1068, -10.40458, 40.32825, 50.9313, 173.3623, 99.7803, 1.054222, 18.51145, -39.19084, -10.93893],
[1525, 4095, 2341, 2169, 1995, 293.0349, 323.564, 252.4857, -14.45802, -39.50382, 21.74046, 156.5349, 107.3493, 7.642042, 20.28244, -32.84733, -5.503817],
[1514, 4095, 2332, 2193, 2003, 329.4276, 356.8069, 264.6288, -99.45038, -83.26717, -51.07634, 170.4567, 110.2991, 3.453311, -7.969466, 32.03817, -0.2748091],
[1567, 4095, 2322, 2229, 2019, 308.9884, 56.83154, 321.1743, -41.61069, -36.12977, -5.526718, 186.4657, 105.9729, 358.0443, -13.05344, -8.114504, 43.48092],
[1552, 4095, 2290, 2192, 2019, 309.1678, 52.219, 316.5152, -98.09924, 106.3053, -89.96947, 200.4343, 107.9722, 352.9817, -64.05344, -14.9313, 44.93893],
[1569, 4095, 2338, 2130, 2060, 296.4692, 62.18634, 313.4682, -32.28245, 45.03053, 23.93893, 191.7619, 108.8505, 355.822, -0.8473283, -12.64886, -28.0458],
[1580, 4095, 2362, 2141, 2017, 312.2755, 351.6982, 262.4133, 34.25191, 60.45802, 57.23664, 170.1679, 110.8385, 3.668737, -1.541985, 1.923664, -34.17557],
[1584, 4095, 2381, 2187, 2060, 333.6727, 355.8876, 261.7666, 1.946565, -69.85497, 31.45038, 165.0459, 111.7025, 5.968959, 28.16031, -7.954198, -23.21374],
[1547, 4095, 2371, 2175, 2103, 299.4262, 341.4257, 259.2052, 64.05344, -74.58015, 28.27481, 169.5079, 107.9707, 3.337121, 22.09924, -1.328244, 6.244275],
[1551, 4095, 2366, 2166, 2097, 321.2622, 0.6222487, 270.8202, -11.0687, -30.8626, -16.13741, 177.9579, 109.7891, 0.6188744, -7.061069, 5.923664, 12.64886],
[1535, 4095, 2411, 2194, 2107, 307.8319, 51.37242, 314.274, -26.43512, -35.54199, -35.29771, 184.5063, 110.459, 358.2142, -16.21374, -2.816794, 32.16794],
[1556, 4095, 2389, 2194, 2083, 289.8418, 32.30114, 282.8707, -81.03817, 70.14503, -48.36641, 207.3533, 108.9232, 349.7987, -48.58779, 18.29008, 27.63359],
[1552, 4095, 2373, 2189, 2080, 317.4261, 28.72478, 300.9019, -15.58779, 32.61069, 2.908397, 180.8401, 107.9953, 359.6355, -7.312977, 9.725191, -4.465649],
[1554, 4095, 2369, 2175, 2096, 313.0459, 3.966528, 273.7285, 99.91603, 52.13741, 50.15267, 188.1716, 108.6041, 357.1277, 2.885496, 5.267176, -38.08397],
[1542, 4095, 2394, 2240, 2107, 332.203, 355.6884, 261.8882, -51.51145, 26.10687, 33.90076, 178.3015, 107.931, 0.4358528, 10.75572, -9.80916, -10.30534],
[1553, 4095, 2397, 2247, 2085, 303.9525, 333.7193, 251.5419, 60.74046, -84.07634, 59.38931, 170.3277, 111.016, 3.640363, 50.62595, -14.8397, -9.755725],
[1523, 4095, 2399, 2271, 2110, 323.5368, 358.0887, 267.4243, -35.90076, -40.29008, -45.45802, 164.8992, 113.3738, 6.550989, 2.137405, 20.0229, 6.534351],
[1508, 4095, 2405, 2271, 2102, 295.4255, 54.13034, 303.4206, -22.45038, -39.83969, -54.43511, 177.4305, 109.5978, 0.8003796, -10.1374, -5.427481, 26.94657],
[1521, 4095, 2410, 2258, 2107, 291.6661, 1.953004, 270.7439, -94.79389, 124.9924, -49.58779, 221.2571, 104.0527, 347.4443, -84.90077, 8.564885, 18.83206],
[1472, 4095, 2411, 2225, 2098, 301.9144, 38.37555, 296.3158, -6.389313, 40.79389, 12.99237, 172.104, 107.6242, 2.418912, 7.48855, 29.10687, -7.122138],
[1478, 4095, 2439, 2246, 2130, 307.3134, 331.4608, 247.4191, 34.9542, 80.22901, 127.9237, 186.6574, 107.2834, 357.82, -21.60306, 5.580153, 6.694656],
[1535, 4095, 2415, 2257, 2091, 334.6252, 340.7706, 233.6137, -50.77099, 4.954198, 28.21374, 173.8146, 110.8861, 2.256943, 19.85496, -27.34351, -1.267176],
[1530, 4095, 2423, 2240, 2111, 311.869, 329.3709, 241.9795, -55.98474, -92.25955, 75.57252, 162.8408, 108.8637, 5.930407, 27.67939, -0.4732824, -18.82443],
[1517, 4095, 2427, 2269, 2118, 307.9154, 337.9281, 252.4133, -34.17557, 7.755725, 3.175573, 166.2326, 109.7729, 4.93568, 0.2671756, 2.625954, -1.366412],
[1476, 4095, 2434, 2283, 2062, 328.4091, 0.6593804, 271.1523, -64.20611, -87.82443, -145.4046, 176.001, 106.1984, 1.055615, 0.9923664, 10.67939, 37.71756],
[1494, 4095, 2427, 2267, 2125, 274.7065, 83.94022, 308.5414, -35.69466, 9.160305, 14.35878, 178.2645, 107.6248, 0.4380796, -41.71756, 12.74809, 9.725191],
[1503, 4095, 2446, 2285, 2128, 306.1384, 43.27041, 304.5869, -67.41985, 76.01527, -27.64886, 169.9375, 105.1719, 2.657604, -58.48092, 21.31298, 21.26718],
[1510, 4095, 2444, 2223, 2127, 293.1415, 55.11827, 301.6111, 55.92367, 30.84733, 49.45802, 179.5929, 105.4211, 4.098415e-05, 21.37405, -11.87786, -48.70992],
[1527, 4095, 2454, 2224, 2131, 302.5991, 346.1184, 260.9672, -39.16794, 40.70992, 55.54962, 158.1393, 106.4637, 6.679761, -1.022901, -2.251908, -23.19084],
[1528, 4095, 2429, 2181, 2165, 322.3609, 338.3159, 242.6728, 22.22901, -114.5878, 33.08397, 166.4987, 112.6812, 5.627766, 42.41985, 2.916031, -26.76336],
[1533, 4095, 2422, 2231, 2142, 274.6251, 280.7413, 246.6522, -20.0, -29.17558, 11.39695, 158.5825, 106.7808, 6.66278, 26.80153, 0.4045802, -9.854961],
[1531, 4095, 2427, 2240, 2174, 297.8761, 332.657, 254.6297, -99.70229, 8.793893, -87.59542, 176.3365, 109.8311, 1.209128, -6.366412, 14.64886, 11.21374],
[1511, 4095, 2442, 2251, 2142, 274.5037, 81.72969, 299.0172, 26.98473, -21.21374, -15.64122, 175.832, 108.7179, 1.303255, -22.35115, 3.160305, 27.03817],
[1531, 4095, 2416, 2254, 2163, 264.181, 102.3835, 294.406, -114.8855, 194.7557, -20.12977, 204.7809, 105.1741, 352.7324, -100.1832, 2.557252, 50.0458],
[1542, 4095, 2414, 2245, 2158, 272.7227, 80.13838, 285.7434, 16.46565, 19.16031, 69.49619, 186.3937, 108.0515, 357.8075, 19.59542, -17.41221, -20.28244],
[1552, 4095, 2463, 2256, 2112, 294.9815, 319.9604, 248.5319, 40.07634, 3.671756, 77.53435, 170.1011, 107.6212, 3.071694, -4.931298, 1.557252, -35.22901],
[1600, 4095, 2445, 2197, 2147, 318.8712, 335.8384, 242.7525, -3.900763, -40.31298, 8.687023, 170.1848, 108.8659, 3.280508, 28.16031, -0.04580153, -6.603054],
[1611, 4095, 2466, 2207, 2147, 285.543, 291.7814, 235.0541, -14.27481, -125.4046, 35.55725, 168.923, 109.2886, 3.818138, 51.80152, -9.931297, -8.900764],
[1527, 4095, 2453, 2215, 2135, 303.1039, 331.2498, 250.2478, -59.22138, 6.427481, -6.465649, 175.6405, 107.8685, 1.298228, -0.8625955, 19.78626, -0.1450382],
[1502, 4095, 2450, 2244, 2125, 288.5298, 47.01052, 289.837, -26.61069, -29.73283, -140.8626, 159.4675, 105.8701, 5.994725, -20.36641, -8.038168, 29.67175],
[1522, 4095, 2495, 2207, 2111, 252.9787, 176.1098, 271.0919, -28.61832, 88.45801, -39.74809, 212.0, 105.9732, 349.7097, -58.01527, 14.32061, 34.99237],
[1520, 4095, 2507, 2197, 2130, 286.0056, 44.10376, 285.5805, 1.908397, 34.57252, 20.0916, 174.5015, 105.0151, 1.37521, 6.648855, 2.992366, -3.740458],
[1552, 4095, 2483, 2224, 2128, 286.1935, 306.1105, 248.1796, 51.46565, 5.328244, 127.3893, 185.7676, 108.2375, 357.9937, -10.58779, 12.70992, -19.92366],
[1574, 4095, 2507, 2203, 2127, 307.2348, 340.6305, 254.9858, 27.48092, -35.03817, -35.16031, 169.6075, 105.8806, 2.888973, 34.1145, -7.564886, -20.0],
[1613, 4095, 2483, 2191, 2147, 277.8346, 285.1127, 242.8285, -12.79389, -117.7176, 26.90076, 167.0753, 109.8262, 4.630376, 32.27481, 3.183206, -8.61832],
[1553, 4095, 2438, 2271, 2145, 281.0472, 301.46, 252.1661, -16.61069, 6.374046, -12.8855, 165.9438, 111.3947, 5.50256, -3.061069, 23.99237, 0.3053435],
[1553, 4095, 2450, 2303, 2122, 273.716, 84.82993, 306.5759, -65.94656, 13.29008, -107.0916, 178.5179, 107.0775, 0.3423816, -0.870229, -13.50382, 53.07634],
[1566, 4095, 2480, 2286, 2128, 265.6219, 104.2743, 286.3229, -35.15267, 19.37405, 28.68702, 183.1575, 110.0019, 358.7511, -12.66412, 9.656488, 8.030535],
[1561, 4095, 2489, 2278, 2131, 279.2783, 63.76768, 288.4706, -23.34351, 135.6412, 19.69466, 204.3653, 107.0689, 351.9496, -68.66413, 3.839695, 52.64122],
[1653, 4095, 2293, 2167, 2061, 285.2676, 328.9235, 260.5661, -15.80916, -7.412214, 23.1145, 188.0782, 99.41272, 358.5618, 25.89313, -2.763359, -12.08397],
[1680, 4095, 2321, 2160, 2055, 303.4034, 320.2232, 241.1549, 41.63359, -130.3817, 35.10687, 166.902, 107.5289, 4.10709, 49.23664, -0.8167939, -27.0916],
[1695, 4095, 2295, 2143, 2046, 288.4963, 315.2264, 251.538, 2.374046, -45.45038, -4.755725, 172.2738, 110.8629, 2.851268, 5.465649, 19.55725, 2.862595],
[1699, 4095, 2289, 2171, 2071, 304.8255, 10.21877, 277.1595, 15.70229, -89.59542, -133.4351, 190.1853, 105.1899, 357.1046, -20.32825, 17.9313, 38.57252],
[1711, 4095, 2319, 2194, 2043, 259.1299, 113.8197, 293.2144, -23.45802, 31.31298, 32.89313, 205.4809, 104.3699, 352.9081, -41.77863, 18.93893, 29.33588],
[1710, 4095, 2309, 2176, 2055, 323.0907, 47.52298, 325.565, -4.458015, 35.51145, -5.290076, 177.7898, 103.7802, 0.4351971, -28.81679, 16.00763, 1.534351],
[1712, 4095, 2321, 2269, 2065, 299.2266, 339.6582, 258.2175, -1.625954, 85.07633, 117.9008, 181.4891, 100.6179, 359.639, -11.20611, -1.59542, -36.54198],
[1731, 4095, 2303, 2211, 2107, 313.3357, 355.0742, 265.33, -10.74809, 5.877862, 8.045801, 166.0828, 103.3136, 3.266751, 15.70229, -1.381679, -6.923664],
[1698, 4095, 2323, 2183, 2080, 332.597, 348.0076, 247.702, 17.96947, -59.19084, 39.80916, 163.7834, 110.6883, 6.172091, 32.42748, 0.5496183, -15.1374],
[1698, 4095, 2319, 2191, 2069, 300.4359, 339.6099, 257.6178, -11.20611, -38.51908, 21.14504, 168.1694, 108.731, 3.963236, 22.0, -0.5419847, -1.824428],
[1715, 4095, 2289, 2206, 2065, 313.8781, 355.3448, 265.5033, -54.9084, -65.03817, -56.28244, 177.5492, 110.2663, 0.7892318, 4.633588, -1.824428, 8.122137],
[1722, 4095, 2288, 2190, 2086, 281.7726, 79.43152, 318.5075, -26.71756, -16.66412, -19.55725, 178.3058, 109.7991, 0.4933536, -27.31298, 5.099236, 30.29771],
[1680, 4095, 2314, 2171, 2070, 302.8962, 47.31477, 305.1284, -86.43512, 102.0153, -67.02291, 207.5926, 107.4014, 350.5562, -79.77863, 17.35114, 41.93893],
[1683, 4095, 2319, 2205, 2082, 291.8328, 55.18473, 300.0457, 8.427481, 33.77863, 12.29008, 188.7921, 106.3436, 357.3009, 2.145038, -14.77099, -13.47328],
[1711, 4095, 2351, 2194, 2047, 316.0027, 343.0496, 252.4384, 107.9924, 69.9542, 72.66412, 187.3713, 103.1752, 358.1705, 12.83206, 7.885496, -4.877862],
[1728, 4095, 2350, 2209, 2103, 336.0029, 345.6502, 240.0832, -16.61832, -20.70992, 19.19847, 190.5466, 100.285, 357.9694, 23.35878, -16.50382, -11.71756],
[1730, 4095, 2339, 2237, 2107, 312.2861, 323.2486, 235.7442, -18.82443, -95.7939, 121.6489, 167.9238, 105.9659, 3.407341, 37.90076, -4.427481, 1.015267],
[1707, 4095, 2311, 2243, 2087, 316.9007, 340.5986, 249.3276, -57.51909, -12.0, -39.0, 188.5767, 108.9806, 356.9242, 11.9313, 19.19084, -5.236641],
[1718, 4095, 2305, 2262, 2096, 305.7737, 34.8691, 296.7245, -81.48092, -37.1145, -100.5878, 190.5849, 104.1709, 357.1967, -32.37405, 6.671756, 42.44275],
[1721, 4095, 2314, 2246, 2091, 276.6932, 71.24508, 289.2731, -101.8321, 84.51908, -31.03054, 218.0799, 104.9721, 348.0015, -70.69466, 29.0458, 39.87786],
[1701, 4095, 2331, 2189, 2086, 304.641, 30.77924, 292.4219, -10.91603, 61.87786, 22.90076, 212.8859, 102.2545, 351.8617, -6.534351, 3.244275, -9.824428],
[1712, 4095, 2288, 2213, 2091, 284.939, 21.98229, 276.1339, 29.47328, 78.65649, 98.03054, 189.6095, 101.44, 357.9419, -10.73282, -10.57252, -8.328244],
[1738, 4095, 2343, 2211, 2105, 309.176, 337.3791, 251.1866, -18.16794, -18.92366, 13.05344, 171.1528, 101.9459, 1.791472, 46.21374, -8.427481, -31.47328],
[1737, 4095, 2347, 2223, 2109, 300.8102, 316.735, 240.6122, 7.160306, -88.67939, 38.30534, 169.3799, 105.2317, 2.826226, 20.61069, -10.70992, -10.35115],
[1739, 4095, 2335, 2243, 2095, 294.1543, 319.5121, 248.961, -16.15267, -24.73283, 4.40458, 173.7678, 108.618, 1.999098, 11.9542, -4.954198, 8.587787],
[1734, 4095, 2314, 2241, 2096, 296.1962, 348.3638, 264.159, -61.9313, -1.068702, -122.5114, 188.1696, 108.0094, 357.2239, -13.41221, 17.36641, 27.46565],
[1749, 4095, 2307, 2235, 2096, 260.7531, 106.9458, 297.7345, -48.37405, 41.16031, -31.28244, 200.1159, 103.9358, 354.6881, -57.78626, 9.40458, 19.40458],
[1740, 4095, 2321, 2219, 2114, 308.0817, 17.3969, 283.8296, -30.54962, 76.1832, -10.54962, 188.8511, 104.4769, 357.5983, -51.35878, 34.89313, 11.16031],
[1745, 4095, 2320, 2205, 2117, 298.1827, 344.4837, 261.4799, 24.80153, 77.41222, 117.8397, 174.7387, 104.6892, 1.279061, -38.0, 6.51145, -29.17558],
[1754, 4095, 2339, 2217, 2111, 305.3655, 321.5015, 240.4773, -31.26718, -5.290076, 31.39695, 159.0313, 105.7927, 6.103989, 53.17557, -10.22901, -16.67939],
[1743, 4095, 2352, 2221, 2107, 316.7923, 327.4433, 235.7272, -19.74046, -115.3282, 56.22901, 164.6477, 107.1739, 4.757714, 45.27481, -2.969466, -18.99237],
[1731, 4095, 2337, 2245, 2110, 280.9758, 289.8702, 241.6413, 14.31298, -33.67939, -21.71756, 174.1417, 108.8885, 1.901815, 19.89313, -15.17557, 6.221374],
[1641, 4095, 2311, 2241, 2119, 302.239, 349.5851, 263.3405, -70.30534, -11.94656, -92.87024, 183.1448, 105.7688, 359.0192, -4.984733, 21.45802, 11.25191],
[1648, 4095, 2335, 2240, 2110, 282.2414, 65.67735, 295.7954, -40.41221, -10.64122, -40.28244, 188.8407, 105.2014, 357.4795, -29.32061, 0.7557252, 32.20611],
[1671, 4095, 2352, 2235, 2138, 280.2178, 355.2809, 269.0819, -61.29771, 137.0992, -33.41985, 216.2967, 102.8665, 350.322, -67.61833, -1.015267, 30.0458],
[1650, 4095, 2355, 2230, 2129, 286.0709, 44.94831, 286.0903, -15.51145, 36.45802, 22.19847, 194.1483, 105.3487, 355.9319, 10.07634, -19.0, -16.51908],
[1669, 4095, 2356, 2241, 2155, 308.2006, 340.3785, 254.2738, 66.14503, 30.57252, 75.80153, 205.179, 106.4341, 351.9711, -0.8854962, 6.740458, -12.14504],
[1671, 4095, 2349, 2243, 2160, 328.3946, 342.2424, 242.4637, -2.671756, -38.16794, 6.824428, 169.9098, 108.4406, 3.294047, 33.77863, 1.419847, -27.48092],
[1664, 4095, 2395, 2277, 2160, 299.0633, 326.4348, 249.6799, 24.64885, -75.03053, 0.0610687, 188.2709, 110.3219, 356.8104, 52.80153, -26.50382, -26.9771],
[1687, 4095, 2339, 2256, 2147, 302.8677, 340.0827, 256.7635, -35.14504, 3.175573, -10.62595, 169.9555, 112.2417, 4.035942, -4.763359, 14.43511, 2.320611],
[1667, 4095, 2355, 2259, 2155, 292.5175, 59.04871, 304.7716, -46.17557, -40.61832, -72.15267, 169.3178, 110.2418, 3.875707, -28.39695, 4.358778, 50.79389],
[1679, 4095, 2356, 2241, 2170, 275.0212, 68.90658, 282.994, -45.01527, 45.82443, 40.79389, 179.0045, 107.6822, 0.2027349, -34.30534, 21.06107, 9.061069],
[1687, 4095, 2357, 2272, 2154, 310.1711, 31.44194, 297.3694, -54.84733, 95.36641, -16.01527, 202.4714, 105.3331, 353.4033, -72.03817, 18.48092, 22.8397],
[1657, 4095, 2369, 2254, 2169, 294.7467, 50.81386, 299.5716, 31.77863, 11.37405, 64.67939, 187.2909, 106.5102, 357.7283, 19.12977, -15.34351, -25.10687],
[1679, 4095, 2362, 2349, 2160, 315.8939, 345.5716, 255.0957, 36.94656, 24.70992, 74.32061, 163.035, 106.0921, 4.941009, 15.51145, 1.229008, -29.69466],
[1680, 4095, 2381, 2267, 2143, 325.7512, 341.1144, 243.2777, -19.38168, -71.70229, 65.48092, 160.7997, 106.1397, 5.669352, 36.01527, -5.992366, -19.77099],
[1681, 4095, 2367, 2256, 2162, 293.2539, 317.6275, 248.5027, -9.877863, -59.59542, 16.56489, 166.3696, 109.2423, 4.740623, 19.00763, -0.6564885, -1.862595],
[1715, 4095, 2333, 2310, 2101, 306.4159, 354.5123, 265.9127, -79.64886, 6.725191, -60.05344, 183.6258, 105.8735, 358.8748, -5.358778, 27.54962, 20.9771],
[1659, 4095, 2317, 2223, 2123, 287.6801, 61.32154, 300.3573, -6.89313, -0.9541985, -20.35115, 190.5634, 107.3958, 356.5491, -31.07634, 0.2137404, 24.08397],
[1643, 4095, 2341, 2223, 2142, 301.7436, 20.51047, 283.0547, -70.16031, 101.4504, -49.06107, 214.9029, 109.3403, 346.0757, -94.35878, 19.89313, 37.73283],
[1651, 4095, 2362, 2219, 2128, 284.1837, 40.77963, 282.3265, 40.1145, -0.5648855, 65.68702, 191.1724, 107.6795, 356.2891, 24.77099, -17.38168, -34.01527],
[1680, 4095, 2358, 2214, 2163, 309.6148, 343.2415, 255.9555, 6.175572, 24.63359, 45.73283, 178.1185, 108.6785, 0.5215234, -9.0, 6.442748, -16.17557],
[1666, 4095, 2368, 2206, 2133, 328.4021, 338.6582, 237.5245, -33.93893, -65.0, 61.22901, 170.4878, 109.8413, 3.355496, 59.37405, 21.64122, -44.69466],
[1653, 4095, 2378, 2224, 2148, 294.4461, 319.5625, 248.7347, 3.374046, -55.79389, 35.61832, 162.2971, 109.8089, 6.466343, 49.41221, -8.824428, -0.03816794],
[1648, 4095, 2355, 2219, 2036, 304.984, 348.2349, 261.6617, -74.23664, -48.23664, -47.92367, 166.8644, 106.3674, 3.826417, 4.221374, 28.12214, 10.81679],
[1642, 4095, 2350, 2224, 2079, 275.7244, 84.42962, 316.5164, -21.96947, -52.32824, -75.27481, 198.7649, 106.1197, 354.2719, -11.55725, 1.923664, 70.65649],
[1635, 4095, 2387, 2218, 2014, 264.7398, 107.7296, 285.7103, -52.93893, 89.75573, -42.90077, 227.4658, 106.0314, 342.4109, -48.30534, -1.816794, 32.0916],
[1643, 4095, 2383, 2213, 2054, 302.6271, 43.93656, 301.7464, -20.37405, 56.74046, -0.2824428, 206.4313, 108.8141, 350.2458, -11.61069, 9.984733, 4.007634],
[1629, 4095, 2368, 2186, 2081, 302.7498, 355.2594, 266.9091, 93.51909, 85.16031, 119.1221, 220.5654, 104.1348, 347.6645, 25.12977, 3.389313, -55.57252],
[1647, 4095, 2398, 2166, 2093, 314.8365, 357.9367, 267.9367, -5.59542, -9.274809, -11.00763, 193.421, 104.6897, 356.3129, 28.8855, -14.27481, -17.9542],
[1645, 4095, 2386, 2193, 2075, 308.9927, 339.5097, 253.1124, 17.44275, -96.6336, 61.9084, 181.3106, 106.9663, 359.5093, 60.85496, -12.16794, -18.9084],
[1642, 4095, 2381, 2226, 2092, 305.5164, 351.7151, 264.0271, -58.0229, -16.16031, 5.480916, 178.0602, 108.7691, 0.544652, 1.717557, 1.015267, -12.06107],
[1638, 4095, 2382, 2125, 2107, 304.0912, 33.41868, 294.1234, -80.56489, -76.96183, -130.6718, 200.5029, 107.0547, 353.3304, -20.81679, -6.290076, 61.10687],
[1655, 4095, 2375, 2223, 2084, 272.0724, 82.70103, 286.4036, -66.8168, 73.16031, -9.106871, 221.4356, 107.6999, 344.0862, -45.00763, 18.03053, 34.76336],
[1590, 4095, 2397, 2223, 2063, 297.5506, 56.76778, 308.6351, -41.99237, 62.56488, -4.152672, 209.4917, 107.7546, 349.5883, -57.67176, 31.80916, 17.05343],
[1613, 4095, 2416, 2192, 2096, 299.5839, 40.43726, 295.8815, 23.19847, 72.51145, 99.93894, 222.1122, 107.9809, 343.4659, 16.79389, -8.328244, -52.9771],
[1607, 4095, 2395, 2221, 2133, 293.8632, 337.1807, 259.3836, 48.13741, 30.58015, 62.45801, 201.9269, 108.7975, 352.0662, 10.68702, 3.328244, -12.05344],
[1616, 4095, 2421, 2195, 2154, 319.3266, 348.4725, 256.6207, 4.290076, -34.8168, -0.0610687, 173.2255, 109.0108, 2.23615, 30.57252, 8.916031, -15.8626],
[1600, 4095, 2457, 2221, 2146, 295.6146, 326.2062, 252.1276, 22.87023, -83.62596, 50.86259, 175.0281, 107.0108, 1.417068, 23.07634, -7.19084, -8.580153],
[1617, 4095, 2416, 2249, 2109, 299.1488, 341.7422, 259.5133, -47.49618, 13.15267, -22.8397, 199.1643, 103.6856, 355.0461, 6.015267, 26.0458, 6.145038],
[1628, 4095, 2383, 2265, 2118, 273.2446, 87.04938, 319.1037, -56.0458, -8.122137, -55.42748, 203.4475, 104.6103, 353.4226, -28.92366, -1.366412, 47.46565],
[1625, 4095, 2405, 2259, 2129, 275.4046, 76.16642, 291.3256, -64.9771, 133.6488, -67.71756, 221.0883, 106.4601, 345.3759, -58.52672, -6.526718, 30.71756],
[1616, 4095, 2407, 2249, 2101, 293.3725, 40.18676, 290.1037, -5.870229, 16.61832, -11.40458, 213.831, 108.4935, 347.2051, -11.66412, -10.0687, -9.770992],
[1624, 4095, 2418, 2240, 2130, 305.1306, 335.2762, 251.9846, 75.89313, 55.89313, 137.9924, 223.7578, 103.5012, 346.8731, 6.519084, 5.671756, -34.41985],
[1632, 4095, 2431, 2239, 2142, 319.4168, 331.766, 237.8551, -3.847328, -27.83206, -4.10687, 180.8679, 104.927, 359.6816, 13.51908, -18.06107, -28.61832],
[1635, 4095, 2439, 2263, 2163, 311.299, 322.1964, 235.6518, -47.0229, -108.8931, 60.34351, 161.6632, 108.0606, 6.07922, 56.39695, -2.175573, -23.16031],
[1604, 4095, 2431, 2283, 2155, 304.0575, 326.7765, 246.0454, -6.229008, -9.687023, -16.96947, 174.0697, 110.0139, 2.056503, -8.175572, 9.152672, 2.442748],
[1604, 4095, 2406, 2290, 2170, 301.9366, 0.4649379, 270.2762, -74.57252, -55.58015, -129.1832, 189.8536, 106.541, 356.9425, -33.1374, 7.351145, 54.64122],
[1620, 4095, 2405, 2287, 2183, 273.287, 84.55382, 301.9479, -25.12214, 17.84733, 3.122137, 200.8138, 105.1425, 354.004, -28.1145, 10.32824, 22.03817],
[1619, 4095, 2419, 2267, 2155, 298.3042, 52.30011, 304.9624, -13.14504, 117.4809, -34.64885, 216.8792, 107.2202, 346.7439, -72.09924, 7.022901, 49.91603],
[1585, 4095, 2445, 2243, 2163, 289.3172, 23.26288, 278.5684, 113.1832, 19.70992, 48.78626, 222.6717, 106.2854, 344.7453, 15.81679, -14.42748, -23.28244],
[1604, 4095, 2412, 2240, 2164, 297.4728, 335.5728, 256.6416, 27.85496, 16.82443, 38.00763, 216.2364, 106.4342, 347.64, -1.412214, -7.038168, -10.07634],
[1609, 4095, 2448, 2274, 2151, 320.5372, 346.4523, 253.6537, 2.152672, -69.60305, 19.93893, 204.6378, 104.8571, 352.9332, 27.82443, -4.648855, -35.96947],
[1618, 4095, 2448, 2241, 2173, 294.182, 316.178, 246.5953, -9.030535, -88.09161, 33.8626, 168.9096, 105.7685, 3.071571, 35.60305, -13.09924, -28.03054],
[1600, 4095, 2416, 2274, 2156, 294.333, 336.0409, 258.5644, -6.610687, -51.94656, -30.39695, 174.2431, 104.7684, 1.419281, -28.48855, 29.96183, 10.87786],
[1607, 4095, 2434, 2256, 2145, 276.9858, 85.48434, 327.8888, -51.12214, 10.61069, -63.94657, 193.8365, 101.8611, 356.9351, -41.61069, -8.694656, 46.45802],
[1625, 4095, 2407, 2269, 2147, 259.4032, 133.4723, 280.9861, -43.62596, 117.4657, -33.77863, 218.8878, 104.7749, 347.8249, -38.78626, -8.709924, 15.32061],
[1646, 4095, 2439, 2250, 2144, 293.599, 44.83132, 293.5397, 2.206107, 59.63359, -1.885496, 220.1791, 107.3499, 345.0451, -17.54962, -6.549618, 8.488549],
[1648, 4095, 2451, 2247, 2142, 293.2769, 343.7253, 262.7764, 97.47329, 87.69465, 123.8015, 213.2257, 106.7343, 348.7042, 10.94656, 11.52672, -62.72519],
[1646, 4095, 2421, 2237, 2159, 297.8085, 338.6206, 258.2668, -28.23664, -23.36641, 13.79389, 195.5563, 104.3263, 355.8225, 42.66412, -2.152672, -15.69466],
[1651, 4095, 2439, 2243, 2129, 302.9896, 322.568, 243.5001, -5.992366, -86.61069, 32.82443, 164.0351, 106.999, 4.907197, 72.1145, -9.145039, -35.78626],
[1646, 4095, 2423, 2246, 2100, 290.2044, 316.4916, 250.6464, -22.51908, -41.32061, 35.55725, 167.0749, 109.7207, 4.603559, 9.755725, 14.20611, 5.412214],
[1565, 4095, 2403, 2219, 2064, 293.9662, 14.97267, 276.7732, -64.38931, -22.13741, -125.4351, 190.7873, 107.606, 356.4322, -29.89313, 2.610687, 61.77863],
[1551, 4095, 2385, 2192, 2009, 257.1101, 124.5548, 288.1594, -37.17557, 70.96947, 3.526718, 208.7402, 109.0801, 349.1114, -50.50382, 3.366412, 29.14504],
[1562, 4095, 2391, 2183, 2054, 311.4179, 17.99624, 286.0383, -2.503817, 105.3588, -26.53435, 201.8234, 110.6861, 351.2663, -63.44275, 17.77863, 20.68702],
[1461, 4095, 2434, 2165, 2081, 283.3177, 51.53151, 286.6556, 11.1145, 55.0, 21.69466, 201.2058, 108.8134, 352.3396, 9.648855, 2.343511, -25.03817],
[1573, 4095, 2179, 2011, 1985, 305.7802, 336.2951, 252.3783, -50.33588, -103.3359, 105.771, 165.0021, 109.2707, 5.255535, 58.32824, -1.40458, -34.80153],
[1563, 4095, 2161, 2039, 1975, 289.5223, 327.8439, 257.3466, 1.900763, -34.51145, 2.671756, 155.5239, 104.2137, 6.502409, -5.679389, -1.0, 5.030534],
[1557, 4095, 2170, 2183, 1979, 297.3437, 353.2803, 266.4657, -31.26718, -40.62595, -104.4504, 182.0411, 107.1381, 359.2781, -18.06107, 14.8626, 23.00763],
[1565, 4095, 2179, 2065, 1993, 269.7247, 90.27378, 299.5673, -30.0687, 18.87786, 11.38931, 185.0747, 103.1783, 358.7177, -43.32824, 20.11451, 31.40458],
[1559, 4095, 2199, 2081, 2001, 304.4698, 35.69205, 296.314, -41.03054, 56.29771, -13.18321, 209.609, 101.6621, 353.1753, -72.46565, 15.59542, 29.08397],
[1555, 4095, 2222, 2057, 2054, 293.7454, 349.0793, 265.0905, 69.85497, -38.29008, 46.22138, 190.8973, 102.6946, 357.4168, 30.38931, -9.412213, -39.16031],
[1609, 4095, 2224, 2064, 2033, 300.2089, 355.0165, 267.0522, 44.61069, 46.9313, 50.19084, 142.1823, 103.6639, 10.63104, -42.03053, 2.137405, -19.72519],
[1600, 4095, 2210, 2056, 2064, 321.7614, 343.6889, 249.5891, -24.22137, -52.72519, 40.15267, 171.34, 108.7394, 2.853549, 28.87023, 10.55725, -23.81679],
[1549, 4095, 2235, 2085, 2070, 288.4872, 338.0895, 262.2637, 7.221374, -40.12977, 16.12977, 152.933, 104.335, 7.36835, 10.82443, 7.114504, -8.290076],
[1547, 4095, 2237, 2099, 2163, 303.6914, 353.7548, 265.7885, -14.19847, -42.51909, -99.53435, 187.2414, 107.7456, 357.5696, -6.351145, 5.778626, 20.69466],
[1535, 4095, 2245, 2103, 2075, 270.3444, 89.50396, 315.2393, -8.801527, -13.60305, 30.28244, 166.6802, 106.7801, 3.988796, -25.52672, 18.13741, 16.87786],
[1517, 4095, 2254, 2077, 2071, 310.9913, 13.33414, 281.6751, -47.43512, 85.99236, -26.24428, 193.3375, 105.4103, 356.1524, -103.2901, 18.79389, 37.92367],
[1555, 4095, 2256, 2103, 2082, 150.9007, 122.3884, 19.3538, 81.0229, 72.25191, 139.8702, 217.9732, 103.4461, 349.2691, 15.10687, -28.03054, -25.14504],
[1586, 4095, 2259, 2093, 2102, 309.8694, 338.6777, 251.8873, 5.541985, 1.80916, -5.854962, 183.5985, 104.1076, 359.0044, 7.29771, 12.85496, -14.32061],
[1582, 4095, 2273, 2094, 2108, 314.3719, 329.2886, 239.7708, 0.3282443, -92.35878, 21.39695, 167.0591, 107.1886, 3.96993, 60.05344, 0.9389313, -35.32824],
[1528, 4095, 2287, 2111, 2095, 292.3095, 325.1099, 253.945, -4.725191, -24.38168, 11.31298, 168.1208, 108.062, 3.825789, 11.43512, -13.50382, 3.099237],
[1530, 4095, 2297, 2128, 2116, 306.6509, 346.7643, 260.0273, -84.22137, -43.16794, -82.87786, 180.225, 106.2219, 359.8466, 16.39695, 8.725191, -6.068702],
[1584, 4095, 2295, 2150, 2107, 282.6227, 48.67529, 284.3399, -15.70229, 1.870229, 5.80916, 161.8878, 105.7266, 5.176012, -26.45038, 7.351145, 12.58015],
[1553, 4095, 2309, 2167, 2128, 304.0841, 15.05784, 280.3361, -33.32824, 147.4656, -19.00763, 223.6022, 105.1902, 345.3198, -84.82443, -5.526718, 42.78626],
[1565, 4095, 2311, 2158, 2128, 276.0022, 35.79687, 274.3307, 3.763359, 37.69466, 42.39695, 191.9333, 105.9368, 356.4394, 13.73282, -13.78626, -15.35878],
[1565, 4095, 2311, 2154, 2134, 292.8222, 311.2193, 244.2464, 4.244275, 38.33588, 98.47328, 168.1382, 106.2877, 3.415674, 3.091603, 13.81679, -15.54199],
[1589, 4095, 2321, 2160, 2128, 320.599, 332.632, 237.7201, -15.89313, -68.55725, 18.0916, 169.4639, 107.338, 3.223595, 29.51908, 8.099236, -21.83969],
[1583, 4095, 2324, 2163, 2126, 279.9032, 285.565, 237.783, -6.70229, -62.54962, 41.87023, 174.1849, 108.7468, 1.87094, 29.67939, -7.633588, -14.8855],
[1517, 4095, 2319, 2160, 2129, 300.9783, 324.8662, 247.0201, -99.26718, -14.70992, -24.16794, 159.3482, 109.9871, 7.717466, 13.80153, 29.79389, -10.67939],
[1545, 4095, 2352, 2179, 2122, 283.1977, 79.84177, 322.9404, -59.61832, -7.167939, -87.51908, 164.3244, 105.6673, 4.410619, -17.32825, -1.229008, 48.58779],
[1534, 4095, 2343, 2133, 2115, 260.9993, 151.4086, 274.8069, -51.77099, 138.9542, -14.58779, 209.8959, 105.8589, 350.5799, -58.62596, 2.290076, 33.05344],
[1567, 4095, 2327, 2113, 2133, 294.2072, 10.2975, 274.6555, -19.48092, 31.0687, 6.374046, 187.6503, 105.6716, 357.7426, -15.49618, 17.43511, 4.29771],
[1590, 4095, 2341, 2131, 2147, 284.1561, 303.4875, 249.0091, 19.10687, 63.9313, 122.5725, 194.5061, 103.7835, 356.2602, -27.30534, -0.8396947, -20.35115],
[1580, 4095, 2351, 2131, 2143, 300.0385, 314.9358, 239.822, -21.51145, -6.076336, 6.519084, 171.6156, 101.6319, 1.642904, 33.38168, -13.77863, -14.98473],
[1581, 4095, 2359, 2143, 2163, 294.7667, 298.0554, 229.0359, -57.51145, -123.5954, 66.66412, 161.5506, 105.5702, 5.225343, 59.03817, -3.061069, -15.29008],
[1568, 4095, 2303, 2145, 2067, 287.7056, 298.3996, 239.3335, -33.8626, -12.9542, 1.687023, 166.6911, 106.4333, 3.896924, 7.48855, 13.9084, -3.198473],
[1568, 4095, 2322, 2167, 2074, 298.6588, 340.4401, 258.947, -47.53435, -33.75573, -175.7252, 193.5132, 102.68, 356.8005, -20.26718, 4.015267, 61.59542],
[1563, 4095, 2336, 2171, 2078, 264.2556, 167.9959, 271.1305, -25.40458, 90.09161, -40.46565, 216.707, 102.3962, 350.5391, -44.42749, 3.282443, 18.25191],
[1517, 4095, 2311, 2134, 2109, 297.9726, 9.558721, 275.1037, -13.41985, 48.66413, 18.0458, 191.3563, 102.477, 357.355, -20.12214, 23.25954, 9.068703],
[1545, 4095, 2327, 2150, 2109, 280.4444, 292.4307, 245.7901, -19.57252, 62.62596, 187.0916, 210.3702, 98.01348, 355.1545, 9.832061, -1.885496, -45.51145],
[1566, 4095, 2335, 2171, 2107, 288.0453, 296.8311, 237.1112, -27.26718, 6.145038, -5.946565, 156.6206, 99.44658, 4.044549, 13.73282, -33.91603, -6.160306],
[1584, 4095, 2333, 2171, 2118, 291.3709, 289.5426, 222.1441, -83.45038, -135.8397, 41.16031, 164.8566, 105.9401, 4.329088, 50.99237, 17.45802, -29.60305],
[1558, 4095, 2343, 2182, 2121, 273.5952, 274.3691, 230.3967, -4.274809, -9.473283, -20.8397, 156.7476, 104.0131, 6.044288, 3.442748, -3.763359, 2.305344],
[1518, 4095, 2349, 2181, 2129, 290.4128, 310.4798, 246.3401, -30.92366, 1.541985, -198.5878, 185.2106, 102.3351, 358.7675, -25.01527, -0.1068702, 32.42748],
[1510, 4095, 2365, 2213, 2141, 276.5581, 80.19326, 304.0829, -33.56488, 20.41221, -16.35878, 186.3551, 102.7973, 358.4582, -9.167939, 1.129771, 22.62595],
[1520, 4095, 2368, 2178, 2157, 275.7344, 44.13712, 275.5804, 7.076336, 89.8168, -14.0, 217.1789, 100.5647, 351.7967, -65.82443, 0.2442748, 18.92366],
[1559, 4095, 2375, 2147, 2158, 277.116, 76.67356, 298.1173, 16.48855, 28.51145, 31.52672, 191.4618, 102.3129, 357.3656, 7.526718, -16.87786, -12.1603],
[1563, 4095, 2369, 2177, 2151, 297.7205, 316.0672, 243.063, 99.42748, 36.07634, 123.6183, 190.6348, 103.4624, 357.3255, 2.847328, 8.221375, -15.76336],
[1562, 4095, 2361, 2165, 2156, 319.0116, 330.3774, 236.7355, -55.72519, -15.65649, 8.473283, 163.8212, 103.0111, 3.749968, 31.05344, -5.687023, -28.85496],
[1545, 4095, 2357, 2167, 2147, 296.1516, 304.6095, 234.4804, -42.20611, -95.50382, 50.00763, 157.0591, 106.9498, 7.269373, 39.37405, -2.885496, -9.511451],
[1549, 4095, 2362, 2176, 2138, 298.8174, 318.4213, 243.8999, -34.08397, 11.47328, -22.39695, 163.0385, 107.9594, 5.554978, 2.068702, 22.16794, 2.419847],
[1541, 4095, 2368, 2202, 2161, 296.0872, 25.01856, 282.89, -68.13741, -30.15267, -163.0382, 174.4465, 102.8232, 1.167119, -24.36641, -8.343512, 58.70229],
[1562, 4095, 2375, 2209, 2172, 263.3673, 128.1842, 278.2248, -55.45038, 85.02291, -2.068702, 208.649, 101.0836, 353.7598, -43.48092, 6.412214, 15.0687],


