[1777, 4095, 2041, 2263, 2161, 328.6335, 341.7832, 241.593, -1.473282, 2.549618, 13.17557, 192.6923, 138.7851, 345.3876, -1.435114, 4.709924, 6.236641],
[1951, 4095, 1962, 2251, 2183, 319.3788, 337.3924, 244.051, -0.4961832, 2.137405, -14.79389, 185.7842, 140.7582, 352.7501, 3.366412, -4.961832, 2.167939],
[2058, 4095, 2011, 2295, 2192, 313.2639, 332.8687, 244.1912, -10.25954, -5.755725, -10.45802, 187.5513, 142.4643, 350.0173, -1.679389, -10.29771, 4.450382],
[2124, 4095, 1991, 2224, 2192, 315.0267, 337.2187, 247.1446, 0.7099237, 3.740458, -1.51145, 186.9627, 146.0388, 349.5133, -3.89313, -0.480916, 4.114504],
[2151, 4095, 1999, 2214, 2163, 311.1322, 335.5519, 248.2847, -0.0610687, 8.938931, 1.847328, 186.5282, 145.584, 350.3122, -2.717557, 6.129771, 5.229008],
[1936, 4095, 1931, 2245, 2221, 311.7862, 334.1175, 246.4969, -0.3282443, 6.114504, -2.473282, 187.8999, 144.2377, 348.8917, -4.320611, 2.923664, 3.19084],
[1479, 4095, 1939, 2213, 2239, 314.6755, 336.2011, 246.3828, 12.56489, -9.587787, -2.519084, 186.6119, 144.5183, 350.5635, -3.503817, 2.251908, 4.21374],
[1425, 4095, 1965, 2309, 2199, 314.6561, 337.9266, 248.111, -0.6183206, 0.6946565, -0.6183206, 187.2122, 143.8488, 349.9742, -3.603053, 1.80916, 2.442748],
[1472, 4095, 2017, 2331, 2193, 318.018, 338.9161, 246.7558, -3.076336, 1.0, 1.305344, 187.3059, 144.1039, 349.7545, -3.854962, 2.068702, 1.19084],
[1469, 4095, 2015, 2244, 2215, 315.9934, 339.2499, 248.5318, -2.519084, 1.480916, 2.374046, 187.0078, 143.9826, 350.2043, -3.503817, 2.450382, 0.7557252],
[1516, 4095, 1998, 2258, 2243, 316.5793, 336.2212, 244.9772, -8.59542, 8.847328, 4.412214, 189.5441, 141.7651, 347.7578, 1.954198, 3.59542, 7.977099],
[1493, 4095, 1991, 2279, 2245, 314.6207, 340.7543, 250.94, -8.068703, -2.450382, -11.80153, 189.7266, 146.4351, 345.2941, -4.320611, -3.923664, 4.648855],
[1470, 4095, 1958, 2267, 2233, 317.3413, 341.5614, 250.0626, 1.206107, 14.77863, 3.343511, 187.5002, 144.9677, 349.1582, -2.725191, 4.755725, 2.923664],
[1475, 4095, 1980, 2312, 2265, 318.6857, 331.3372, 238.0583, 20.61069, 73.61833, -11.03053, 189.2306, 144.4799, 346.9657, -2.045802, 0.3664122, 1.526718],
[1493, 4095, 1875, 2311, 2294, 320.7814, 330.0061, 234.6637, 11.80916, 14.8626, -10.92366, 189.4237, 143.4564, 347.1731, -5.870229, -1.396947, 3.21374],
[1545, 4095, 2001, 2327, 2277, 320.5777, 331.5969, 236.5986, -10.29008, 1.770992, -2.473282, 188.1498, 145.9228, 347.8341, -0.5419847, 0.01526718, 3.954198],
[1483, 4095, 1997, 2279, 2304, 323.6898, 331.776, 233.7905, 4.671756, 0.8396947, -6.335878, 187.0783, 145.7405, 349.4599, -10.00763, 3.229008, 0.648855],
[1547, 4095, 1968, 2309, 2320, 325.4608, 333.7627, 234.3318, -0.8244275, 7.480916, -1.885496, 184.9406, 144.4875, 352.8992, -4.267176, 2.770992, 5.038168],
[1492, 4095, 2030, 2288, 2269, 322.2761, 331.8319, 235.2437, -8.877863, 3.732824, -2.40458, 185.632, 145.5023, 351.6322, -1.221374, 1.259542, 3.366412],
[1532, 4095, 1969, 2326, 2235, 323.7553, 331.7391, 233.6829, -8.320611, -0.6564885, 0.129771, 186.156, 144.3306, 351.2565, 0.02290076, 0.6564885, 0.9465649],
[1568, 4095, 2007, 2285, 2134, 322.0086, 331.1151, 234.6997, -10.80153, 5.526718, 3.664122, 186.8855, 144.6701, 350.1298, 2.267176, 0.6793893, 5.862596],
[1522, 4095, 2062, 2261, 2117, 323.297, 331.8134, 234.2239, 2.381679, 7.748092, 4.328244, 185.7039, 144.3031, 351.8897, -5.038168, 5.29771, 0.9923664],
[1541, 4095, 1983, 2319, 2131, 324.2244, 332.1333, 233.6656, -7.656488, -1.603053, -2.221374, 187.0927, 145.1398, 349.6673, -2.938931, -0.1374046, 3.778626],
[1543, 4095, 2019, 2321, 2162, 324.5565, 333.1926, 234.5666, 3.587786, 0.1374046, -0.9236641, 186.5687, 144.5612, 350.609, -7.679389, 1.221374, 1.969466],
[1600, 4095, 2064, 2247, 2181, 321.6222, 330.4489, 234.3359, -4.022901, 1.763359, -1.908397, 185.6091, 145.5325, 351.6561, -2.847328, 1.244275, 1.206107],
[1507, 4095, 1981, 2281, 2223, 324.3607, 332.9895, 234.5243, -2.40458, -0.2977099, 0.9694656, 185.6723, 144.8879, 351.7607, -2.320611, 0.778626, -0.4580153],
[1584, 4095, 2065, 2267, 2190, 322.4604, 332.6845, 236.0311, -1.59542, 1.694656, 1.824428, 188.4032, 144.8062, 347.9621, -6.259542, 0.6183206, -2.274809],
[1564, 4095, 1995, 2331, 2194, 323.8517, 333.0457, 235.0945, -6.770992, 3.664122, 2.206107, 186.9459, 145.9515, 349.5713, -1.78626, 1.290076, 0.5419847],
[1602, 4095, 2017, 2261, 2211, 324.8689, 332.5609, 233.5113, -7.534351, 0.832061, 0.09923664, 185.6836, 145.5499, 351.5431, 0.2824428, 0.8396947, 1.358779],
[1552, 4095, 2023, 2318, 2215, 323.3452, 333.7449, 236.4006, -0.480916, 6.007634, -1.679389, 186.3999, 146.3324, 350.2325, -2.251908, 1.946565, 2.061069],
[1604, 4095, 1984, 2352, 2194, 323.0001, 333.8318, 236.8318, 0.7633588, 4.183206, -0.1603053, 185.9677, 146.9828, 350.6505, -2.290076, 0.1755725, 3.984733],
[1570, 4095, 2002, 2335, 2229, 322.9391, 332.0204, 234.8119, -0.3206107, 4.435114, -0.9160305, 185.7419, 146.4681, 351.1649, -4.603054, 2.580153, 3.40458],
[1548, 4095, 2065, 2283, 2241, 322.6373, 332.667, 235.8412, -7.229008, 3.587786, 1.312977, 186.5444, 145.0774, 350.4663, -2.015267, 1.526718, 0.8244275],
[1584, 4095, 2027, 2275, 2261, 323.3433, 332.2138, 234.6356, -1.564886, 2.656489, 0.3969466, 186.2033, 145.3612, 350.8558, 0.4503817, 2.900763, 4.366412],
[1573, 4095, 2005, 2283, 2215, 322.0654, 332.712, 236.4391, -9.656488, 5.671756, -2.244275, 188.2195, 145.0897, 348.0971, 1.267176, 1.648855, 6.19084],
[1643, 4095, 2085, 2279, 2231, 323.6035, 333.0463, 235.3389, 1.694656, 1.473282, -1.366412, 187.514, 146.6715, 348.443, -5.694656, 2.068702, 3.236641],
[1579, 4095, 2019, 2315, 2221, 322.094, 332.0379, 235.6512, -9.511451, 3.007634, -1.625954, 188.1058, 145.5161, 348.0749, -0.6946565, 0.1984733, 3.29771],
[1552, 4095, 2019, 2291, 2239, 322.9659, 332.5745, 235.4177, -5.984733, 2.725191, 1.954198, 186.6909, 146.6637, 349.676, 0.2366412, 4.259542, 4.442748],
[1567, 4095, 2095, 2291, 2273, 322.4864, 332.537, 235.8384, 3.015267, 0.1145038, 0.2824428, 187.1886, 145.4593, 349.4093, -3.343511, 0.8396947, 3.290076],
[1584, 4095, 2034, 2293, 2271, 321.8428, 331.374, 235.1491, -3.801527, 5.114504, -0.4274809, 189.2984, 145.5908, 346.3418, -1.908397, 2.282443, 3.229008],
[1600, 4095, 2011, 2279, 2245, 320.5386, 328.9244, 233.7252, -4.770992, 4.78626, 1.374046, 188.7444, 145.4143, 347.2119, -2.366412, 3.244275, 4.442748],
[1578, 4095, 1975, 2314, 2267, 321.3429, 331.3983, 235.6559, -3.549618, 2.129771, 0.05343511, 188.5892, 145.5545, 347.3684, -3.19084, 0.9465649, 3.229008],
[1599, 4095, 2047, 2291, 2290, 324.9897, 331.1524, 231.7525, -6.687023, 0.4580153, -0.5725191, 188.5268, 144.8802, 347.7577, -0.5038168, 2.091603, 2.030534],
[1583, 4095, 2070, 2315, 2295, 321.31, 330.2703, 234.4424, 1.030534, 2.89313, -0.08396947, 189.349, 145.1265, 346.4962, -3.755725, 2.167939, 2.175573],
[1600, 4095, 2074, 2262, 2219, 320.8842, 330.1836, 234.7585, -0.3664122, 1.221374, -2.450382, 189.7886, 145.3797, 345.754, -2.679389, 0.5038168, 2.656489],
[1589, 4095, 2055, 2314, 2119, 321.5437, 330.6881, 234.6764, 0.03816794, 7.160306, 1.549618, 189.1693, 145.0535, 346.7822, -3.89313, 2.969466, 2.320611],
[1554, 4095, 2064, 2295, 2179, 322.2585, 330.2638, 233.5071, -2.259542, 2.80916, 0.04580153, 190.4121, 144.9067, 345.1298, -3.793893, 1.610687, 1.70229],
[1597, 4095, 2041, 2315, 2187, 322.6744, 330.2389, 233.0669, -3.374046, 1.687023, -1.068702, 189.7224, 144.8553, 346.109, -3.633588, 0.961832, 2.206107],
[1505, 4095, 1854, 2109, 1774, 345.1352, 340.7915, 217.2004, -7.389313, 3.954198, -1.740458, 190.4532, 145.0851, 344.9787, -0.2137404, 2.946565, 2.435115],
[1534, 4095, 1918, 2115, 1792, 344.4079, 341.3812, 219.5421, -2.587786, 2.366412, 2.061069, 190.5704, 145.1088, 344.8034, -4.870229, 1.534351, 1.083969],
[1575, 4095, 1907, 2137, 1781, 344.0275, 340.0831, 218.2114, -2.335878, 1.78626, 2.572519, 190.3718, 144.7017, 345.2924, -3.687023, 1.40458, 1.229008],
[1521, 4095, 1885, 2115, 1830, 343.292, 340.8691, 220.7824, -3.89313, 3.946565, -0.5877862, 190.5681, 145.1347, 344.7925, -0.8549618, 1.526718, 1.824428],
[1527, 4095, 1859, 2154, 1792, 344.5791, 339.7349, 216.6621, -2.259542, 4.358778, -0.2519084, 190.0955, 144.8121, 345.6154, -3.091603, 2.70229, 2.48855],
[1567, 4095, 1925, 2138, 1824, 345.1906, 340.3897, 216.475, -2.458015, 1.862595, 0.007633588, 190.7609, 144.3915, 344.9247, -5.08397, 1.274809, 1.503817],
[1578, 4095, 1843, 2099, 1808, 345.9262, 340.9576, 215.8859, 2.114504, 0.6717557, 1.748092, 190.8854, 144.7479, 344.5641, -5.549618, -0.1145038, 0.3129771],
[1552, 4095, 1870, 2151, 1817, 345.4806, 339.8923, 215.1688, -1.832061, 3.587786, -0.7557252, 189.5636, 144.8452, 346.3337, -2.862595, 1.641221, 2.358779],
[1497, 4095, 1898, 2145, 1842, 344.4399, 340.157, 217.5561, -5.442748, 1.122137, 1.122137, 189.3143, 145.323, 346.4499, 0.01526718, 1.312977, 2.206107],
[1563, 4095, 1844, 2149, 1845, 344.9955, 339.288, 215.2269, -4.877862, 2.549618, -1.076336, 191.9231, 144.7085, 343.1716, -2.465649, 0.02290076, 3.145038],
[1543, 4095, 1951, 2147, 1806, 345.2928, 340.5085, 216.4562, -0.832061, 2.312977, 0.3206107, 190.2336, 145.4777, 345.0767, -4.793893, 2.030534, 2.969466],
[1541, 4095, 1873, 2162, 1830, 344.0276, 339.3099, 217.0585, -4.671756, 2.374046, 0.5648855, 190.4189, 145.1483, 344.9928, -0.6641222, 1.435114, 0.1755725],
[1552, 4095, 1904, 2174, 1835, 343.8255, 339.6749, 217.9661, -4.633588, 3.832061, 1.687023, 191.3338, 145.2628, 343.6585, -1.465649, 1.259542, 1.465649],
[1578, 4095, 1933, 2177, 1835, 343.7468, 338.4887, 216.3895, -4.305344, 1.343511, -0.9541985, 191.6612, 145.4449, 343.097, -4.091603, 1.664122, 2.709924],
[1565, 4095, 1872, 2149, 1839, 344.1511, 339.3039, 216.8236, -2.625954, 4.954198, -0.4122138, 190.4609, 144.5191, 345.2653, -3.221374, 2.519084, 2.152672],
[1591, 4095, 1893, 2133, 1859, 343.6568, 339.1731, 217.5305, 0.4122138, -0.9770992, -3.236641, 191.2494, 145.5821, 343.5917, -7.557252, 0.3206107, 2.114504],
[1586, 4095, 1914, 2224, 1813, 344.567, 338.8773, 215.4457, -3.19084, 3.664122, 0.1526718, 190.6739, 144.6961, 344.8814, -1.954198, 3.015267, 1.259542],
[1583, 4095, 1885, 2179, 1838, 343.9238, 339.4925, 217.5159, -2.984733, 1.396947, -0.3435115, 190.9756, 145.1961, 344.1932, -3.251908, 0.4961832, 2.480916],
[1587, 4095, 1938, 2207, 1868, 344.2687, 338.8201, 215.9138, -3.137405, 1.274809, 0.8625955, 189.5857, 145.1169, 346.17, -2.687023, 1.442748, 3.083969],
[1582, 4095, 1962, 2128, 1866, 343.8568, 338.9008, 216.7768, -3.564885, 3.503817, -1.076336, 191.3221, 145.6477, 343.4516, -3.122137, 1.21374, 3.725191],
[1590, 4095, 1951, 2158, 1871, 342.7339, 339.9297, 220.2996, -1.618321, 2.351145, -1.778626, 192.557, 145.538, 341.7955, -5.496183, 1.061069, 2.083969],
[1579, 4095, 1926, 2199, 1857, 343.9161, 338.6281, 216.2823, -5.51145, 3.824427, -0.4961832, 190.0896, 144.3899, 345.8364, -0.9083969, 2.221374, 3.633588],
[1584, 4095, 1915, 2223, 1843, 343.4237, 339.0069, 217.7052, -2.885496, -0.351145, 1.389313, 191.5125, 145.2556, 343.4149, -3.450382, 1.534351, -0.8244275],
[1569, 4095, 1909, 2155, 1823, 341.8905, 339.1805, 220.6098, -2.885496, 2.824427, -1.0, 190.8548, 144.833, 344.5599, -3.770992, 1.290076, 2.526718],
[1610, 4095, 1911, 2235, 1876, 343.154, 338.862, 217.9717, -4.022901, 0.9923664, -0.9389313, 191.7623, 144.8713, 343.2954, -2.870229, 1.496183, 2.618321],
[1604, 4095, 1915, 2231, 1872, 341.2286, 338.689, 220.978, -6.061069, -0.8854962, 0.9160305, 192.3308, 145.2754, 342.2726, -0.8778625, 1.160305, 2.664122],
[1580, 4095, 1979, 2207, 1885, 343.7251, 339.1767, 217.4129, -7.824428, 3.030534, -0.06870229, 191.3377, 145.3011, 343.6311, 1.435114, 1.267176, 4.076336],
[1603, 4095, 1950, 2179, 1840, 342.6207, 338.832, 218.8551, -3.305344, 0.3053435, 0.3664122, 193.027, 144.975, 341.5092, -0.9236641, 1.78626, 2.961832],
[1606, 4095, 1970, 2195, 1846, 339.6578, 337.6804, 222.003, -6.366412, 0.5725191, -0.870229, 192.9634, 145.2171, 341.4408, -0.610687, 1.351145, 0.8473283],
[1592, 4095, 1955, 2223, 1908, 341.8894, 339.5327, 221.1416, 0.6259542, 2.412214, -1.351145, 192.3066, 145.6753, 342.057, -6.091603, 0.7022901, 2.152672],
[1578, 4095, 1907, 2167, 1872, 343.2075, 339.188, 218.3528, -5.076336, 1.358779, 0.259542, 192.3248, 145.8937, 341.8936, -1.229008, 2.022901, 2.694656],
[1574, 4095, 2014, 2194, 1893, 341.278, 338.7847, 221.0378, -1.366412, 3.503817, -0.3435115, 192.9875, 145.9281, 340.9431, -4.847328, 1.641221, 1.572519],
[1568, 4095, 1991, 2170, 1874, 342.0013, 338.8208, 219.8919, -1.541985, 1.145038, -0.1679389, 192.2429, 145.8859, 342.0135, -5.48855, 1.114504, 0.7099237],
[1601, 4095, 1918, 2214, 1878, 341.2667, 338.4342, 220.5442, -3.801527, -1.541985, 0.3053435, 190.7657, 146.6156, 343.6804, -3.923664, 0.1755725, 3.259542],
[1602, 4095, 1971, 2227, 1873, 343.11, 340.1296, 219.9447, -1.251908, 2.480916, -1.59542, 191.9394, 146.1146, 342.2983, -3.557252, 1.198473, 2.206107],
[1606, 4095, 1936, 2154, 1894, 341.7626, 338.1701, 219.35, -7.465649, 4.21374, 2.610687, 192.3353, 145.6064, 342.0603, 0.2824428, 3.801527, 3.351145],
[1577, 4095, 1917, 2231, 1881, 343.5662, 338.857, 217.2351, -3.572519, 2.366412, 0.740458, 192.0661, 146.7038, 341.7425, -3.885496, 0.0, 1.259542],
[1584, 4095, 1937, 2189, 1878, 339.4536, 338.7095, 223.8071, -1.320611, 2.305344, 1.129771, 191.279, 146.1504, 343.2159, -1.503817, 3.206107, 1.465649],
[1616, 4095, 1970, 2225, 1863, 343.6161, 339.4192, 217.9651, -6.793893, 5.557252, 0.8549618, 191.2552, 145.8396, 343.4335, 0.3664122, 3.351145, 2.10687],
[1626, 4095, 1904, 2269, 1877, 342.6, 338.6806, 218.6711, -0.5954198, 3.748092, -0.6946565, 192.9527, 144.9962, 341.5966, -6.21374, 1.885496, 0.9312977],
[1596, 4095, 1923, 2215, 1885, 343.285, 338.4326, 217.1278, -4.244275, 2.053435, -1.549618, 191.956, 144.9907, 342.9601, -1.236641, 1.580153, 2.381679],
[1678, 4095, 1958, 2271, 1885, 343.5087, 338.6628, 217.0595, -5.152672, -2.068702, 0.1221374, 190.0585, 145.5814, 345.269, -3.664122, 1.274809, 3.267176],
[1595, 4095, 1935, 2237, 1904, 341.3391, 338.8374, 221.0154, -3.465649, 1.038168, 0.9541985, 189.9572, 145.1059, 345.6574, -1.038168, 1.396947, 2.129771],
[1600, 4095, 1936, 2215, 1915, 342.2203, 339.1678, 220.0339, -3.122137, 2.236641, 0.6641222, 192.4179, 145.7157, 341.8762, -2.748092, 1.343511, 2.045802],
[1600, 4095, 1920, 2192, 1836, 340.7488, 338.2531, 221.1178, -3.671756, 5.80916, 0.8625955, 192.7302, 145.5669, 341.5371, -0.1526718, 3.206107, 2.343511],
[1626, 4095, 1995, 2205, 1901, 343.0045, 338.7343, 218.0488, -8.152672, 6.938931, -4.21374, 194.7328, 144.3152, 339.6673, 2.717557, 5.21374, 6.557252],
[1610, 4095, 1967, 2273, 1893, 340.6345, 337.8711, 220.7524, -8.053435, 1.29771, 0.1755725, 193.1029, 144.7055, 341.5781, 0.832061, 1.694656, 5.167939],
[1598, 4095, 1987, 2237, 1889, 343.3796, 338.1802, 216.6081, 0.8778625, 2.885496, -1.122137, 194.8987, 143.9419, 339.706, -2.938931, 1.946565, 0.9770992],
[1509, 4095, 1911, 2251, 1975, 332.7233, 339.5311, 234.043, -4.877862, 6.274809, 0.5038168, 186.4357, 148.828, 349.2138, -2.099237, 1.328244, 2.480916],
[1491, 4095, 1963, 2178, 1971, 335.1482, 341.8544, 234.666, -5.70229, 2.748092, 0.9389313, 185.1096, 149.2271, 351.2392, -2.656489, 0.1908397, 2.572519],
[1521, 4095, 1902, 2223, 2239, 332.1654, 339.387, 234.4801, -6.091603, 3.21374, 2.10687, 185.3272, 148.78, 351.0346, 1.587786, 2.450382, 1.78626],
[1558, 4095, 1933, 2215, 2000, 332.5305, 339.5504, 234.2954, -5.183206, 3.725191, 2.045802, 185.9357, 148.7254, 350.0654, -2.916031, -0.4656488, 1.839695],
[1486, 4095, 1917, 2278, 1943, 331.9604, 339.2699, 234.5465, -2.534351, 0.6030535, -0.5343512, 184.8586, 147.8267, 352.0933, -1.854962, 2.022901, 2.961832],
[1520, 4095, 1903, 2233, 2000, 332.5909, 338.8603, 233.2317, -4.351145, 6.396946, 1.687023, 185.4295, 148.9847, 350.7955, -3.282443, 1.633588, 3.923664],
[1502, 4095, 1958, 2215, 2032, 336.3933, 340.3412, 230.6759, -3.290076, 7.343512, 3.053435, 185.5507, 147.6592, 351.0606, -3.091603, 2.534351, 2.068702],
[1502, 4095, 1933, 2224, 2005, 332.578, 337.771, 231.7114, -5.793893, 2.580153, 2.229008, 185.245, 148.3676, 351.3073, -0.08396947, 3.519084, 0.3206107],
[1474, 4095, 1927, 2243, 1971, 333.0726, 338.0552, 231.516, -0.5496183, 2.343511, 2.015267, 186.2084, 147.7233, 350.0114, -3.450382, 2.076336, 1.083969],
[1504, 4095, 1947, 2195, 2021, 332.9791, 337.9421, 231.4699, -0.3816794, 1.091603, -2.59542, 186.9729, 147.4611, 348.9308, -3.641221, 2.068702, 2.076336],
[1477, 4095, 1936, 2289, 1959, 332.0845, 337.5378, 231.9723, -1.473282, 3.763359, -1.78626, 187.1703, 148.2239, 348.297, -3.580153, 1.961832, 3.061069],
[1520, 4095, 1911, 2287, 1970, 332.3992, 338.817, 233.3943, 0.8778625, -2.305344, -1.740458, 187.1713, 148.0162, 348.3866, -2.870229, 1.717557, 2.129771],
[1499, 4095, 1946, 2223, 2039, 334.2459, 339.0136, 231.4505, -2.198473, 2.778626, 2.038168, 187.9209, 148.4167, 347.0214, -2.564885, 2.480916, 1.946565],
[1509, 4095, 1961, 2215, 1983, 331.7134, 337.6612, 232.5747, -2.091603, 0.8778625, -0.2366412, 187.4642, 148.0608, 347.908, -2.954198, 0.6030535, 1.564886],
[1488, 4095, 1947, 2255, 2011, 332.3786, 337.9333, 232.174, -0.870229, 1.633588, -2.21374, 187.3749, 148.3045, 347.9377, -4.152672, 1.572519, 2.221374],
[1526, 4095, 1946, 2259, 2021, 331.9109, 336.9221, 231.3353, -4.061069, 3.694656, -0.2824428, 186.6338, 147.7204, 349.3499, -3.030534, 1.839695, 1.603053],
[1505, 4095, 1972, 2283, 2018, 331.3551, 337.5526, 232.8384, -2.961832, 0.7328244, -0.129771, 186.9091, 147.7702, 348.9012, -0.5267176, 1.832061, 1.427481],
[1518, 4095, 1955, 2231, 2000, 332.0369, 337.8719, 232.4897, -1.557252, 6.343512, -0.2748091, 188.8968, 147.388, 346.0281, 0.007633588, 2.80916, 1.022901],
[1487, 4095, 1936, 2235, 2042, 333.6589, 336.9842, 229.3055, -3.694656, 3.10687, -3.099237, 186.0338, 147.7656, 350.2683, -3.129771, -0.7938931, 2.870229],
[1508, 4095, 1946, 2254, 2005, 331.6964, 337.1482, 231.8931, -1.48855, 3.328244, -0.610687, 187.5867, 148.0002, 347.744, -4.770992, 0.870229, 1.503817],
[1509, 4095, 1989, 2279, 2022, 332.7044, 337.9352, 231.7899, -6.099236, 0.3587786, 0.5114504, 187.6602, 148.4443, 347.4208, -0.7251908, 2.129771, 3.267176],
[1520, 4095, 1942, 2277, 2029, 331.6227, 336.5067, 231.1138, -0.3206107, 4.40458, -3.122137, 189.7488, 147.1357, 344.8822, -4.900764, 2.450382, 1.366412],
[1510, 4095, 1980, 2256, 2047, 334.3165, 338.9787, 231.3114, -3.48855, 3.625954, -3.648855, 188.0532, 147.7421, 347.1413, -2.328244, 2.366412, 1.19084],
[1554, 4095, 1985, 2299, 2018, 332.8588, 337.4251, 230.8949, -1.412214, -2.679389, -1.80916, 188.356, 147.8265, 346.633, -2.549618, 1.435114, 1.984733],
[1525, 4095, 1994, 2303, 2007, 331.3223, 337.5671, 232.8958, -4.839694, 0.7938931, 3.458015, 188.1579, 146.943, 347.3594, -1.175573, 0.1755725, 1.725191],
[1517, 4095, 1983, 2255, 2038, 334.2262, 341.1963, 234.7572, -12.20611, -1.671756, 6.358778, 189.7589, 148.8744, 343.8657, 3.412214, 0.2748091, 0.9770992],
[1520, 4095, 1970, 2241, 2023, 334.4715, 340.158, 232.8696, -6.175572, 7.122138, 1.282443, 188.5848, 148.4938, 345.9341, 0.1450382, 2.381679, 5.312977],
[1493, 4095, 2005, 2213, 1955, 331.4925, 337.3871, 232.4546, -9.671756, 14.25954, 4.328244, 189.5357, 147.3899, 345.0622, 3.839695, 1.80916, 0.7328244],
[1548, 4095, 2001, 2267, 1952, 332.0587, 337.1135, 231.4214, -5.549618, 2.564885, -1.335878, 188.4529, 148.5594, 346.1079, -1.89313, 1.358779, 2.312977],
[1535, 4095, 1998, 2276, 2003, 330.142, 335.7998, 231.8797, -1.40458, 1.587786, 3.984733, 188.8654, 147.7631, 345.8815, -1.603053, 2.320611, 1.793893],
[1552, 4095, 2019, 2262, 1991, 331.6205, 337.5116, 232.4769, -0.9923664, 3.206107, -3.70229, 188.2049, 147.4254, 347.0605, -3.427481, 3.938931, 0.4732824],
[1557, 4095, 1993, 2257, 2003, 331.7885, 337.6168, 232.4266, -2.083969, -1.633588, -0.2442748, 189.8107, 147.7347, 344.4533, -5.427481, -0.7557252, 0.0],
[1514, 4095, 1984, 2270, 2002, 332.3081, 336.7228, 230.595, -5.022901, 1.549618, 2.061069, 189.4393, 147.4799, 345.1586, -0.7175572, 1.816794, 1.221374],
[1530, 4095, 1990, 2306, 1934, 332.0656, 337.2456, 231.5937, -0.1832061, -5.526718, -1.618321, 188.48, 148.1014, 346.3022, -2.70229, -0.9389313, 2.40458],
[1516, 4095, 1987, 2259, 2000, 332.9014, 336.9192, 230.1479, -6.59542, 7.442748, 1.564886, 190.4535, 148.4391, 343.0467, 1.137405, 2.946565, 2.335878],
[1552, 4095, 1978, 2297, 2006, 330.8723, 335.8752, 231.1474, -7.175572, 9.862596, -0.8854962, 192.5782, 147.7441, 340.2922, -3.824427, 1.755725, 5.389313],
[1541, 4095, 2000, 2241, 2037, 330.0674, 335.7585, 231.9099, -4.366412, 7.755725, -0.2137404, 191.3648, 149.0804, 341.2075, -0.259542, 4.312977, 1.938931],
[1584, 4095, 2035, 2253, 2025, 329.2882, 335.8873, 232.9413, -0.7480916, -3.885496, 3.648855, 188.7998, 149.4536, 345.0645, -5.748092, 2.465649, 5.022901],
[1542, 4095, 2003, 2265, 2019, 330.6489, 335.6796, 231.1478, -3.916031, 6.89313, -1.80916, 187.3304, 148.2936, 348.0129, -1.045802, 2.732824, 4.061069],
[1541, 4095, 2030, 2224, 2030, 332.3927, 337.6902, 231.8194, -1.427481, 8.221375, -0.03053435, 196.619, 147.8465, 334.3559, -5.793893, 0.7328244, 0.6259542],
[1533, 4095, 2100, 2323, 1988, 333.7324, 337.5849, 230.0475, -0.870229, -3.236641, 1.366412, 191.1327, 148.6598, 341.8535, -2.030534, 1.267176, 1.526718],
[1541, 4095, 1983, 2267, 2043, 330.8588, 335.8737, 231.1609, -8.931297, 5.961832, 6.427481, 192.4947, 147.6845, 340.4576, 3.923664, -0.129771, 1.358779],
[1534, 4095, 2018, 2330, 1983, 327.3823, 335.4304, 234.3969, 0.5496183, -1.022901, -7.78626, 193.1668, 147.9413, 339.2792, -9.496183, -2.175573, 1.0],
[1574, 4095, 2035, 2241, 2011, 329.73, 336.3478, 233.0542, -2.21374, 0.4580153, 1.458015, 191.8805, 148.8938, 340.5363, -6.564886, 3.496183, 2.641221],
[1568, 4095, 2022, 2273, 2032, 329.8897, 335.9226, 232.3221, -2.824427, 0.08396947, -0.4885496, 193.1642, 148.3576, 338.9741, -3.854962, 1.198473, 1.114504],
[1574, 4095, 2047, 2305, 2041, 328.7098, 334.2402, 231.4868, -1.938931, 4.694656, -1.694656, 193.0987, 148.5005, 338.9652, -2.824427, 2.129771, 3.068702],
[1575, 4095, 2030, 2299, 2023, 329.5331, 334.5973, 231.0219, -3.89313, 3.458015, 0.3587786, 193.1252, 147.873, 339.3907, -4.259542, 1.083969, 2.78626],
[1523, 4095, 2028, 2311, 2000, 331.1366, 335.9342, 230.9198, -4.175572, 0.9465649, -0.0610687, 193.1498, 147.6776, 339.4967, -2.671756, -0.4503817, 0.8854962],
[1600, 4095, 1959, 2129, 1910, 338.8189, 337.7349, 223.3457, -2.954198, 2.954198, -1.038168, 184.4949, 150.2433, 351.9456, -4.183206, -0.2824428, 2.816794],
[1645, 4095, 1927, 2160, 1905, 339.3931, 339.7982, 225.5468, -6.519084, 1.763359, 1.045802, 183.8623, 149.6824, 353.1959, -0.4656488, -0.2519084, 3.251908],
[1605, 4095, 1914, 2150, 1942, 337.5118, 338.8138, 226.8145, -2.954198, 2.503817, -2.114504, 184.2085, 149.7919, 352.5758, -1.870229, 1.748092, 2.183206],
[1630, 4095, 1895, 2107, 1952, 337.5179, 339.1762, 227.3472, -1.839695, -0.8244275, 0.8396947, 186.195, 149.3507, 349.3929, -2.824427, 2.091603, 1.78626],
[1616, 4095, 1945, 2095, 1933, 337.9116, 338.1105, 225.2125, -6.183206, 5.312977, 0.7633588, 186.2726, 148.6799, 349.5381, -0.7099237, 2.335878, 3.366412],
[1600, 4095, 1954, 2128, 1972, 339.2016, 338.6139, 224.0479, -3.152672, 3.389313, 0.2519084, 185.4183, 149.1873, 350.7415, -1.389313, 2.473282, 2.694656],
[1643, 4095, 1919, 2170, 1920, 337.6009, 337.7896, 225.1946, -4.312977, -2.51145, 2.328244, 186.2993, 148.4624, 349.5818, -3.862595, 0.778626, 0.8549618],
[1614, 4095, 1902, 2183, 1967, 337.9755, 338.3203, 225.4256, -1.160305, 3.450382, -1.083969, 186.3181, 148.6381, 349.4815, -4.335878, 2.954198, 1.419847],
[1631, 4095, 1929, 2195, 1931, 338.5857, 338.7691, 225.1968, -0.7175572, 2.763359, 0.3664122, 184.7656, 149.0466, 351.8678, -3.854962, 2.610687, 2.725191],
[1621, 4095, 1971, 2137, 1941, 338.9074, 337.4819, 222.8547, 2.122137, 4.694656, -2.236641, 185.7963, 148.4396, 350.3972, -5.526718, 2.51145, 1.656489],
[1625, 4095, 1951, 2107, 1954, 337.0887, 337.0188, 224.8276, -5.938931, 3.908397, -0.519084, 186.2213, 148.1424, 349.8314, -0.5114504, 1.572519, 2.412214],
[1617, 4095, 1947, 2165, 1936, 339.0691, 337.1064, 222.0869, -0.4122138, -4.030534, -0.7633588, 185.4848, 148.5424, 350.8615, -5.763359, 1.21374, -0.5572519],
[1629, 4095, 1967, 2127, 1923, 335.9785, 336.4179, 225.5214, -7.21374, 14.70992, 3.038168, 190.4023, 146.5908, 344.2238, -3.419847, -0.3435115, 3.29771],
[1619, 4095, 1959, 2160, 1952, 332.8145, 339.3995, 233.7451, -4.580153, 1.251908, 0.3969466, 179.1062, 151.6089, 1.422929, -6.740458, -1.725191, 4.137404],
[1595, 4095, 1983, 2182, 1942, 342.1365, 337.2485, 217.448, -4.114504, 8.198473, -4.70229, 181.5573, 147.7091, 357.3406, 3.679389, 5.946565, 4.534351],
[1614, 4095, 1957, 2160, 1949, 338.2704, 337.5168, 223.8423, -10.64122, 6.870229, -1.877863, 184.9055, 147.9931, 351.9686, 4.664122, 2.580153, 4.694656],
[1602, 4095, 1977, 2195, 1963, 339.0987, 336.5548, 221.2833, 0.3969466, 1.977099, -0.2824428, 185.5514, 147.2184, 351.2068, -4.984733, 2.931298, 2.435115],
[1585, 4095, 1967, 2167, 1966, 338.4094, 336.9831, 222.8904, -2.145038, 5.78626, -1.70229, 186.0515, 147.7361, 350.2514, -4.137404, 3.519084, 3.442748],
[1569, 4095, 1935, 2161, 1957, 338.7585, 337.0291, 222.4413, -3.770992, 2.992366, 0.1526718, 187.6969, 146.9771, 348.0364, -0.9236641, 2.832061, 2.175573],
[1567, 4095, 1993, 2175, 1939, 338.2401, 337.601, 224.0057, 2.717557, 4.770992, 0.4122138, 188.6357, 147.0324, 346.6006, -6.801527, 1.534351, -2.007634],
[1610, 4095, 1950, 2175, 1943, 344.0663, 336.9985, 213.8163, -2.549618, 4.801527, 0.4351145, 191.0791, 143.9212, 344.7467, -7.748092, -4.435114, -1.938931],
[1589, 4095, 1957, 2161, 2022, 332.0181, 345.3279, 243.7356, -9.480916, -3.10687, 13.17557, 177.9649, 156.398, 4.397559, 0.05343511, 2.236641, 6.396946],
[1609, 4095, 1968, 2206, 1983, 349.2358, 337.4526, 204.4624, -3.832061, 17.64122, -0.09923664, 189.4421, 143.8747, 346.9582, -5.648855, 6.022901, 2.083969],
[1610, 4095, 1971, 2217, 1966, 334.0024, 337.2527, 229.247, -10.36641, 7.854962, 5.030534, 186.224, 148.5286, 349.6764, 1.763359, -1.519084, 2.175573],
[1568, 4095, 2001, 2257, 1958, 342.0879, 339.348, 220.5276, 3.259542, 3.954198, 3.137405, 185.3607, 150.1341, 350.4911, -11.07634, 3.824427, 1.717557],
[1563, 4095, 2029, 2238, 1999, 337.5382, 337.3802, 224.7016, -7.839694, 9.351145, -5.870229, 183.9, 148.0506, 353.5528, 2.351145, 3.320611, 3.167939],
[1569, 4095, 1979, 2190, 2005, 337.5392, 336.86, 223.9726, -5.885496, 4.557252, -3.183206, 187.7293, 147.1699, 347.9016, 0.8625955, 3.419847, 5.091603],
[1559, 4095, 1966, 2203, 1979, 338.1758, 337.2329, 223.5793, -1.282443, 2.366412, -0.5725191, 187.4549, 147.9677, 347.9646, -4.267176, 1.381679, 2.687023],
[1568, 4095, 1998, 2228, 1955, 335.5659, 336.3837, 226.0272, -2.885496, 1.862595, -0.1908397, 188.1902, 147.2793, 347.1526, -0.4656488, 2.175573, 3.70229],
[1577, 4095, 1979, 2199, 2026, 336.8089, 336.2829, 224.2036, -4.755725, 7.70229, 3.358779, 188.5783, 146.9519, 346.7258, -2.068702, 1.259542, 2.21374],
[1582, 4095, 1977, 2239, 1973, 337.0161, 335.5282, 222.9025, -6.641222, 3.870229, 1.40458, 188.8373, 147.0532, 346.288, -0.04580153, 1.671756, 2.312977],
[1552, 4095, 1989, 2211, 1981, 337.1518, 336.4773, 223.9914, -5.770992, 0.1145038, -1.755725, 188.4269, 147.257, 346.8048, -1.557252, 1.328244, 2.435115],
[1582, 4095, 1987, 2239, 1985, 337.3471, 335.796, 222.7961, -1.793893, 2.961832, -0.259542, 188.8015, 146.6024, 346.5652, -4.305344, 1.961832, 1.045802],
[1614, 4095, 2020, 2231, 1966, 337.0991, 336.5878, 224.2167, -2.480916, 1.503817, 0.7938931, 189.3469, 146.6395, 345.7428, -4.114504, 0.389313, 0.7633588],
[1578, 4095, 1995, 2207, 2030, 336.3442, 334.5632, 222.5657, -5.59542, 1.648855, 1.129771, 188.2915, 146.1123, 347.5436, -0.09923664, 2.022901, 2.633588],
[1575, 4095, 2007, 2201, 1990, 336.8854, 335.8289, 223.4846, -4.938931, 1.931298, -0.007633588, 189.0839, 145.7821, 346.5544, -1.946565, 2.198473, 1.80916],
[1590, 4095, 2025, 2209, 2000, 336.3565, 334.9115, 222.9998, -1.564886, 1.908397, -0.961832, 188.8859, 146.2184, 346.6288, -4.885496, 3.244275, 3.366412],
[1588, 4095, 1983, 2212, 1994, 337.4404, 335.0593, 221.6932, -3.19084, 4.755725, -1.992366, 187.5201, 145.6087, 348.875, -5.732824, 0.05343511, 2.992366],
[1605, 4095, 1991, 2224, 1977, 336.0714, 334.3342, 222.641, 0.7938931, 2.89313, -2.618321, 189.5163, 144.997, 346.3256, -3.687023, 3.847328, 2.0],
[1577, 4095, 1997, 2259, 1991, 337.1838, 335.6779, 222.8676, -3.48855, -0.648855, 0.6946565, 188.7016, 146.2576, 346.8784, -2.267176, 1.175573, 1.946565],
[1605, 4095, 1997, 2268, 2025, 337.7588, 335.2723, 221.5215, -4.503817, 0.4885496, -0.1374046, 189.21, 146.0887, 346.2224, -3.175573, 0.9389313, 1.396947],
[1530, 4095, 1981, 2228, 1983, 335.9789, 335.0822, 223.7339, -4.610687, 3.572519, 0.7557252, 188.3979, 146.0339, 347.4246, 1.114504, 1.305344, 0.961832],
[1500, 4095, 1966, 2243, 1994, 336.931, 335.0013, 222.3282, -3.267176, 3.114504, 2.366412, 189.4556, 145.8667, 345.9802, -2.847328, 2.343511, -0.2366412],
[1584, 4095, 2001, 2185, 2018, 337.5412, 335.1375, 221.6532, 0.8854962, 5.19084, 0.5801527, 189.3073, 144.7254, 346.7454, -6.290076, 2.534351, 1.045802],
[1585, 4095, 2039, 2207, 1979, 339.6769, 334.6276, 217.8982, -4.862596, -0.3053435, -1.412214, 188.7376, 145.9865, 346.9548, -4.160306, 1.946565, 3.0],
[1571, 4095, 1989, 2230, 1999, 335.2196, 334.7529, 224.3151, -2.671756, 1.389313, -0.0610687, 188.538, 145.4434, 347.4916, 0.7099237, 1.145038, 1.732824],
[1593, 4095, 2025, 2256, 2026, 338.3639, 335.1497, 220.4946, -3.801527, 2.687023, 1.824428, 189.8396, 145.6964, 345.5193, -1.717557, 2.343511, 2.435115],
[1611, 4095, 2032, 2219, 2021, 337.3109, 334.792, 221.5282, -3.312977, 2.320611, -1.030534, 189.8672, 145.621, 345.5192, -3.068702, 0.519084, 3.572519],
[1513, 4095, 1723, 1936, 1808, 350.7761, 345.9538, 212.8499, -11.66412, 3.282443, 3.51145, 183.4065, 144.6831, 355.0083, -1.725191, 2.824427, 2.725191],
[1519, 4095, 1667, 1966, 1860, 350.4513, 348.7706, 220.1707, 3.564885, -9.312977, -0.06870229, 182.6176, 145.855, 355.952, -7.793893, -4.938931, 2.732824],
[1495, 4095, 1716, 1982, 1785, 351.1259, 351.017, 224.5674, 5.412214, 5.778626, 3.610687, 182.6337, 146.4225, 355.8418, -3.083969, 2.503817, -0.7022901],
[1511, 4095, 1693, 1945, 1847, 350.1123, 348.0062, 219.2615, -5.160306, 6.282443, 0.8625955, 183.8054, 145.6474, 354.2464, 1.0, 2.015267, 3.198473],
[1517, 4095, 1497, 1957, 1843, 350.3632, 346.7854, 215.7472, -3.396947, 1.870229, -2.732824, 185.9188, 145.562, 351.1994, -1.007634, 2.038168, 3.549618],
[1504, 4095, 1679, 1963, 1831, 350.4325, 348.3409, 219.135, -1.396947, 3.480916, -0.3129771, 183.4738, 145.9471, 354.6721, -3.59542, 1.335878, 3.122137],
[1520, 4095, 1691, 2000, 1905, 350.4802, 347.6019, 217.2204, -2.541985, 3.328244, -1.412214, 185.2695, 146.4704, 351.8706, -1.480916, 1.618321, 3.694656],
[1515, 4095, 1766, 1955, 1871, 349.9093, 347.2008, 217.961, -2.908397, 2.961832, -2.328244, 185.4582, 145.4976, 351.8846, -1.519084, 3.503817, 0.9083969],
[1518, 4095, 1745, 2035, 1859, 349.7536, 347.9043, 220.0458, 0.0, 3.0, 0.2824428, 185.2515, 145.3266, 352.232, -4.740458, 1.19084, 1.770992],
[1549, 4095, 1739, 2068, 1860, 349.2566, 345.6481, 216.4433, -3.045802, 7.801527, 1.641221, 184.8794, 145.8477, 352.6269, -3.40458, -0.007633588, 0.9923664],
[1531, 4095, 1707, 2021, 1850, 349.9708, 347.399, 218.2376, -5.725191, 2.381679, -0.6335878, 185.7182, 146.0608, 351.3318, -1.908397, 1.80916, 2.770992],
[1502, 4095, 1715, 2045, 1879, 349.8191, 347.4903, 218.8793, -5.198473, 3.664122, 2.259542, 184.3683, 145.6223, 353.4314, -0.2977099, 0.9236641, 1.580153],
[1489, 4095, 1790, 1980, 1910, 350.5986, 346.3156, 214.0848, -2.167939, 4.671756, 0.7251908, 185.2346, 145.8083, 352.1181, -1.473282, 2.129771, 2.068702],
[1552, 4095, 1731, 2037, 2064, 349.6662, 346.4588, 217.0145, -0.8015267, 4.78626, -2.923664, 185.7998, 145.9109, 351.2601, -3.328244, 1.641221, 1.78626],
[1529, 4095, 1751, 2098, 1865, 350.7558, 345.9158, 212.8352, -1.687023, 5.412214, -0.832061, 186.1433, 144.4212, 351.2455, -3.580153, 1.274809, 0.5648855],
[1520, 4095, 1744, 2064, 1872, 349.5972, 345.4802, 215.2096, -0.9847328, 2.885496, -3.40458, 186.3075, 144.769, 350.9044, -3.801527, 1.068702, 0.5496183],
[1469, 4095, 1774, 2069, 1906, 351.9191, 346.0876, 209.6634, -1.145038, 2.641221, -0.1374046, 185.8638, 144.9499, 351.4713, -3.748092, 2.709924, 1.59542],
[1535, 4095, 1790, 2072, 1859, 349.52, 346.3415, 217.1647, -2.389313, 2.389313, -1.381679, 185.6084, 144.5439, 351.9521, -2.305344, 1.419847, 2.679389],
[1509, 4095, 1750, 2017, 1937, 351.7124, 347.2705, 212.6689, -2.045802, 0.3206107, -0.9770992, 186.3362, 144.6309, 350.9095, -3.305344, -0.1679389, 1.717557],
[1504, 4095, 1706, 2065, 1901, 349.6937, 344.9952, 214.0276, -4.633588, 5.442748, 3.862595, 186.7077, 144.5091, 350.4336, 0.1374046, 4.458015, 2.877863],
[1543, 4095, 1759, 2097, 1855, 348.9507, 344.343, 214.7453, -4.40458, 5.114504, 1.923664, 184.9378, 144.2822, 352.9556, 0.3053435, 1.770992, 1.419847],
[1514, 4095, 1744, 2033, 1957, 350.6252, 344.5554, 210.7187, -1.732824, 3.251908, 0.4198473, 187.0487, 143.4912, 350.3198, -2.59542, 1.938931, 1.381679],
[1474, 4095, 1778, 1941, 1878, 350.6405, 345.4244, 212.2313, -3.061069, 3.053435, -0.9007633, 185.657, 144.0907, 352.0159, -2.251908, 2.145038, 3.877863],
[1509, 4095, 1765, 2074, 1968, 352.2259, 345.1014, 206.9973, 4.091603, -1.51145, -0.4351145, 185.6994, 142.9628, 352.276, -9.755725, 3.877863, -3.618321],
[1547, 4095, 1803, 2031, 1959, 352.1406, 345.6602, 208.2047, -2.167939, 2.816794, 3.679389, 184.7835, 143.0876, 353.4564, -2.099237, 1.114504, 1.557252],
[1542, 4095, 1792, 2080, 1971, 347.8647, 343.4074, 215.7028, -2.572519, 8.816793, -2.229008, 186.0822, 142.5159, 351.9008, -0.389313, 3.091603, 3.984733],
[1535, 4095, 1781, 2109, 1743, 351.2548, 344.2559, 208.4661, -0.8167939, -0.6259542, -1.969466, 185.2379, 143.0328, 352.8673, -2.778626, 1.206107, 2.122137],
[1505, 4095, 1783, 2085, 1937, 350.162, 345.4441, 213.6064, -2.335878, -0.4580153, -1.229008, 183.8989, 143.4363, 354.5646, -2.549618, 1.740458, 3.389313],
[1520, 4095, 1736, 2121, 1930, 349.8549, 343.6285, 211.2102, -3.068702, 5.534351, 0.259542, 185.8317, 142.6425, 352.1909, -4.687023, 2.259542, 2.068702],
[1521, 4095, 1814, 2138, 1931, 352.5724, 344.7037, 205.3115, -2.633588, 0.1145038, -0.1221374, 186.1216, 142.9546, 351.722, -5.908397, 0.4045802, 0.3129771],
[1530, 4095, 1739, 2158, 1955, 351.1036, 344.755, 209.7217, -1.221374, 2.335878, 2.450382, 185.3944, 143.0588, 352.6534, -5.045802, 4.0, 1.877863],
[1551, 4095, 1486, 2096, 1958, 352.7211, 343.7534, 203.4909, -5.030534, 3.854962, 1.244275, 184.3302, 143.2517, 354.0235, -2.053435, 1.832061, 3.114504],
[1535, 4095, 1829, 2123, 1957, 350.57, 343.8802, 209.7406, -0.8396947, 0.3129771, -1.091603, 184.2299, 142.3981, 354.3326, -3.396947, 0.5496183, 0.610687],
[1509, 4095, 1771, 2122, 1965, 351.7459, 344.2173, 207.0081, -3.29771, 6.40458, -1.267176, 185.9069, 142.8752, 352.0272, -1.977099, 2.770992, 4.183206],
[1584, 4095, 1838, 2141, 1962, 352.9045, 345.014, 204.7591, -3.641221, 4.015267, -0.3435115, 186.4722, 142.5645, 351.3804, -0.5114504, 2.824427, 1.473282],
[1550, 4095, 1808, 2096, 1985, 350.4467, 343.6592, 209.7135, -5.648855, 2.236641, -1.022901, 186.7739, 142.0305, 351.1571, -1.396947, -0.1603053, 5.160306],
[1546, 4095, 1808, 2157, 1947, 352.0685, 344.1738, 206.0074, -4.900764, 7.061069, 0.1450382, 185.9147, 142.988, 351.985, -1.053435, 2.709924, 4.51145],
[1501, 4095, 1782, 2154, 1974, 349.5851, 342.6398, 210.3175, -7.480916, -0.5877862, -0.519084, 185.5331, 144.0697, 352.192, 0.2137404, -1.137405, 4.129771],
[1522, 4095, 1761, 2179, 1936, 349.3826, 344.1919, 213.3823, -4.603054, 3.022901, 2.160305, 186.9167, 142.9212, 350.6871, -1.099237, 1.755725, 1.938931],
[1563, 4095, 1809, 2139, 1936, 350.2835, 343.8972, 210.5332, -3.641221, 3.633588, 0.9312977, 187.8079, 143.22, 349.4079, -0.7099237, 2.236641, 1.458015],
[1535, 4095, 1808, 2149, 1951, 350.3894, 343.2127, 209.1608, -3.251908, 1.923664, -0.4122138, 188.0008, 143.0823, 349.2057, -2.977099, 1.687023, 0.9847328],
[1547, 4095, 1818, 2109, 1995, 348.9133, 342.3717, 211.5315, -1.816794, 2.465649, -3.045802, 187.8512, 142.8312, 349.496, -3.183206, 1.732824, 2.045802],
[1546, 4095, 1818, 2127, 2030, 348.9776, 342.4737, 211.5368, -4.908397, 1.328244, -0.1145038, 187.7024, 142.0217, 349.9796, -1.824428, 1.923664, 2.21374],
[1535, 4095, 1838, 2153, 1977, 349.951, 343.0333, 210.0104, -1.778626, 1.687023, -0.259542, 188.1789, 142.9363, 349.0283, -3.694656, 2.656489, 1.984733],
[1527, 4095, 1810, 2151, 1946, 351.966, 343.2872, 205.0111, -3.328244, 4.343512, 2.381679, 193.0373, 141.3209, 343.6637, -8.755725, -1.992366, -0.3435115],
[1578, 4095, 1853, 2186, 1991, 346.3232, 341.8174, 216.4289, -5.328244, 7.312977, -2.755725, 187.1651, 143.2135, 350.2608, -1.244275, 1.572519, 2.091603],
[1568, 4095, 1859, 2165, 1991, 0.08403117, 345.0164, 179.264, 7.061069, 1.435114, 3.580153, 197.0872, 139.9965, 339.6746, -18.52672, -3.770992, 2.725191],
[1552, 4095, 1860, 2176, 2135, 344.8137, 344.0316, 223.4083, -6.442748, 4.801527, 2.152672, 183.6616, 146.2106, 354.3396, 3.717557, 2.801527, 0.9236641],
[1489, 4095, 1761, 1852, 1753, 336.6728, 346.9986, 241.8095, -4.534351, 8.312977, 1.244275, 180.094, 147.6511, 359.6628, -1.801527, 0.9236641, 5.763359],
[1426, 4095, 1712, 1920, 1755, 329.6196, 343.9831, 243.8745, -2.19084, -1.572519, -8.923664, 177.1481, 149.0157, 4.536249, 2.274809, 2.526718, -2.977099],
[1550, 4095, 1745, 1934, 1786, 335.5572, 344.3385, 238.2932, 14.36641, 17.77099, -19.74046, 183.8901, 147.8243, 353.624, 0.03053435, 3.549618, 4.931298],
[1501, 4095, 1745, 1931, 1827, 339.1308, 350.8366, 247.0714, -11.12977, 11.35115, -82.97709, 183.9613, 147.2217, 353.6576, 3.625954, -2.396947, 3.687023],
[1497, 4095, 1787, 1906, 1789, 337.7149, 344.7511, 236.3274, 9.167939, 6.541985, -13.1145, 186.5036, 149.5497, 348.7964, 9.625955, 1.778626, 3.48855],
[1485, 4095, 1766, 1969, 1833, 342.5586, 348.0539, 236.0122, 0.09160305, 14.13741, 11.66412, 191.8637, 147.755, 341.347, 6.748092, 3.503817, 4.068702],
[1504, 4095, 1847, 1995, 1814, 339.9865, 344.7237, 233.087, 2.59542, -8.0, -3.885496, 192.4029, 146.1349, 341.6292, -3.366412, 2.900763, 0.610687],
[1565, 4095, 1699, 1966, 1850, 340.9918, 347.2061, 236.5752, 5.572519, -4.625954, -5.442748, 189.6074, 148.1478, 344.5288, -6.732824, 2.251908, 2.748092],
[1531, 4095, 1792, 2019, 1872, 343.0735, 348.7077, 236.7043, 4.091603, 7.923664, 0.6259542, 190.7003, 147.5891, 343.1951, -7.358778, 3.992366, 4.778626],
[1535, 4095, 1807, 1995, 1843, 341.8405, 345.7436, 232.1881, -3.480916, 2.083969, -4.175572, 188.999, 146.2682, 346.4397, -4.694656, 0.7862596, 5.259542],
[1557, 4095, 1802, 1979, 1902, 339.9093, 347.6798, 239.1325, 0.7251908, 3.839695, -6.274809, 189.7513, 146.581, 345.1802, -6.587786, 1.793893, 3.48855],
[1523, 4095, 1894, 1980, 1807, 341.3466, 348.7982, 239.5837, -5.19084, 2.244275, 0.3816794, 189.4599, 147.0397, 345.365, -2.48855, 3.534351, 4.175572],
[1554, 4095, 1810, 2019, 1854, 340.6465, 346.9785, 236.6053, -4.465649, 2.679389, -0.5419847, 189.9013, 145.8031, 345.3758, -2.045802, 2.465649, 1.679389],
[1488, 4095, 1806, 2022, 1885, 342.7904, 347.3803, 234.1008, 3.847328, -3.664122, -0.5038168, 188.9185, 145.6354, 346.8611, -7.015267, -1.496183, -2.396947],
[1493, 4095, 1840, 2043, 1840, 340.357, 347.2913, 237.6842, 1.435114, 7.80916, -1.664122, 189.6253, 146.7786, 345.2594, -4.007634, 3.732824, 0.870229],
[1579, 4095, 1883, 1986, 1904, 340.8547, 347.0318, 236.409, -7.541985, 4.870229, 4.427481, 188.9112, 146.2648, 346.5693, 0.2213741, 1.847328, 1.480916],
[1554, 4095, 1855, 2004, 1883, 338.3081, 346.9993, 239.8413, -1.824428, 3.59542, -1.70229, 189.9282, 145.6501, 345.4175, -2.854962, 1.59542, -0.519084],
[1501, 4095, 1816, 2003, 1929, 341.0375, 346.5238, 235.0676, -0.648855, 5.160306, -4.076336, 188.9514, 146.6525, 346.3193, -3.671756, 2.740458, 2.954198],
[1535, 4095, 1858, 2043, 1897, 341.3241, 347.3909, 236.4717, 3.725191, 5.145038, -2.183206, 189.9327, 145.786, 345.34, -5.091603, -0.1145038, 3.038168],
[1568, 4095, 1865, 2025, 1863, 339.671, 346.6938, 237.4149, -3.70229, 4.748092, 0.9083969, 189.5303, 145.9245, 345.8437, -2.534351, 2.625954, 2.740458],
[1546, 4095, 1808, 2064, 1867, 340.5164, 345.4421, 233.675, -3.320611, -0.08396947, -1.21374, 189.7681, 145.8007, 345.5671, -4.251908, 0.6030535, -0.1984733],
[1535, 4095, 1805, 2047, 1862, 340.2906, 347.3124, 237.8235, -0.1526718, 9.160305, -1.022901, 189.5003, 145.9329, 345.8824, -3.717557, 1.061069, 2.198473],
[1563, 4095, 1815, 2058, 1883, 340.5293, 346.8607, 236.5309, -4.549618, -1.312977, -0.4274809, 189.7388, 146.137, 345.4339, -2.366412, -0.3816794, 2.061069],
[1563, 4095, 1890, 2056, 1859, 340.0905, 346.9576, 237.3657, 2.290076, 2.78626, -1.091603, 189.6689, 146.5155, 345.3356, -6.801527, 2.320611, 0.740458],
[1561, 4095, 1874, 2043, 1897, 341.6795, 346.8263, 234.705, -5.198473, 4.030534, -0.2900764, 189.0263, 145.3918, 346.8234, -1.755725, 4.022901, 3.358779],
[1596, 4095, 1886, 2061, 1937, 339.409, 345.6668, 235.7403, -4.526718, 4.656488, -1.480916, 189.2194, 145.6997, 346.4008, -2.442748, 0.007633588, 4.763359],
[1577, 4095, 1895, 2072, 1903, 341.1605, 347.9569, 237.957, -2.167939, -0.9312977, 1.870229, 188.2811, 146.3496, 347.4506, -5.183206, -1.328244, 4.725191],
[1532, 4095, 1862, 2085, 1872, 342.3237, 346.3249, 232.5926, -0.04580153, -0.2442748, -0.2213741, 190.5461, 145.1807, 344.7984, -4.122138, 1.137405, 0.4656488],
[1551, 4095, 1846, 2067, 1911, 339.235, 345.2651, 235.2119, -1.328244, 0.9160305, -1.80916, 187.6158, 147.2377, 348.0438, -5.923664, 0.8549618, -0.5496183],
[1521, 4095, 1828, 2063, 1913, 336.4563, 345.7339, 239.7014, 1.167939, 5.687023, -1.068702, 190.3252, 146.4478, 344.4166, -5.022901, 3.938931, 1.442748],
[1530, 4095, 1808, 2075, 1904, 346.4673, 342.2009, 216.7529, 1.053435, 6.885496, 0.740458, 184.6226, 143.2266, 353.6385, 1.48855, 6.961832, 4.885496],
[1569, 4095, 1873, 2123, 1891, 341.5544, 346.0046, 233.1855, 2.427481, -5.442748, -3.137405, 187.7026, 144.792, 348.9441, -8.221375, -0.9007633, 3.977099],
[1565, 4095, 1911, 2139, 1921, 339.6612, 343.8876, 232.0183, -3.793893, 0.4274809, 4.08397, 190.0828, 143.8115, 346.1308, 2.274809, 3.374046, 3.038168],
[1584, 4095, 1843, 2071, 1946, 344.2038, 345.8111, 228.1504, -5.580153, 3.763359, -4.129771, 194.2295, 143.6501, 340.7686, -0.7328244, 2.801527, 6.274809],
[1709, 4095, 1829, 2078, 1968, 341.3105, 341.3545, 224.9981, -2.290076, 6.793893, -4.053435, 194.7325, 142.5924, 340.8113, -3.175573, 3.70229, -0.740458],
[1589, 4095, 1887, 2086, 1925, 341.9966, 342.2499, 225.3603, 3.328244, 5.38168, -2.938931, 191.792, 142.073, 344.7979, -5.396946, 2.259542, 1.274809],
[1567, 4095, 1840, 2071, 1944, 341.6497, 342.757, 226.8332, -3.183206, 5.160306, -0.4503817, 192.9867, 141.7659, 343.4787, -4.40458, 3.007634, 4.908397],
[1564, 4095, 1894, 2102, 1927, 340.2223, 342.9683, 229.5111, -8.908397, 2.328244, 1.473282, 192.4232, 142.1115, 343.9876, 1.946565, 0.2824428, 2.320611],
[1607, 4095, 1855, 2062, 2006, 335.6939, 340.8348, 232.3639, 4.198473, 0.3816794, -2.984733, 194.192, 141.2826, 342.2848, -3.755725, -0.4198473, 1.29771],
[1579, 4095, 1854, 2132, 1967, 340.6416, 343.1179, 229.1185, -0.6793893, -0.1526718, 1.290076, 194.3464, 142.7076, 341.223, -5.755725, 0.6259542, -1.725191],
[1571, 4095, 1895, 2112, 1968, 341.3676, 344.0184, 229.5955, -4.236641, 0.5267176, -1.480916, 193.2772, 143.051, 342.3694, 0.2366412, 0.519084, 0.4351145],
[1552, 4095, 1906, 2067, 1931, 339.1982, 343.0579, 231.2193, 1.091603, 1.480916, -1.816794, 195.1386, 142.094, 340.6273, -6.946565, -0.4503817, 0.2671756],
[1568, 4095, 1903, 2133, 1983, 342.2514, 343.3593, 226.8927, -0.1068702, 3.664122, -2.099237, 192.9366, 143.0086, 342.8307, -5.664122, 2.427481, 2.198473],
[1600, 4095, 1879, 2099, 1936, 340.6388, 341.8722, 226.9571, 1.015267, 0.007633588, 1.038168, 189.5869, 141.9942, 347.6062, -8.893129, 0.2977099, -2.335878],
[1594, 4095, 1913, 2119, 1964, 342.5403, 343.3346, 226.3456, -2.335878, 2.442748, -0.9083969, 191.6537, 143.2351, 344.3585, -1.564886, 3.068702, -0.5725191],
[1573, 4095, 1872, 2109, 1941, 343.1652, 344.415, 227.2636, -2.725191, -1.053435, 2.709924, 191.3626, 142.9729, 344.8747, -1.366412, 1.480916, -0.07633588],
[1569, 4095, 1868, 2065, 1963, 343.2774, 343.2925, 224.9529, -4.480916, -0.06870229, 1.244275, 191.9711, 144.6084, 343.1652, -0.6412213, -0.2137404, 0.9083969],
[1581, 4095, 1840, 2118, 1690, 342.2417, 343.8207, 227.7607, -1.526718, -0.9312977, 2.465649, 189.5284, 142.7759, 347.3399, -2.877863, 0.9847328, 1.496183],