6.27,323.62,171.52
356.28,320.44,184.50
355.37,318.22,185.18
7.12,321.52,171.07
3.60,319.47,175.79
353.75,319.33,187.26
356.04,324.37,185.52
358.62,326.76,182.10
358.71,323.52,181.75
359.92,323.69,180.11
0.95,323.68,178.71
357.48,322.51,183.29
353.70,323.11,188.37
357.50,323.68,183.40
4.68,327.79,172.60
5.31,327.70,171.64
356.98,324.92,184.30
358.21,325.08,182.57
3.36,325.42,175.13
3.96,325.69,174.21
5.52,325.06,172.12
4.80,322.49,173.76
7.11,320.87,171.28
5.36,317.54,174.14
358.11,316.06,181.97
6.71,318.71,172.37
13.85,317.33,165.02
14.71,317.43,164.05
2.57,314.49,177.48
3.54,313.44,176.65
14.67,316.61,164.52
15.80,317.13,163.05
6.70,313.52,173.64
7.19,312.21,173.48
14.15,311.69,167.35
19.23,312.20,162.46
7.83,308.44,173.77
1.06,308.31,179.16
4.67,308.12,176.33
18.65,310.96,163.67
21.92,310.52,161.02
16.83,306.79,167.26
3.50,304.68,177.58
11.96,306.10,171.22
13.36,307.37,169.72
12.01,308.41,170.42
5.64,309.49,175.35
8.86,310.12,172.52
11.67,311.10,169.78
10.90,310.11,170.79
3.47,306.97,177.38
2.25,305.55,178.39
7.88,306.43,174.17
13.49,308.05,169.37
10.43,308.64,171.63
4.77,308.31,176.23
3.83,307.26,177.09
7.79,307.08,174.10
13.44,308.16,169.37
4.61,306.14,176.63
3.11,305.97,177.74
11.10,306.24,171.81
12.72,306.74,170.44
6.47,306.94,175.12
2.56,307.24,178.05
6.73,306.85,174.95
9.01,307.13,173.16
5.10,306.57,176.21
3.49,306.93,177.38
7.76,307.72,173.98
11.85,306.92,171.04
8.31,306.06,173.93
1.33,304.93,179.07
10.89,306.45,171.91
12.75,307.09,170.29
6.29,306.26,175.38
4.07,306.13,177.03
4.96,305.86,176.41
10.38,306.85,172.18
8.14,307.31,173.78
0.04,306.62,179.97
7.10,306.17,174.80
10.51,306.42,172.21
7.85,306.78,174.12
2.35,305.68,178.31
7.54,305.97,174.51
9.27,306.08,173.22
3.67,305.38,177.39
2.58,306.41,178.10
9.61,307.74,172.53
8.88,307.60,173.14
4.05,307.58,176.88
3.45,307.11,177.39
6.00,305.47,175.72
8.36,305.23,174.08
5.42,306.10,176.04
2.98,306.80,177.77
1.96,307.73,178.49
10.46,309.37,171.39
7.16,307.68,174.46
0.82,306.24,179.40
2.50,306.62,178.14
9.25,306.93,173.02
10.06,308.00,172.11
4.42,307.47,176.61
1.76,306.76,178.68
8.19,307.38,173.73
9.58,307.93,172.51
3.06,307.97,177.61
2.43,308.01,178.10
9.07,307.49,173.02
9.34,307.67,172.76
4.19,308.62,176.65
5.15,309.16,175.81
8.33,309.03,173.23
9.87,308.20,172.20
7.09,307.81,174.49
5.54,307.29,175.78
5.85,306.84,175.61
4.23,307.16,176.79
9.46,308.81,172.37
8.53,308.45,173.21
3.80,308.28,177.00
2.07,307.58,178.40
7.05,308.17,174.45
10.90,308.30,171.35
8.99,308.78,172.76
6.76,308.01,174.71
6.28,309.02,174.90
7.03,308.37,174.42
11.05,308.78,171.08
6.75,308.73,174.58
3.71,309.41,176.95
5.50,309.01,175.54
3.81,309.38,176.87
5.40,311.01,175.30
15.30,313.37,165.51
11.95,314.57,168.22
0.77,316.30,179.19
359.20,317.44,180.87
19.08,320.97,156.90
19.38,319.72,157.46
5.33,317.62,174.16
3.00,319.39,176.50
9.33,320.72,168.65
17.66,322.28,157.63
18.66,322.22,156.46
9.79,320.10,168.33
5.36,320.06,173.61
7.82,321.28,170.28
11.94,320.80,165.47
9.48,322.92,167.54
6.76,320.80,171.73
8.41,321.49,169.47
11.50,320.33,166.21
9.76,320.09,168.38
6.83,319.39,172.05
9.49,320.19,168.66
13.86,322.25,162.32
11.19,320.84,166.35
8.14,319.42,170.52
8.35,318.07,170.72
13.96,318.47,164.33
13.17,319.26,164.80
9.02,319.68,169.40
8.90,319.84,169.49
10.72,321.05,166.82
14.66,320.22,162.56
12.26,319.53,165.71
8.31,318.85,170.51
11.27,319.34,166.94
14.71,320.27,162.47
14.27,319.77,163.26
11.76,319.87,166.12
9.47,318.99,169.14
12.19,319.44,165.84
15.04,319.89,162.31
14.38,318.70,163.73
10.49,317.93,168.41
12.18,318.68,166.21
15.76,319.98,161.42
14.44,319.76,163.07
11.68,318.62,166.80
12.49,318.85,165.77
14.25,318.30,164.10
15.33,318.99,162.50
14.33,318.51,163.89
12.89,319.09,165.20
14.56,319.06,163.33
14.84,318.37,163.40
13.29,318.32,165.14
14.76,318.51,163.42
12.73,318.68,165.59
14.39,318.62,163.77
17.33,318.86,160.34
14.63,318.21,163.72
12.80,317.95,165.86
12.57,318.87,165.68
16.60,319.13,160.99
15.48,318.93,162.36
12.45,318.10,166.17
12.30,318.50,166.15
14.67,318.36,163.59
16.62,318.20,161.54
14.11,318.98,163.88
12.90,318.36,165.55
14.04,317.84,164.56
18.03,317.99,160.13
15.48,317.55,163.16
11.49,318.14,167.22
13.00,317.51,165.86
15.67,319.00,162.12
14.01,318.19,164.42
12.95,318.27,165.55
13.05,318.70,165.22
14.83,319.31,162.89
14.93,319.21,162.83
12.73,318.92,165.47
13.09,318.64,165.20
14.22,319.50,163.47
14.84,319.71,162.64
15.28,318.97,162.57
13.97,318.31,164.40
13.14,317.78,165.57
15.92,318.54,162.11
14.88,318.25,163.42
13.30,319.32,164.63
12.81,319.93,164.87
13.06,319.35,164.88
14.05,318.24,164.34
13.47,317.79,165.21
13.61,317.64,165.13
14.26,319.09,163.66
14.47,319.70,163.07
13.68,318.79,164.46
11.71,318.28,166.92
15.43,319.60,162.03
14.25,319.59,163.39
11.72,318.08,166.99
11.70,317.28,167.36
12.93,318.18,165.60
16.76,319.40,160.64
15.30,318.22,162.98
11.87,317.58,167.05
12.44,317.79,166.33
15.63,318.61,162.39
13.68,318.99,164.36
11.46,318.23,167.21
11.84,317.68,167.03
14.77,317.81,163.79
13.99,317.80,164.63
10.59,318.14,168.21
12.33,318.75,166.01
13.58,318.72,164.61
13.93,318.80,164.18
12.41,317.99,166.27
11.27,317.68,167.66
15.09,318.72,162.93
15.04,319.11,162.76
12.02,317.95,166.71
12.03,318.28,166.55
14.80,318.79,163.21
12.92,319.38,165.03
11.39,319.26,166.84
13.80,319.26,164.08
14.40,318.50,163.81
12.37,318.05,166.29
12.08,318.16,166.56
13.05,318.79,165.17
14.35,318.67,163.77
13.21,318.82,164.98
12.54,318.17,166.04
13.60,318.08,164.92
14.41,317.73,164.21
13.09,318.52,165.26
12.99,318.63,165.33
12.50,319.68,165.36
13.50,319.53,164.29
11.38,318.19,167.31
12.58,318.50,165.84
12.18,318.62,166.24
11.93,318.77,166.44
13.71,318.24,164.72
12.98,318.10,165.59
12.52,318.61,165.86
13.72,319.10,164.26
13.56,319.36,164.30
12.04,318.62,166.39
11.73,318.09,166.97
13.84,317.77,164.81
12.96,317.71,165.80
12.09,318.05,166.59
12.53,319.05,165.63
13.31,318.95,164.80
12.79,318.66,165.53
12.16,318.34,166.38
13.44,318.46,164.91
12.83,318.54,165.54
12.77,318.42,165.67
12.88,317.84,165.83
12.90,317.85,165.80
12.72,317.99,165.93
13.01,318.22,165.50
12.93,318.13,165.64
12.72,318.31,165.78
13.36,318.64,164.90
12.63,318.07,165.99
12.79,317.74,165.97
14.51,318.09,163.91
13.21,318.69,165.04
12.37,319.16,165.77
13.28,318.59,165.01
12.36,318.35,166.16
11.94,318.45,166.57
13.11,318.66,165.17
14.44,318.52,163.76
12.54,318.25,166.01
12.15,318.26,166.43
12.26,318.98,165.98
14.01,319.05,163.96
12.29,318.56,166.13
11.59,318.02,167.16
12.27,318.22,166.32
13.36,318.65,164.89
13.48,318.00,165.08
11.96,318.82,166.39
12.71,318.26,165.81
14.32,318.65,163.82
12.79,317.95,165.88
11.00,317.95,167.84
13.99,318.02,164.53
13.64,318.11,164.86
11.46,318.66,167.03
12.39,318.23,166.18
14.30,318.52,163.92
12.42,318.40,166.07
10.88,317.64,168.10
13.64,319.15,164.32
13.54,319.09,164.46
11.42,318.66,167.07
11.95,318.48,166.55
12.99,317.96,165.65
13.01,317.55,165.82
12.86,318.13,165.71
12.26,318.57,166.16
12.63,318.96,165.56
12.70,318.50,165.71
12.31,318.82,165.99
12.13,318.41,166.39
10.60,318.11,168.21
12.51,317.61,166.33
11.80,318.22,166.84
12.49,318.82,165.79
13.21,318.91,164.94
12.12,318.67,166.28
12.39,318.14,166.22
12.62,318.40,165.85
12.32,318.05,166.34
12.36,318.16,166.25
12.05,317.75,166.78
12.13,319.10,166.07
12.95,319.01,165.18
12.90,318.34,165.56
11.45,317.99,167.33
12.62,318.20,165.94
13.51,318.41,164.85
12.64,318.28,165.88
12.44,318.62,165.94
12.88,318.73,165.40
13.32,318.90,164.81
12.66,318.09,165.94
12.05,318.44,166.46
12.38,318.44,166.10
11.88,317.99,166.86
12.53,318.30,165.99
13.15,318.51,165.20
13.06,318.67,165.22
11.60,318.18,167.08
12.55,319.08,165.59
10.22,318.67,168.42
10.96,318.72,167.57
9.79,318.15,169.09
11.16,318.51,167.43
10.47,319.53,167.78
9.87,320.60,168.04
14.90,321.50,161.50
12.72,323.26,163.18
10.68,324.81,165.02
10.26,324.88,165.56
12.00,324.66,163.31
13.34,323.68,162.12
15.13,322.58,160.54
14.16,322.04,162.08
13.69,322.76,162.23
13.48,323.94,161.78
15.09,326.32,157.97
14.32,327.79,157.95
12.97,328.45,159.44
11.82,330.06,160.02
13.92,330.57,156.28
15.50,328.33,155.79
13.94,327.29,158.87
15.81,327.78,155.80
11.95,327.52,161.61
11.24,329.84,161.12
14.46,332.07,154.06
16.45,332.07,150.87
15.39,331.12,153.47
13.58,329.28,157.88
14.16,328.96,157.25
14.21,328.45,157.58
13.65,330.03,157.16
14.19,330.62,155.81
13.87,329.95,156.88
13.20,329.55,158.24
14.02,330.26,156.39
15.45,329.79,154.62
14.27,329.21,156.88
13.46,329.14,158.16
15.95,328.80,154.74
15.01,329.48,155.55
15.03,329.82,155.22
14.38,328.92,156.96
14.49,328.27,157.32
14.95,328.58,156.39
15.86,329.77,154.01
14.84,329.42,155.84
13.61,328.43,158.50
15.44,328.52,155.72
16.36,329.00,153.96
14.52,328.88,156.78
15.77,328.73,155.07
16.56,328.46,154.16
17.13,328.22,153.55
15.64,328.35,155.57
10.27,326.84,164.51
13.65,327.32,159.26
15.86,328.00,155.55
15.97,328.42,155.04
13.70,327.79,158.85
13.60,327.40,159.28
15.20,327.29,157.07
17.44,328.21,153.13
17.22,327.76,153.83
16.06,327.89,155.35
14.87,327.62,157.28
14.30,328.16,157.68
15.86,328.35,155.25
16.73,327.42,154.82
15.18,327.46,156.97
16.44,328.12,154.63
17.44,327.82,153.47
14.96,327.55,157.21
14.62,327.45,157.77
14.64,327.32,157.84
16.11,327.17,155.88
16.62,327.57,154.83
16.75,328.45,153.89
15.08,327.21,157.30
14.96,326.99,157.64
17.18,327.43,154.18
16.55,327.17,155.27
14.57,327.14,158.08
14.57,327.20,158.04
16.49,326.89,155.59
17.18,327.12,154.43
15.06,327.00,157.50
14.11,326.95,158.87
15.49,327.44,156.53
17.00,326.76,154.99
16.22,326.87,155.97
13.72,326.64,159.66
13.82,326.74,159.45
16.35,327.79,155.03
15.54,327.66,156.29
14.21,327.16,158.58
14.88,326.68,158.00
16.37,327.34,155.38
16.01,326.55,156.52
15.19,326.86,157.42
14.62,326.71,158.33
14.83,327.55,157.40
15.72,327.86,155.87
14.95,326.22,158.24
14.26,326.97,158.65
14.91,327.60,157.24
15.51,327.60,156.37
15.53,326.90,156.91
15.62,326.71,156.94
14.90,327.41,157.41
14.12,327.87,158.17
15.26,326.94,157.25
14.50,326.53,158.63
14.56,326.75,158.39
14.40,327.67,157.92
14.56,327.34,157.94
14.31,326.62,158.83
14.15,326.29,159.30
17.19,328.94,152.82
16.57,329.07,153.59
16.11,327.96,155.22
16.33,327.96,154.92
15.42,327.57,156.53
14.66,326.89,158.13
14.24,326.25,159.20
16.24,328.15,154.88
15.29,329.23,155.34
15.25,328.41,156.09
13.48,327.37,159.48
13.39,326.33,160.34
15.78,326.87,156.59
15.56,327.67,156.25
14.16,327.86,158.12
14.97,327.74,157.04
15.91,327.34,156.02
15.71,326.98,156.59
14.42,326.14,159.02
13.97,325.67,159.98
15.61,326.90,156.80
16.42,328.24,154.54
15.18,327.26,157.11
14.30,326.35,159.04
12.85,326.05,161.28
14.85,326.86,157.89
16.23,327.51,155.44
15.45,326.79,157.11
14.45,325.56,159.40
14.18,326.00,159.46
15.16,326.17,157.99
15.13,325.78,158.32
13.95,326.37,159.52
15.65,327.28,156.44
17.11,327.42,154.29
15.55,327.16,156.68
13.33,326.05,160.61
13.29,325.93,160.75
14.95,326.85,157.77
16.88,327.74,154.33
14.87,327.07,157.71
13.60,326.58,159.87
14.69,327.10,157.94
16.90,327.20,154.76
14.98,326.66,157.87
14.30,326.81,158.72
14.22,327.26,158.49
14.93,327.64,157.18
16.37,326.77,155.84
15.11,326.54,157.78
12.81,326.83,160.81
12.92,327.28,160.35
14.35,326.46,158.89
13.94,326.92,159.14
9.88,325.60,165.73
12.09,326.86,161.84
11.40,326.69,162.93
8.85,326.80,166.62
4.45,325.83,173.46
8.67,326.87,166.86
17.04,330.20,151.84
13.90,329.51,157.20
9.97,330.31,162.87
5.32,327.13,171.80
5.71,326.72,171.33
17.92,328.68,152.01
20.85,330.07,146.51
11.17,329.99,161.12
5.63,330.90,169.96
10.87,330.34,161.36
14.54,330.74,155.17
6.22,330.12,169.26
2.44,327.10,176.23
358.77,322.58,181.61
351.89,318.79,189.24
356.12,316.72,184.12
0.07,316.40,179.93
3.80,316.12,176.05
1.29,317.41,178.60
3.30,320.19,176.04
2.23,321.72,177.17
356.21,319.47,184.44
354.03,319.42,186.96
356.37,320.03,184.32
356.53,319.62,184.08
356.72,319.08,183.78
356.48,319.70,184.14
355.43,320.73,185.58
0.66,321.84,179.16
1.17,320.76,178.57
357.13,320.40,183.46
349.02,320.92,193.43
358.31,323.22,182.26
1.64,322.93,177.83
359.52,319.46,180.57
353.25,317.76,187.43
349.67,317.85,191.38
354.47,318.12,186.17
359.77,319.76,180.27
2.11,319.25,177.55
354.45,316.88,185.93
346.81,317.39,194.29
353.43,319.09,187.57
358.65,319.40,181.58
358.60,317.67,181.54
356.14,318.12,184.31
348.31,318.01,192.95
349.62,320.70,192.61
359.76,325.63,180.35
1.51,324.43,177.89
355.44,324.08,186.29
346.76,322.94,197.30
350.17,325.38,194.08
350.20,324.00,193.37
349.33,322.64,193.86
337.82,321.64,207.26
340.51,322.77,204.98
346.96,323.06,197.12
343.86,325.02,202.47
338.20,324.66,209.43
342.64,329.06,207.55
346.19,327.67,201.22
341.43,328.67,208.89
337.90,328.21,213.23
340.91,326.69,207.77
347.72,326.03,197.90
339.96,325.05,207.56
334.46,324.07,213.41
338.26,324.55,209.25
344.78,328.59,204.02
343.49,328.86,206.13
342.57,327.19,205.97
340.19,325.55,207.71
345.63,326.65,201.28
343.98,327.29,204.08
345.95,326.02,200.37
342.41,323.75,203.38
346.19,325.00,199.33
345.64,325.58,200.49
344.96,326.54,202.13
347.52,326.18,198.27
347.45,327.21,199.07
342.49,326.03,205.08
344.28,325.21,202.05
345.54,325.25,200.40
346.17,324.43,199.00
345.65,324.22,199.54
346.48,324.80,198.82
347.55,322.67,196.14
346.24,323.33,198.21
343.86,321.04,199.69
345.94,319.15,196.15
340.40,319.42,202.58
334.72,319.04,208.55
342.82,317.71,198.78
353.57,322.40,188.32
349.54,322.26,193.42
346.70,324.03,198.05
344.78,322.49,199.52
349.31,322.49,193.81
359.35,329.45,181.10
353.12,326.40,190.29
344.92,323.79,200.20
348.42,325.85,196.80
359.90,332.48,180.20
4.84,334.01,170.15
359.03,331.52,181.80
356.25,331.09,186.77
0.83,335.31,178.19
7.48,336.67,163.06
3.70,335.13,172.05
1.51,337.66,176.32
356.71,334.61,186.90
0.08,333.30,179.84
3.34,334.79,172.93
4.32,337.02,169.90
1.14,336.83,177.33
0.12,334.32,179.75
2.93,333.81,174.06
1.76,333.29,176.50
1.55,331.96,177.10
357.18,331.49,185.18
359.69,331.56,180.57
1.47,330.71,177.38
359.91,331.42,180.16
1.54,330.40,177.30
1.34,328.65,177.80
358.66,326.89,182.06
354.73,325.09,187.52
353.84,325.05,188.78
356.37,325.20,185.22
357.51,324.72,183.52
4.77,328.70,172.18
7.07,328.81,168.42
12.16,331.86,158.05
22.45,337.17,135.54
28.11,337.67,127.56
27.69,335.79,130.59
21.94,335.85,138.06
20.15,338.12,137.57
23.13,337.99,133.43
26.26,339.47,127.21
31.04,345.35,113.49
29.02,342.45,119.68
28.49,340.94,122.48
24.96,339.72,128.44
22.46,340.85,130.02
24.44,341.18,126.88
26.06,341.24,124.78
26.04,342.90,122.19
30.17,345.55,113.90
29.39,345.12,115.25
31.01,344.50,114.78
29.74,343.46,117.46
25.80,343.02,122.27
26.62,344.02,119.75
27.25,347.53,113.24
28.29,348.58,110.58
31.97,349.83,106.04
29.82,348.19,110.05
29.93,352.34,103.14
32.04,355.87,96.58
35.31,357.58,93.41
36.32,353.89,98.29
34.88,354.55,97.80
32.36,353.98,99.45
36.08,355.49,96.18
35.14,352.39,100.75
35.21,347.22,107.82
31.79,347.43,109.78
28.58,347.40,112.31
25.87,341.69,124.30
36.50,344.79,110.17
36.03,341.68,114.48
30.49,336.98,125.82
26.29,336.20,131.76
28.17,335.41,130.51
27.07,331.74,136.45
24.42,331.56,140.04
22.46,329.60,144.83
23.74,327.47,145.40
30.21,328.72,136.22
29.02,328.57,137.77
26.73,326.51,142.73
21.14,323.80,152.15
22.23,322.62,151.85
28.75,321.26,145.63
29.71,320.48,145.32
27.04,319.57,149.08
19.13,319.40,157.96
27.79,320.13,147.75
27.72,319.07,148.78
29.77,319.58,146.11
19.53,315.34,160.25
15.40,312.67,165.75
23.15,314.31,157.35
24.68,316.64,154.05
23.51,319.98,152.62
18.67,318.22,159.29
18.39,317.96,159.76
17.03,317.78,161.34
16.10,317.90,162.29
6.64,317.38,172.79
1.35,316.15,178.60
8.62,318.26,170.36
19.80,321.39,155.73
23.45,320.06,152.62
19.62,318.71,157.90
13.84,317.45,164.98
24.35,322.46,149.51
25.87,323.00,147.23
16.76,320.76,159.77
12.88,320.20,164.66
12.63,320.33,164.88
18.21,321.01,157.88
21.01,322.28,153.59
19.73,320.89,156.19
16.96,319.96,160.05
16.08,320.20,160.92
17.49,319.16,159.98
17.39,318.89,160.25
18.16,319.79,158.79
14.68,319.21,163.11
17.46,321.06,158.73
15.93,319.08,161.78
17.41,319.58,159.79
15.95,318.78,161.94
11.10,317.65,167.85
10.47,316.64,168.93
11.12,316.71,168.22
14.65,317.33,164.17
12.70,317.89,166.00
9.48,317.74,169.59
9.93,317.72,169.10
13.39,318.05,165.17
14.08,317.78,164.55
11.59,317.55,167.37
10.21,317.05,169.05
9.25,316.12,170.39
8.33,317.13,171.04
11.17,317.85,167.69
9.21,317.31,170.03
8.82,317.71,170.32
9.96,318.21,168.88
11.74,318.23,166.90
11.54,318.07,167.19
8.70,318.09,170.33
8.47,317.32,170.83
12.72,318.28,165.79
9.84,317.64,169.22
9.03,316.52,170.49
9.95,316.15,169.66
11.86,317.11,167.26
8.00,318.02,171.12
6.27,318.10,173.02
8.15,318.01,170.96
10.07,317.97,168.85
9.19,319.22,169.37
7.97,317.06,171.45
7.47,316.46,172.14
7.53,317.71,171.74
9.00,317.10,170.33
9.56,317.68,169.53
9.32,318.35,169.55
7.30,318.13,171.86
6.88,318.20,172.32
8.63,317.71,170.53
8.95,318.11,170.04
6.87,318.04,172.36
5.07,317.15,174.54
7.77,317.87,171.42
9.09,318.07,169.89
8.14,317.44,171.15
7.29,317.00,172.18
9.60,317.40,169.58
8.42,317.86,170.70
5.60,317.05,173.98
6.79,316.69,172.81
7.87,317.71,171.35
6.74,318.21,172.47
7.28,317.09,172.18
5.82,317.02,173.75
5.97,317.47,173.50
8.39,318.09,170.66
8.01,317.47,171.28
5.63,317.39,173.88
5.24,316.98,174.39
5.89,317.37,173.60
7.97,318.16,171.11
9.04,317.16,170.26
7.21,317.74,172.07
5.74,318.22,173.58
5.47,317.43,174.05
8.23,317.83,170.93
6.22,317.17,173.29
4.54,317.10,175.12
2.81,316.68,177.02
5.05,317.54,174.49
7.08,317.39,172.31
9.63,318.81,169.03
6.93,318.88,172.07
4.18,318.94,175.21
4.29,317.55,175.32
5.24,316.28,174.52
7.54,317.18,171.87
6.91,317.75,172.40
4.00,317.85,175.58
3.96,317.09,175.74
6.67,317.90,172.62
7.97,317.92,171.19
5.72,317.36,173.80
2.70,317.27,177.08
5.07,317.51,174.47
7.62,318.14,171.51
9.07,319.28,169.49
5.85,318.56,173.38
2.60,317.77,177.14
5.36,318.05,174.04
7.64,319.15,171.18
5.92,318.16,173.40
4.91,319.66,174.22
2.34,320.17,177.20
2.58,318.67,177.06
4.33,318.41,175.12
4.67,319.99,174.44
1.75,320.24,177.89
358.67,319.47,181.55
0.12,319.83,179.86
3.57,322.00,175.43
2.48,321.32,176.90
358.95,321.58,181.33
358.10,319.89,182.26
359.57,319.16,180.50
354.93,320.30,186.10
351.50,319.62,189.96
356.20,319.63,184.46
357.69,321.60,182.91
355.38,323.63,186.26
355.64,322.33,185.64
357.36,321.46,183.31
357.77,321.18,182.77
355.53,320.43,185.40
354.45,319.81,186.57
356.22,320.71,184.61
357.31,320.18,183.23
359.01,321.98,181.27
358.58,321.53,181.79
357.32,320.30,183.23
356.65,319.42,183.91
355.72,319.98,185.09
358.18,319.73,182.15
358.18,319.74,182.15
356.91,320.26,183.72
356.75,320.59,183.96
0.08,321.02,179.90
359.46,319.92,180.64
357.14,318.31,183.21
357.28,318.56,183.08
358.84,319.31,181.35
359.79,321.07,180.26
358.34,320.81,182.04
357.18,319.94,183.35
359.47,320.55,180.64
358.55,319.47,181.70
357.20,320.24,183.37
357.51,320.50,183.02
358.85,320.42,181.39
0.57,319.77,179.32
358.15,319.33,182.15
358.05,319.37,182.27
356.56,319.45,184.02
358.14,319.80,182.20
357.69,320.00,182.75
358.43,320.21,181.88
357.95,320.18,182.45
358.27,320.00,182.06
358.91,319.77,181.29
357.63,320.18,182.84
358.59,320.41,181.70
358.00,319.21,182.32
356.40,319.49,184.22
357.46,320.20,183.04
359.63,320.78,180.46
357.81,320.21,182.63
356.74,319.55,183.83
357.96,319.71,182.40
359.24,319.18,180.88
358.36,319.07,181.90
357.91,319.95,182.49
357.71,320.29,182.76
359.14,319.63,181.01
0.07,318.69,179.92
358.08,318.15,182.15
356.46,317.07,183.80
0.57,317.08,179.39
2.12,316.66,177.75
1.35,318.70,178.46
0.28,319.86,179.66
0.77,319.66,179.09
3.19,317.71,176.49
6.08,316.13,173.68
5.43,313.73,174.80
8.78,311.59,172.19
9.19,310.27,172.19
8.52,313.97,171.78
8.37,315.02,171.62
8.20,313.80,172.14
6.96,314.75,173.10
8.98,315.14,170.98
11.90,314.63,168.25
8.30,314.74,171.77
9.67,314.53,170.49
12.79,313.01,168.04
14.19,312.79,166.83
14.45,312.48,166.73
14.33,312.44,166.85
13.44,313.78,167.11
11.86,313.93,168.57
12.55,313.42,168.10
12.17,313.13,168.58
11.36,313.45,169.23
12.58,312.48,168.45
11.88,312.71,169.01
13.05,312.85,167.87
13.53,311.76,167.88
12.98,312.85,167.93
11.52,312.73,169.34
11.75,313.50,168.83
13.87,312.75,167.14
12.22,312.21,168.88
11.77,311.65,169.50
14.20,312.01,167.17
12.58,313.25,168.14
12.40,313.77,168.11
12.26,312.56,168.72
12.28,311.81,168.98
12.96,311.43,168.52
13.40,312.06,167.87
11.24,311.37,170.08
12.28,312.60,168.68
13.50,312.40,167.63
11.18,312.25,169.82
11.16,312.20,169.86
12.98,312.02,168.26
12.20,312.02,168.97
12.13,312.40,168.89
13.89,312.70,167.15
12.31,312.48,168.70
11.52,312.44,169.44
11.68,311.60,169.60
12.72,312.87,168.16
11.76,312.84,169.07
10.20,313.18,170.41
12.76,313.12,168.03
12.32,314.31,167.97
11.04,314.40,169.18
9.37,313.33,171.15
11.92,312.90,168.91
10.68,313.44,169.88
9.83,313.14,170.78
11.40,313.90,169.02
12.32,315.26,167.57
10.46,315.80,169.25
9.37,314.72,170.72
10.81,315.11,169.15
7.34,314.19,172.86
5.66,314.53,174.43
4.16,315.51,175.76
8.28,315.98,171.44
9.56,317.12,169.72
8.47,317.80,170.68
4.37,317.16,175.29
3.50,317.11,176.24
3.91,317.49,175.73
4.97,316.01,174.85
4.12,317.07,175.57
2.38,318.16,177.34
359.12,317.37,180.96
2.11,317.91,177.66
3.71,318.12,175.86
3.41,318.50,176.14
2.05,318.31,177.70
0.59,318.76,179.33
1.56,318.19,178.25
3.17,317.55,176.54
2.45,317.81,177.30
1.78,318.86,177.96
1.35,317.79,178.51
359.80,319.06,180.23
4.67,319.72,174.49
4.53,319.48,174.71
0.16,318.48,179.82
0.24,317.52,179.74
0.61,318.49,179.31
3.25,319.98,176.13
2.82,320.50,176.58
1.89,320.93,177.67
0.46,319.93,179.45
358.90,318.20,181.23
1.83,317.81,177.98
4.65,319.44,174.57
3.07,319.98,176.34
359.97,319.86,180.03
1.56,319.79,178.15
4.58,319.04,174.73
4.46,318.93,174.89
359.60,318.79,180.45
0.75,319.03,179.14
3.41,320.43,175.87
2.08,320.75,177.45
2.05,319.82,177.58
2.67,319.87,176.83
0.88,320.17,178.94
2.90,320.81,176.44
2.88,320.35,176.52
358.77,320.97,181.52
0.44,321.14,179.45
0.01,320.48,179.99
0.92,320.93,178.87
357.67,320.34,182.82
357.50,320.57,183.04
357.96,321.34,182.55
355.24,322.12,186.11
358.15,323.24,182.47
358.35,323.08,182.20
354.45,324.60,187.78
353.43,323.26,188.76
358.09,322.85,182.52
357.72,322.93,183.01
352.29,322.77,190.11
353.03,323.18,189.28
351.95,325.14,191.48
352.74,327.70,191.39
350.09,325.45,194.23
354.59,324.97,187.69
355.66,324.21,186.01
353.54,323.45,188.69
348.67,319.96,193.42
349.52,323.60,194.09
347.85,323.52,196.23
350.29,324.58,193.53
349.36,326.44,195.81
347.81,326.33,197.97
348.51,326.62,197.15
350.28,327.10,194.84
349.32,324.87,195.01
352.56,324.08,190.22
353.11,324.08,189.47
349.97,321.30,192.44
346.14,321.84,197.43
348.64,324.43,195.69
351.88,326.80,192.30
353.50,328.25,190.44
348.99,325.39,195.74
347.49,324.52,197.29
351.39,324.84,192.14
354.44,324.50,187.78
351.03,323.69,192.12
349.18,324.24,194.86
350.17,324.08,193.45
353.83,325.14,188.82
349.88,325.52,194.57
348.23,324.64,196.36
348.96,325.08,195.61
352.70,324.31,190.11
350.91,324.33,192.56
349.15,324.44,195.01
350.17,323.97,193.40
353.46,324.26,189.06
351.69,324.36,191.52
350.07,323.47,193.30
351.17,323.14,191.71
349.69,321.69,192.97
351.02,321.11,191.09
349.54,320.98,192.83
349.65,320.73,192.59
351.65,320.87,190.23
358.72,322.18,181.65
358.93,319.24,181.24
1.05,318.21,178.82
359.83,317.98,180.19
7.71,315.17,172.25
6.63,314.15,173.56
5.28,312.57,175.15
0.81,310.84,179.30
4.47,311.47,176.05
8.01,313.62,172.37
11.11,313.93,169.29
7.26,311.31,173.61
4.18,310.34,176.45
4.55,309.36,176.27
7.72,307.32,174.10
9.92,305.84,172.80
12.53,307.00,170.49
10.53,307.08,172.00
13.13,306.31,170.27
7.75,304.51,174.65
10.14,303.83,173.17
5.84,305.04,175.89
8.95,306.96,173.24
10.67,306.08,172.19
9.51,305.39,173.22
4.48,305.42,176.81
6.16,305.21,175.64
7.99,306.02,174.18
6.35,306.23,175.34
3.80,306.73,177.16
5.17,307.76,175.99
5.63,307.81,175.62
4.56,308.69,176.35
3.14,307.98,177.55
4.92,306.77,176.32
3.30,307.52,177.47
5.37,307.82,175.83
6.20,308.72,175.02
0.58,309.35,179.52
2.62,308.31,177.93
3.55,308.65,177.16
6.06,307.93,175.27
0.33,308.03,179.74
354.37,307.00,184.25
355.59,307.15,183.34
357.87,307.76,181.65
356.73,307.81,182.54
354.41,309.47,184.60
354.45,309.77,184.63
357.61,311.20,182.09
352.71,311.65,186.49
354.99,310.46,184.28
354.68,310.59,184.56
351.77,309.54,186.81
354.62,309.35,184.41
351.44,308.94,186.93
353.45,309.68,185.44
352.04,309.64,186.61
353.42,310.03,185.54
355.34,309.61,183.86
354.26,308.63,184.59
356.03,309.06,183.23
356.08,310.08,183.30
348.92,310.13,189.37
352.15,310.08,186.62
355.43,309.19,183.73
353.68,310.09,185.33
352.74,310.07,186.12
352.84,308.96,185.80
355.16,309.84,184.04
354.88,310.31,184.35
351.89,309.75,186.76
351.74,310.45,187.05
355.18,310.36,184.10
355.57,310.11,183.74
354.45,309.71,184.62
354.29,310.57,184.90
358.22,310.23,181.51
355.00,310.41,184.26
351.92,310.37,186.88
354.02,310.75,185.16
356.39,310.50,183.09
354.90,310.30,184.33
353.04,311.06,186.07
355.37,311.27,184.07
354.45,310.63,184.76
355.10,311.01,184.26
352.30,310.17,186.51
354.39,311.14,184.91
355.09,311.17,184.30
355.47,310.89,183.93
353.30,311.03,185.83
352.45,310.25,186.40
354.39,310.56,184.81
358.09,311.22,181.67
354.53,310.90,184.74
351.68,309.70,186.92
354.77,310.30,184.44
356.17,311.16,183.35
352.13,310.93,186.83
351.96,310.87,186.97
354.17,310.55,185.00
356.06,311.07,183.44
354.20,310.10,184.89
352.87,310.36,186.07
352.63,310.18,186.24
354.23,310.71,184.97
354.99,311.72,184.47
355.05,311.13,184.33
354.09,309.88,184.95
353.00,310.17,185.92
353.06,311.01,186.04
353.62,311.03,185.56
354.47,311.10,184.83
354.47,311.38,184.87
353.44,310.34,185.58
354.35,310.30,184.79
354.43,310.79,184.81
352.68,310.62,186.29
351.07,311.51,187.92
355.14,311.05,184.23
356.55,310.85,182.99
352.30,309.78,186.42
352.31,310.74,186.64
353.16,311.07,185.97
354.95,311.00,184.39
354.91,310.95,184.42
350.36,311.02,188.40
353.43,310.74,185.67
355.38,311.09,184.03
356.05,311.06,183.44
354.37,310.85,184.87
351.59,310.76,187.26
355.36,311.26,184.07
354.19,311.06,185.07
352.82,311.25,186.30
353.87,310.09,185.17
354.89,310.79,184.41
355.25,310.51,184.06
352.50,310.14,186.34
352.09,310.86,186.85
356.82,312.00,182.87
353.99,310.50,185.14
351.39,309.70,187.16
354.92,310.61,184.35
353.94,310.74,185.23
353.20,311.30,185.98
354.87,311.76,184.59
355.63,311.86,183.92
353.61,311.17,185.59
354.21,310.62,184.97
353.54,310.53,185.53
353.59,310.90,185.56
352.80,311.40,186.35
354.47,311.83,184.95
353.83,311.38,185.44
353.16,310.59,185.87
353.45,310.54,185.61
355.47,310.56,183.88
353.04,310.76,186.00
353.26,311.00,185.87
355.82,311.59,183.71
354.79,311.61,184.63
352.52,310.49,186.40
353.06,311.02,186.05
353.77,311.09,185.44
354.55,310.53,184.66
353.47,310.38,185.56
352.28,310.18,186.53
352.84,310.47,186.11
355.30,311.54,184.17
354.53,311.49,184.84
352.92,311.48,186.27
353.51,310.86,185.62
354.06,310.74,185.12
352.40,309.61,186.30
352.82,309.72,185.97
355.47,311.27,183.98
354.50,311.21,184.82
355.00,311.93,184.49
354.06,311.57,185.27
352.77,311.02,186.29
355.10,311.34,184.31
353.26,310.77,185.82
352.36,310.54,186.54
354.18,310.53,184.98
354.98,311.11,184.39
353.88,311.47,185.41
353.73,311.38,185.53
353.94,311.28,185.33
354.18,310.20,184.93
351.18,310.68,187.59
353.91,311.38,185.37
356.36,312.04,183.28
353.97,311.26,185.29
352.60,310.55,186.34
352.92,310.61,186.08
354.18,310.51,184.97
353.13,310.83,185.94
352.16,311.23,186.88
354.08,311.36,185.21
354.44,311.39,184.90
353.27,310.88,185.83
352.57,310.77,186.42
353.37,310.83,185.74
355.56,310.56,183.80
353.91,311.36,185.37
352.48,311.04,186.56
354.85,311.36,184.53
356.00,310.66,183.44
351.66,310.71,187.19
351.06,311.36,187.88
354.49,311.62,184.90
356.24,311.26,183.30
352.41,311.42,186.70
352.26,311.12,186.76
354.81,310.90,184.50
355.52,311.07,183.90
352.28,310.61,186.63
352.21,310.61,186.69
355.38,311.73,184.12
355.50,311.21,183.95
350.48,310.20,188.06
351.12,310.90,187.71
356.45,311.57,183.15
356.23,311.31,183.32
351.51,311.24,187.45
349.88,310.75,188.74
355.78,311.26,183.70
355.50,311.54,183.98
350.80,311.22,188.07
352.47,311.41,186.65
354.86,310.78,184.44
352.91,311.33,186.25
352.47,310.69,186.49
353.88,311.18,185.36
353.71,311.28,185.53
353.81,311.11,185.41
353.34,310.58,185.71
351.28,310.91,187.57
352.69,311.13,186.39
355.72,311.02,183.72
352.66,310.90,186.37
350.72,311.55,188.24
355.03,311.22,184.36
353.38,311.42,185.84
351.25,310.45,187.48
354.12,311.29,185.17
353.69,311.24,185.54
352.74,311.66,186.47
353.06,311.46,186.13
351.56,311.51,187.48
354.11,311.42,185.20
355.49,310.64,183.87
351.93,310.72,186.96
350.30,310.52,188.31
354.51,311.36,184.83
356.45,311.68,183.17
350.66,311.64,188.32
351.00,310.85,187.80
356.18,310.85,183.31
353.00,310.88,186.07
350.63,310.51,188.03
354.00,311.18,185.26
356.01,311.44,183.52
352.19,310.84,186.76
350.98,310.07,187.61
352.84,311.23,186.29
355.13,312.16,184.41
354.90,311.38,184.50
351.04,311.01,187.81
350.85,310.42,187.81
356.32,311.11,183.21
354.56,311.10,184.75
349.99,311.41,188.85
352.92,311.26,186.22
356.06,311.23,183.45
351.91,310.99,187.05
349.50,311.27,189.24
356.04,311.15,183.46
356.60,311.39,183.00
350.24,311.75,188.73
350.90,311.73,188.13
355.54,310.26,183.78
353.44,310.73,185.65
351.38,311.07,187.53
353.64,311.32,185.59
352.62,311.00,186.43
352.72,311.57,186.47
353.97,310.64,185.18
353.42,310.24,185.58
352.27,310.73,186.67
353.11,311.18,186.03
353.50,311.14,185.69
351.61,311.33,187.39
354.29,311.57,185.07
355.09,311.28,184.32
351.13,310.72,187.65
351.89,310.97,187.06
354.79,310.76,184.49
353.31,311.31,185.89
353.73,311.62,185.58
353.10,310.66,185.94
353.00,310.71,186.03
351.13,310.04,187.47
353.26,310.25,185.71
353.58,311.46,185.67
354.55,311.94,184.90
354.13,311.08,185.12
350.57,310.74,188.14
350.68,309.87,187.81
353.94,309.73,185.04
353.09,311.04,186.02
353.38,312.51,186.07
354.29,311.32,185.02
353.62,310.68,185.49
352.37,310.13,186.44
351.45,310.61,187.35
351.11,311.35,187.84
355.68,311.54,183.83
352.79,310.89,186.25
350.24,310.33,188.31
355.02,310.74,184.29
355.36,311.71,184.14
352.28,311.47,186.83
350.59,310.50,188.06
354.34,310.74,184.88
354.94,310.38,184.30
351.04,311.23,187.87
350.90,310.99,187.93
355.29,311.01,184.09
354.24,311.06,185.02
349.46,310.83,189.13
350.82,310.16,187.76
355.23,310.99,184.14
354.23,311.02,185.02
352.23,311.59,186.91
353.09,311.85,186.20
354.94,310.25,184.29
352.15,309.94,186.58
350.42,310.86,188.31
353.85,311.18,185.39
356.04,312.09,183.58
354.40,310.88,184.85
349.62,310.89,189.02
353.83,310.19,185.22
354.53,310.84,184.74
351.93,310.92,187.01
352.63,311.55,186.54
354.44,311.70,184.96
355.26,311.25,184.16
352.56,310.10,186.28
349.58,309.57,188.64
352.46,310.98,186.56
355.75,311.61,183.78
354.65,311.67,184.76
350.24,311.02,188.51
351.65,310.52,187.15
357.05,312.06,182.66
352.75,310.84,186.28
349.31,310.02,189.01
352.43,310.73,186.53
357.19,311.74,182.51
352.80,311.64,186.41
351.18,311.28,187.76
353.13,311.56,186.10
354.54,310.81,184.72
351.15,310.82,187.66
350.17,311.22,188.63
356.22,311.48,183.34
356.45,310.88,183.07
351.78,310.82,187.11
350.85,311.03,187.98
354.76,311.03,184.56
354.01,310.38,185.10
349.93,310.23,188.54
352.47,311.28,186.62
355.98,312.46,183.68
355.30,311.50,184.16
350.84,310.59,187.87
350.13,310.86,188.56
355.22,310.05,184.02
354.70,310.58,184.54
349.79,310.51,188.75
351.27,311.03,187.61
353.66,309.94,185.31
351.43,310.23,187.26
348.60,310.29,189.70
349.02,310.00,189.25
349.65,309.34,188.52
353.72,310.07,185.29
354.67,309.18,184.34
352.06,309.29,186.51
350.46,310.83,188.27
351.65,312.23,187.59
353.25,312.37,186.16
351.96,314.64,187.94
354.03,320.10,187.13
353.45,320.16,187.84
0.17,318.75,179.80
7.47,319.39,171.31
7.92,318.74,170.99
2.39,319.31,177.22
16.10,325.38,157.31
21.13,326.37,149.84
16.02,325.91,157.01
7.20,332.07,166.60
9.57,334.62,160.45
25.40,337.36,131.29
31.67,339.43,121.32
22.90,345.52,121.43
16.46,343.72,134.67
26.32,340.43,125.70
37.03,351.00,101.85
33.94,354.60,98.00
23.19,353.35,105.22
30.41,355.09,98.32
34.42,355.85,96.05
28.30,356.41,96.65
22.08,357.11,97.10
27.06,4.62,81.01
29.69,2.09,86.34
32.56,1.72,87.31
33.85,1.66,87.53
30.36,0.43,89.26
29.44,1.55,87.25
34.85,8.08,78.47
36.60,6.83,80.83
38.60,9.76,77.84
37.62,7.06,80.87
37.34,4.78,83.75
39.13,6.35,82.21
38.42,2.52,86.82
39.95,5.76,83.13
42.13,9.64,79.37
38.36,6.76,81.49
34.50,4.94,82.83
33.72,4.62,83.09
39.25,7.44,80.91
43.04,10.68,78.58
41.28,9.50,79.21
39.68,10.54,77.35
39.83,10.94,76.95
37.22,8.50,78.86
37.11,7.94,79.56
36.36,6.36,81.39
36.95,8.17,79.19
37.33,9.03,78.23
37.20,9.42,77.67
37.24,8.73,78.58
37.49,8.55,78.91
36.13,8.62,78.27
35.68,7.62,79.45
36.20,9.04,77.74
37.49,9.11,78.19
38.66,9.19,78.57
37.66,6.29,81.87
37.30,6.69,81.25
38.60,7.10,81.14
38.67,7.45,80.72
37.84,4.80,83.83
36.23,3.21,85.62
36.53,3.31,85.54
36.47,2.94,86.02
33.91,1.40,87.92
35.54,1.61,87.74
34.23,358.37,92.39
32.74,357.56,93.78
30.31,355.59,97.52
29.30,350.08,107.32
31.05,347.85,109.68
29.00,349.08,109.19
29.96,348.08,110.12
30.87,346.31,112.18
29.72,348.56,109.52
27.91,347.09,113.39
25.32,345.95,117.88
23.10,347.09,118.25
25.97,346.56,116.14
27.77,345.84,115.60
24.71,340.58,127.46
27.33,340.95,123.74
23.48,338.17,132.67
23.66,337.47,133.43
18.92,332.53,146.61
17.31,332.79,148.79
21.67,333.39,141.58
22.24,332.04,142.39
21.86,328.04,147.25
20.87,326.22,150.31
18.91,325.93,153.13
15.80,324.24,158.54
14.77,323.60,160.33
14.31,320.62,162.73
16.05,321.39,160.19
15.52,322.69,159.97
7.62,321.42,170.48
6.17,316.93,173.40
9.27,317.87,169.77
5.64,318.37,173.66
5.89,316.30,173.84
6.05,312.36,174.48
0.08,312.62,179.92
351.81,310.32,186.96
353.37,309.55,185.49
355.91,309.38,183.36
353.83,308.73,184.96
353.41,310.84,185.70
354.26,312.01,185.17
3.02,314.19,177.06
3.42,316.28,176.43
358.69,315.42,181.33
0.11,315.12,179.89
359.63,314.89,180.37
6.29,315.74,173.54
3.86,315.60,176.06
358.66,315.41,181.36
358.18,314.97,181.82
0.25,315.17,179.75
5.92,315.84,173.90
6.21,314.42,173.91
1.61,314.03,178.45
357.72,314.06,182.21
3.31,315.61,176.62
5.89,316.06,173.89
2.32,314.60,177.71
359.12,314.04,180.85
0.19,313.67,179.82
4.22,313.74,175.96
4.74,314.25,175.38
1.43,313.98,178.62
358.80,312.81,181.12
5.46,313.74,174.78
5.90,313.34,174.43
359.17,312.43,180.76
0.61,312.99,179.44
2.95,313.83,177.17
4.22,313.59,175.99
5.05,312.61,175.35
1.67,312.54,178.47
357.04,312.31,182.69
5.73,312.47,174.76
5.14,312.93,175.22
0.11,313.68,179.90
359.85,312.78,180.14
4.24,312.46,176.12
3.47,313.03,176.76
0.68,311.74,179.40
355.75,310.30,183.60
356.69,311.32,182.91
2.90,312.89,177.31
3.81,314.59,176.25
0.13,313.85,179.87
356.35,312.50,183.34
355.88,311.35,183.63
357.54,311.10,182.15
359.58,312.46,180.38
359.01,313.88,180.95
351.02,313.03,188.39
353.50,313.46,186.16
358.65,312.69,181.25
356.89,312.56,182.85
356.69,312.68,183.05
351.99,312.32,187.30
352.20,312.17,187.07
357.61,310.52,182.05
358.68,312.35,181.20
351.68,312.71,187.69
351.38,313.39,188.15
0.90,313.89,179.14
359.32,313.60,180.65
353.47,311.66,185.82
354.51,312.42,185.02
355.79,312.83,183.91
356.25,312.70,183.46
354.23,311.87,185.18
353.86,313.30,185.79
356.29,314.29,183.62
358.85,314.01,181.12
354.93,312.81,184.70
353.66,311.50,185.62
356.86,311.73,182.80
357.08,312.85,182.71
355.00,313.17,184.69
353.97,312.98,185.63
353.37,312.56,186.09
356.60,312.71,183.14
358.31,313.60,181.61
355.73,313.16,184.01
355.61,312.54,184.03
357.26,312.57,182.52
355.85,311.51,183.68
355.22,311.26,184.20
355.48,313.62,184.31
357.56,313.62,182.33
358.04,313.07,181.83
355.75,312.15,183.85
354.18,311.93,185.23
355.72,311.99,183.85
358.64,314.09,181.32
358.17,313.83,181.76
355.82,312.09,183.78
354.82,311.91,184.65
355.54,312.42,184.08
355.37,313.29,184.36
357.31,314.26,182.63
358.08,313.64,181.83
355.67,313.28,184.08
355.27,312.33,184.31
357.56,311.81,182.19
354.74,311.73,184.69
353.97,313.43,185.71
356.50,313.55,183.32
358.70,313.90,181.26
354.24,312.80,185.34
354.31,312.47,185.21
357.48,312.60,182.32
355.30,313.18,184.42
355.57,312.27,184.02
357.53,312.84,182.29
354.96,312.88,184.69
356.33,313.54,183.49
357.37,312.53,182.42
353.87,312.54,185.63
354.93,313.19,184.76
355.79,312.92,183.91
356.51,312.64,183.22
356.87,313.21,182.94
357.35,313.41,182.51
354.96,312.72,184.66
352.91,313.33,186.69
355.87,313.46,183.92
356.83,313.53,183.01
351.38,312.83,188.00
355.47,313.47,184.30
358.77,313.70,181.17
355.25,313.64,184.53
354.21,313.29,185.46
354.59,312.50,184.96
355.01,313.88,184.80
356.55,314.33,183.37
355.59,312.43,184.04
352.18,311.83,187.01
356.21,313.04,183.54
357.53,312.89,182.29
353.34,312.79,186.17
351.31,312.47,187.97
356.55,312.07,183.11
356.18,311.27,183.35
350.76,311.48,188.19
351.50,310.65,187.32
354.92,310.35,184.32
354.51,311.36,184.84
351.23,311.40,187.75
352.87,311.68,186.35
351.25,313.00,188.17
349.73,314.26,190.02
351.47,312.20,187.74
351.00,311.66,188.02
351.29,311.62,187.75
351.50,310.85,187.37
347.60,312.00,191.20
349.99,312.42,189.16
351.25,312.73,188.09
347.62,313.73,191.86
348.57,312.19,190.38
353.13,312.44,186.29
350.37,313.82,189.25
344.74,314.24,194.88
347.52,313.31,191.79
351.39,313.07,188.05
348.21,313.85,191.34
348.16,313.03,191.07
345.17,312.80,193.77
343.30,314.34,196.34
343.01,313.78,196.32
340.79,314.92,199.16
340.34,317.37,201.22
346.73,314.59,193.08
346.91,313.96,192.64
339.32,313.50,199.71
338.83,314.58,200.89
342.71,318.07,199.11
341.29,316.93,199.92
337.78,314.19,201.65
332.19,312.65,205.91
336.86,314.77,202.98
338.50,314.47,201.14
340.14,314.95,199.82
338.01,313.27,200.82
336.90,312.74,201.51
339.00,314.97,200.98
336.79,315.38,203.48
335.99,315.32,204.25
338.15,314.92,201.79
339.78,314.85,200.12
335.90,312.95,202.60
338.23,312.49,200.09
339.52,311.64,198.37
336.86,313.56,202.12
336.36,313.00,202.20
337.59,312.80,200.90
339.99,314.97,200.00
342.94,314.85,196.97
339.01,313.56,200.04
335.87,311.18,201.40
337.99,311.38,199.60
340.16,312.71,198.42
338.49,313.33,200.40
339.52,313.27,199.37
341.83,314.77,198.03
342.77,314.71,197.06
338.74,312.64,199.71
335.95,310.89,201.13
337.81,312.14,200.26
342.11,313.51,197.04
345.17,314.47,194.57
339.37,313.12,199.42
335.58,312.02,202.25
341.74,313.07,197.14
344.00,313.40,195.17
338.56,312.46,199.76
338.06,311.01,199.30
341.81,312.55,196.78
343.63,313.05,195.35
343.43,312.74,195.37
340.38,312.15,197.88
339.25,312.12,198.91
342.97,312.01,195.43
343.47,312.60,195.27
340.72,312.02,197.49
338.27,312.12,199.82
338.48,312.83,200.07
343.76,313.81,195.61
345.34,312.84,193.64
338.24,311.26,199.30
335.74,310.85,201.30
343.59,311.84,194.77
344.15,312.82,194.74
338.49,312.59,199.92
338.76,313.16,200.02
342.27,313.51,196.88
343.52,313.25,195.55
338.72,311.12,198.78
337.83,311.03,199.53
343.07,313.21,195.95
343.66,313.95,195.78
340.81,312.89,197.92
340.71,312.99,198.07
340.28,312.14,197.97
340.07,311.97,198.06
338.31,311.91,199.65
342.16,312.13,196.23
342.67,314.08,196.81
341.05,314.56,198.68
339.43,313.09,199.35
344.07,313.13,194.97
339.28,311.94,198.78
337.31,310.86,199.89
340.87,312.74,197.77
344.04,314.64,195.77
342.70,314.18,196.84
339.81,313.13,199.00
339.54,312.95,199.15
344.19,313.42,195.00
340.08,312.19,198.19
338.89,311.95,199.14
342.22,313.10,196.70
344.74,313.62,194.57
341.16,313.17,197.75
338.71,312.59,199.71
340.44,312.42,197.98
343.99,313.32,195.14
341.74,313.17,197.19
338.66,312.54,199.72
340.26,312.76,198.35
345.15,314.29,194.50
342.24,313.12,196.69
338.51,311.62,199.28
339.28,312.79,199.30
343.71,314.05,195.79
341.49,314.08,197.97
338.69,313.51,200.32
340.17,313.06,198.62
343.74,312.18,194.80
340.97,312.83,197.73
339.23,312.81,199.36
340.46,313.42,198.56
343.74,314.38,195.93
344.51,312.93,194.45
340.10,312.85,198.56
338.21,313.25,200.61
341.09,313.14,197.80
344.30,313.18,194.77
338.73,312.38,199.56
340.62,312.90,198.11
345.34,313.84,194.10
341.00,312.34,197.42
338.82,312.60,199.61
342.43,313.91,196.95
342.54,314.27,197.05
341.70,313.32,197.32
341.34,313.30,197.66
340.55,313.11,198.29
342.10,313.09,196.81
341.38,312.90,197.38
339.23,312.85,199.39
342.23,313.63,196.99
342.98,313.58,196.24
340.70,312.60,197.85
340.70,313.49,198.38
341.14,314.66,198.65
341.79,313.35,197.25
341.16,313.09,197.70
341.01,313.40,198.02
342.73,314.02,196.72
342.57,313.72,196.72
338.92,312.31,199.33
339.39,312.54,199.04
342.70,313.30,196.35
341.54,314.28,198.03
342.37,314.22,197.19
341.91,312.67,196.76
340.98,312.60,197.58
340.27,313.45,198.76
341.38,313.70,197.85
341.01,313.64,198.17
341.29,314.33,198.31
342.10,314.26,197.48
341.19,312.75,197.47
341.39,312.44,197.11
343.38,312.83,195.47
342.15,314.08,197.32
341.07,314.31,198.50
342.04,313.76,197.24
341.61,314.09,197.85
341.05,314.12,198.42
341.93,313.18,197.03
341.90,313.47,197.22
343.26,313.70,196.04
341.42,313.91,197.93
340.21,313.92,199.11
343.44,314.30,196.18
341.07,312.93,197.69
339.93,312.83,198.71
343.53,314.02,195.95
343.78,314.10,195.74
340.23,313.56,198.87
341.38,313.17,197.54
341.50,313.07,197.37
341.03,313.41,198.01
341.19,313.14,197.70
341.74,313.76,197.53
343.59,314.19,195.98
342.19,313.30,196.84
339.74,312.74,198.83
340.78,313.50,198.31
343.20,313.81,196.15
341.92,314.92,198.03
340.82,313.24,198.12
341.32,312.05,196.96
342.59,312.69,196.13
343.05,313.98,196.39
341.60,313.93,197.76
340.23,314.06,199.18
341.97,314.67,197.84
342.32,313.25,196.69
342.01,313.43,197.09
341.18,314.26,198.37
341.82,313.07,197.07
344.33,312.14,194.24
342.57,313.67,196.68
340.76,313.79,198.50
343.80,314.23,195.80
343.52,315.70,196.86
341.22,316.45,199.68
342.25,314.71,197.58
351.16,313.32,188.34
356.25,312.64,183.46
345.97,312.05,192.70
342.44,311.52,195.65
349.87,313.19,189.52
354.61,313.83,185.18
350.46,314.47,189.37
350.51,313.77,189.10
357.98,313.38,181.91
0.69,312.31,179.37
359.37,309.74,180.52
0.53,309.48,179.56
359.91,311.92,180.08
1.17,313.66,178.88
2.22,312.28,177.98
4.25,313.01,176.04
4.89,314.63,175.17
5.66,311.99,174.91
9.38,310.06,172.10
10.58,310.17,171.04
9.42,310.63,171.90
11.75,310.24,170.02
10.90,311.66,170.27
5.14,312.82,175.24
7.27,311.44,173.57
10.04,311.82,170.99
13.09,311.32,168.45
14.21,310.16,167.94
9.96,310.75,171.40
8.57,312.97,172.01
10.12,313.46,170.40
15.40,312.61,165.78
12.03,311.43,169.35
8.35,311.12,172.69
11.70,311.25,169.71
11.87,311.60,169.43
8.24,312.02,172.57
9.24,311.44,171.83
9.60,312.25,171.27
12.21,312.57,168.76
12.14,312.25,168.94
10.34,311.41,170.86
9.74,311.56,171.35
8.62,312.88,171.98
10.01,312.68,170.75
13.11,311.59,168.32
10.77,311.21,170.54
8.47,311.71,172.44
7.79,311.90,173.01
9.05,312.01,171.84
12.31,313.15,168.44
9.95,312.76,170.78
6.90,312.14,173.75
6.84,312.60,173.71
10.75,311.95,170.32
15.15,312.03,166.28
11.03,311.39,170.25
6.53,311.33,174.25
9.77,312.04,171.18
10.72,313.01,169.98
8.60,312.54,172.10
8.74,313.30,171.75
8.57,312.41,172.16
7.82,312.06,172.94
10.75,312.50,170.13
7.58,312.32,173.09
3.27,313.15,176.93
4.64,314.07,175.51
10.21,313.27,170.38
9.92,313.28,170.64
2.05,313.66,178.04
359.56,312.42,180.40
2.99,312.15,177.29
356.65,314.29,183.27
355.92,314.86,184.06
358.87,315.76,181.16
4.04,316.45,175.75
357.46,317.29,182.75
352.39,316.40,187.99
352.10,313.87,187.60
351.10,314.48,188.74
349.84,315.43,190.31
351.88,315.29,188.20
349.93,316.01,190.42
348.05,317.23,192.89
346.56,316.46,194.12
344.72,318.65,197.25
347.75,318.71,193.88
349.86,317.02,190.87
348.44,316.90,192.33
346.37,315.18,193.72
347.08,314.98,192.91
345.06,314.30,194.59
345.00,314.11,194.56
345.73,317.71,195.63
347.29,317.85,193.99
348.76,317.45,192.22
343.45,316.35,197.30
344.42,313.46,194.80
349.72,314.14,189.98
345.98,315.93,194.47
344.94,315.47,195.30
345.05,315.62,195.26
346.89,316.89,193.97
348.61,316.65,192.05
346.34,314.71,193.52
343.42,315.25,196.71
345.51,316.31,195.14
349.92,316.53,190.62
347.87,316.21,192.64
346.21,315.20,193.88
343.60,313.83,195.78
345.78,316.06,194.74
349.40,316.05,190.99
348.09,315.97,192.30
344.82,315.24,195.31
347.74,315.89,192.63
348.99,316.75,191.69
346.71,315.98,193.74
344.86,315.68,195.48
346.28,315.45,193.92
347.74,316.42,192.87
350.10,315.96,190.23
348.56,314.63,191.30
344.48,314.58,195.31
343.66,316.55,197.19
349.39,317.73,191.65
351.54,316.80,189.00
345.08,315.10,194.97
344.82,314.46,194.91
347.60,314.40,192.15
350.27,316.04,190.08
346.33,315.60,193.95
343.71,315.38,196.50
347.68,316.76,193.08
351.32,316.62,189.18
349.39,315.44,190.77
344.31,314.49,195.43
344.95,314.65,194.88
350.30,316.74,190.29
351.63,316.75,188.89
347.04,315.33,193.11
343.32,314.71,196.52
348.37,316.27,192.14
350.38,315.46,189.77
347.15,315.63,193.12
344.83,315.82,195.59
347.49,316.01,192.95
350.35,316.43,190.14
348.62,315.79,191.69
344.97,315.14,195.10
346.44,315.51,193.80
349.59,316.20,190.85
350.35,316.48,190.15
346.42,315.38,193.75
344.31,314.71,195.54
348.76,316.71,191.91
349.52,316.76,191.13
348.71,315.73,191.57
344.74,314.50,195.01
347.72,315.94,192.68
351.44,316.37,188.97
347.40,315.27,192.71
344.98,315.25,195.15
348.05,316.54,192.59
349.08,316.09,191.34
347.78,314.95,192.20
348.04,315.43,192.13
347.01,315.15,193.06
348.97,316.04,191.43
349.68,316.27,190.78
345.34,315.54,194.93
346.49,315.57,193.77
349.30,315.64,190.93
350.33,316.14,190.06
347.06,315.83,193.31
346.29,315.00,193.71
348.98,315.23,191.11
349.35,316.51,191.21
347.76,316.77,193.00
347.17,315.68,193.13
348.53,315.71,191.74
348.05,315.41,192.11
346.54,315.19,193.55
347.80,316.58,192.87
349.60,316.57,190.98
349.28,315.99,191.09
347.14,315.59,193.12
345.14,315.11,194.92
348.07,315.57,192.16
348.35,315.92,192.02
350.27,316.65,190.30
347.23,316.36,193.37
345.58,314.79,194.32
348.51,315.12,191.54
348.50,315.75,191.80
347.96,316.77,192.79
347.94,316.77,192.81
346.81,315.53,193.43
348.80,315.49,191.39
348.45,315.41,191.72
346.79,315.45,193.41
347.55,316.53,193.11
349.87,316.43,190.64
348.88,314.92,191.09
346.11,315.35,194.06
347.56,316.82,193.23
349.27,316.90,191.44
350.04,316.99,190.67
348.72,315.50,191.47
345.82,314.17,193.79
347.44,315.79,192.91
349.63,316.63,190.96
348.63,315.81,191.69
346.54,316.02,193.93
348.43,316.36,192.12
350.70,316.23,189.70
347.79,315.46,192.40
346.23,315.10,193.81
348.58,316.40,191.98
348.96,317.03,191.83
348.81,316.28,191.69
347.35,315.84,193.01
348.24,315.79,192.08
348.45,315.77,191.85
349.65,316.25,190.80
347.44,316.25,193.10
345.59,315.49,194.64
347.90,315.93,192.49
351.12,316.66,189.40
346.53,315.95,193.91
346.62,315.72,193.71
348.09,316.74,192.63
349.15,316.16,191.29
348.81,316.40,191.74
347.85,315.87,192.51
348.19,315.69,192.09
348.75,315.13,191.30
348.82,315.96,191.55
347.31,316.18,193.20
348.83,317.25,192.06
348.45,315.98,191.94
348.56,315.23,191.53
346.97,314.88,192.98
347.39,316.23,193.15
350.34,317.38,190.48
348.47,316.23,192.02
346.83,315.10,193.22
347.98,315.64,192.28
349.00,315.69,191.27
348.87,315.86,191.46
347.47,316.40,193.14
348.36,315.99,192.04
349.13,316.21,191.32
348.40,315.66,191.86
348.59,315.01,191.42
347.91,316.57,192.75
348.89,316.02,191.50
349.60,316.21,190.84
347.11,316.35,193.49
348.55,315.73,191.74
350.29,315.48,189.87
348.24,316.71,192.47
348.32,316.45,192.26
348.26,315.92,192.11
349.43,316.09,190.97
348.44,315.65,191.82
347.41,315.77,192.92
346.79,316.52,193.90
350.79,316.92,189.84
350.32,315.94,190.00
346.42,315.76,193.94
348.05,316.08,192.40
349.98,316.20,190.44
348.17,315.24,191.93
346.23,315.25,193.89
347.83,316.12,192.64
349.42,316.51,191.14
349.54,316.39,190.97
346.49,315.13,193.57
346.85,315.77,193.49
349.56,315.91,190.77
350.78,315.84,189.49
347.07,316.01,193.38
345.25,315.91,195.20
349.94,315.91,190.38
349.28,316.30,191.21
346.54,315.83,193.85
347.10,315.49,193.12
348.72,316.57,191.90
349.49,316.31,190.99
348.57,316.03,191.83
347.60,315.66,192.68
348.59,315.68,191.68
350.16,316.36,190.31
349.22,317.00,191.54
346.19,316.20,194.38
348.51,316.08,191.92
349.88,316.51,190.66
350.15,315.95,190.17
348.33,315.93,192.05
347.03,316.59,193.69
349.56,316.28,190.91
349.45,315.72,190.81
347.24,316.16,193.27
347.14,316.54,193.54
348.96,316.48,191.61
350.19,316.49,190.32
348.73,316.73,191.95
345.84,315.19,194.25
348.57,315.30,191.54
349.76,316.42,190.75
349.06,316.71,191.59
348.30,316.02,192.11
348.54,316.21,191.95
350.11,316.29,190.34
349.97,316.11,190.42
346.62,315.44,193.58
347.05,315.39,193.12
348.58,316.15,191.88
350.00,317.37,190.84
348.31,316.49,192.29
347.18,315.23,192.92
348.55,314.80,191.37
349.62,316.33,190.86
348.34,316.58,192.30
348.29,316.26,192.22
349.05,315.73,191.22
348.53,316.14,191.92
348.40,316.62,192.26
349.12,316.21,191.34
350.14,316.62,190.42
349.25,316.25,191.21
348.11,315.45,192.08
347.96,315.28,192.16
348.38,316.39,192.18
349.47,316.71,191.17
349.08,316.28,191.41
348.06,315.69,192.23
348.64,315.63,191.60
349.27,316.74,191.38
347.97,316.41,192.62
348.56,315.73,191.73
347.93,316.37,192.64
348.33,315.84,192.01
348.07,315.72,192.23
347.96,316.59,192.71
349.75,316.97,190.97
349.98,316.94,190.71
347.87,316.43,192.74
347.26,315.11,192.79
349.53,314.99,190.47
350.12,316.72,190.48
346.81,316.72,193.98
347.43,316.06,193.02
349.95,316.70,190.66
349.44,316.77,191.22
347.22,314.73,192.66
347.94,315.22,192.15
349.55,316.91,191.15
351.28,317.55,189.52
347.04,316.49,193.63
347.67,315.87,192.69
349.07,314.78,190.85
348.47,315.94,191.90
347.05,315.62,193.22
349.57,316.16,190.85
348.77,316.93,191.99
348.04,316.45,192.56
347.06,314.15,192.58
347.86,315.39,192.30
350.71,317.27,190.05
350.24,316.94,190.42
346.94,314.37,192.78
346.94,314.97,193.05
350.28,316.19,190.12
348.93,315.57,191.29
345.49,315.52,194.76
348.28,317.17,192.61
349.57,316.78,191.08
348.63,316.53,191.98
346.74,315.73,193.60
346.63,315.65,193.67
346.01,316.44,194.68
348.48,316.47,192.11
348.11,315.61,192.14
347.14,315.45,193.06
350.56,316.01,189.77
348.18,315.37,191.97
342.75,315.00,197.26
344.54,316.63,196.32
348.85,316.40,191.69
348.85,315.93,191.51
344.64,313.38,194.55
344.54,313.51,194.71
345.22,314.20,194.39
346.91,314.80,193.00
346.65,314.88,193.30
345.94,314.95,194.04
346.89,314.43,192.86
346.59,312.74,192.42
343.15,313.08,195.82
343.69,314.01,195.78
347.40,314.15,192.24
347.21,314.17,192.43
343.99,313.08,195.02
344.86,312.58,193.96
345.20,314.16,194.38
346.12,314.39,193.60
346.56,313.09,192.60
344.27,313.28,194.86
344.79,314.64,195.03
346.10,313.59,193.26
345.76,312.38,193.04
343.73,312.94,195.20
344.96,313.75,194.42
346.31,314.27,193.36
347.72,314.73,192.16
344.44,313.54,194.82
341.18,311.77,196.93
345.68,313.23,193.50
347.97,313.62,191.48
342.96,312.68,195.79
340.87,311.59,197.11
344.84,312.49,193.94
345.00,312.86,193.96
343.14,313.20,195.89
342.58,313.27,196.46
342.88,314.29,196.72
347.34,313.95,192.22
344.19,312.78,194.69
339.97,310.18,197.11
341.21,311.26,196.62
345.57,315.06,194.46
346.68,314.94,193.29
343.74,313.93,195.70
340.50,312.20,197.81
342.29,311.32,195.68
346.24,312.51,192.65
344.00,313.49,195.22
345.79,315.13,194.26
346.87,314.85,193.06
342.45,312.62,196.23
338.93,310.30,198.09
342.68,311.75,195.55
347.90,315.81,192.44
348.60,315.72,191.68
344.27,313.73,195.08
340.89,311.30,196.93
343.10,311.51,195.05
345.95,313.62,193.42
344.99,314.00,194.51
344.99,314.09,194.56
346.33,313.57,193.03
343.08,311.44,195.03
342.30,311.05,195.54
346.09,313.42,193.20
346.34,313.89,193.16
344.43,313.58,194.85
342.82,312.15,195.64
343.22,311.25,194.81
346.05,312.59,192.86
344.81,313.52,194.46
345.15,313.74,194.24
345.50,313.06,193.59
345.04,312.72,193.86
344.34,313.16,194.73
344.09,313.41,195.09
346.25,313.46,193.06
347.43,313.37,191.90
344.49,313.06,194.54
344.90,312.91,194.08
346.39,314.28,193.28
346.04,313.50,193.27
347.45,312.92,191.69
346.54,313.72,192.89
345.57,313.83,193.87
349.17,313.95,190.45
346.92,312.78,192.13
344.87,313.25,194.27
345.94,314.61,193.87
348.90,314.39,190.87
347.57,313.23,191.71
345.92,313.96,193.60
348.18,314.32,191.55
348.22,313.77,191.29
346.70,313.20,192.51
346.09,314.14,193.51
346.08,314.53,193.70
347.72,314.43,192.04
347.41,313.54,191.98
347.07,315.34,193.07
348.02,316.29,192.51
348.82,315.78,191.48
348.55,313.98,191.05
344.84,312.85,194.11
345.01,312.23,193.66
347.34,313.31,191.96
348.18,314.68,191.69
347.31,315.11,192.74
347.81,313.86,191.72
346.18,313.16,192.99
345.55,313.76,193.86
347.29,314.70,192.58
349.86,315.10,190.18
346.95,314.20,192.70
344.97,312.87,194.00
346.46,313.38,192.82
348.34,314.79,191.57
348.79,315.47,191.39
346.86,314.57,192.95
346.33,313.38,192.95
346.12,312.07,192.58
348.98,314.12,190.70
348.16,315.16,191.91
348.13,315.71,192.17
349.32,315.09,190.71
346.34,313.38,192.94
346.26,313.04,192.87
349.24,314.89,190.72
348.42,315.15,191.64
347.06,313.25,192.20
345.26,314.27,194.38
349.11,314.22,190.61
348.32,313.77,191.20
346.75,313.24,192.49
347.55,313.58,191.87
348.27,314.42,191.50
349.51,314.58,190.34
348.68,313.18,190.64
346.19,313.29,193.04
346.13,313.99,193.41
348.64,314.32,191.09
348.34,314.02,191.28
347.69,313.89,191.85
346.99,313.53,192.38
349.01,313.76,190.54
348.45,313.61,191.02
346.73,313.09,192.44
346.47,313.78,192.99
349.38,314.52,190.44
348.00,313.81,191.53
347.78,313.08,191.45
346.85,312.70,192.17
347.47,313.55,191.92
350.54,313.99,189.14
347.05,314.50,192.73
344.87,313.38,194.34
347.94,313.72,191.55
349.84,313.16,189.54
347.29,313.91,192.25
345.96,314.18,193.66
347.95,314.27,191.75
348.51,313.16,190.79
348.78,313.64,190.71
346.59,314.09,193.00
347.51,314.33,192.21
347.99,313.68,191.48
346.16,313.55,193.18
346.50,313.38,192.79
349.00,314.81,190.93
348.45,314.53,191.37
347.24,313.94,192.31
344.64,313.04,194.39
346.63,314.11,192.97
349.04,314.29,190.69
346.23,313.66,193.16
345.54,313.46,193.74
346.66,313.61,192.72
348.19,314.30,191.54
347.06,314.23,192.60
345.68,312.88,193.33
346.79,312.81,192.27
346.17,312.62,192.76
345.05,313.83,194.38
347.31,313.88,192.22
347.81,313.92,191.75
346.53,313.63,192.87
346.09,312.06,192.60
343.82,311.88,194.59
347.17,313.10,192.03
347.77,313.27,191.54
345.94,314.80,193.97
345.28,312.60,193.58
346.86,312.74,192.17
345.31,312.76,193.62
344.36,312.18,194.24
346.43,312.63,192.52
346.39,313.59,192.97
345.85,313.68,193.54
344.31,312.40,194.38
343.54,312.24,195.02
345.04,312.44,193.73
347.77,313.37,191.57
345.15,313.66,194.20
343.49,312.58,195.24
345.81,312.39,193.00
345.21,312.86,193.77
343.76,312.64,195.02
345.55,313.32,193.66
345.62,313.31,193.59
344.42,311.79,194.00
343.42,311.98,195.00
343.99,312.89,194.92
347.43,313.75,192.05
347.43,312.89,191.70
341.50,311.82,196.66
343.96,312.25,194.63
347.63,312.91,191.52
345.75,313.48,193.54
343.93,313.13,195.10
345.34,313.55,193.96
345.07,312.91,193.92
345.36,312.20,193.33
344.46,312.61,194.35
343.05,312.82,195.77
345.26,313.70,194.11
347.67,314.44,192.10
345.76,312.56,193.12
344.07,312.31,194.57
345.21,312.76,193.72
345.63,313.16,193.51
344.42,313.32,194.73
342.72,314.10,196.78
344.90,314.21,194.71
347.64,313.66,191.81
345.48,313.58,193.85
342.24,312.90,196.57
344.13,313.24,194.97
345.00,313.74,194.38
345.65,315.12,194.41
345.33,315.41,194.88
346.00,313.19,193.17
346.54,311.57,191.99
344.21,313.45,195.00
344.99,314.68,194.85
345.67,313.85,193.79
346.08,313.72,193.33
345.54,313.19,193.61
344.69,313.05,194.35
345.45,313.62,193.89
347.23,313.17,192.00
345.04,311.40,193.26
344.74,312.59,194.07
347.22,314.79,192.69
346.88,315.17,193.20
346.05,314.53,193.73
344.24,313.68,195.08
346.01,312.54,192.88
347.16,312.30,191.71
345.03,313.18,194.09
346.24,314.59,193.57
347.43,314.41,192.33
346.65,315.42,193.54
345.88,314.48,193.87
347.79,312.90,191.37
348.54,312.61,190.56
347.85,314.29,191.86
345.49,314.14,194.09
345.32,314.69,194.53
348.22,314.83,191.71
348.62,315.27,191.49
345.72,313.35,193.51
347.90,313.49,191.49
348.48,314.64,191.38
347.72,316.41,192.88
346.73,315.72,193.59
346.13,313.76,193.31
346.71,313.95,192.83
347.50,314.30,192.20
349.33,315.30,190.78
348.31,315.06,191.71
348.15,314.93,191.83
346.72,315.13,193.34
347.63,313.93,191.93
347.46,314.64,192.39
348.41,314.57,191.42
348.55,314.09,191.10
347.33,315.38,192.83
347.89,314.95,192.09
348.94,314.19,190.76
347.02,313.55,192.36
347.47,314.62,192.37
348.07,314.69,191.81
349.98,314.90,189.98
347.65,313.83,191.87
345.32,313.37,193.90
347.93,314.52,191.88
349.56,314.94,190.42
349.48,314.62,190.38
346.79,314.20,192.85
347.55,313.93,192.01
349.11,314.00,190.53
347.44,313.77,192.04
346.53,314.58,193.28
349.46,315.08,190.57
349.29,314.54,190.55
348.49,312.98,190.74
349.68,312.64,189.52
347.51,313.94,192.05
348.48,315.41,191.68
349.96,314.95,190.02
348.07,313.88,191.49
347.67,314.53,192.14
348.24,314.30,191.49
348.04,313.96,191.55
347.70,314.72,192.18
347.95,314.54,191.86
348.23,314.36,191.52
347.13,313.98,192.43
347.70,313.95,191.87
348.31,313.44,191.08
346.94,313.92,192.59
347.08,314.09,192.53
349.04,314.12,190.63
347.13,313.59,192.27
345.82,313.85,193.65
349.36,314.61,190.50
347.59,313.90,191.95
346.90,313.92,192.63
346.97,313.84,192.53
346.41,313.37,192.86
347.06,313.59,192.33
347.47,314.43,192.29
345.91,314.53,193.87
347.19,313.52,192.19
348.72,313.38,190.67
346.21,313.54,193.12
346.43,314.34,193.27
348.28,315.41,191.89
347.64,314.37,192.11
344.82,313.27,194.33
345.94,313.42,193.33
348.10,313.40,191.27
346.72,314.05,192.86
344.58,313.85,194.84
346.76,313.97,192.79
348.62,314.31,191.11
348.16,314.18,191.51
345.19,313.30,193.99
346.27,314.02,193.29
347.96,315.09,192.08
349.63,314.31,190.13
346.93,313.56,192.45
344.85,313.83,194.57
348.11,313.41,191.26
348.84,314.46,190.96
346.68,314.41,193.06
347.76,314.43,192.00
348.32,314.33,191.41
346.98,313.89,192.54
347.85,314.53,191.96
346.03,314.22,193.61
347.60,313.87,191.94
348.91,314.59,190.94
348.01,314.45,191.77
346.71,313.62,192.69
348.84,314.81,191.09
349.26,315.06,190.76
347.16,314.08,192.45
346.40,313.61,192.98
347.29,314.32,192.42
349.51,314.79,190.41
348.75,314.41,191.02
346.87,314.63,192.96
346.54,313.67,192.87
348.06,313.39,191.31
348.10,314.44,191.67
347.27,314.63,192.58
348.54,314.75,191.36
347.84,314.56,191.97
348.66,314.23,191.04
347.56,314.20,192.11
346.78,314.27,192.89
349.04,314.51,190.78
349.14,314.35,190.62
345.97,313.98,193.56
347.20,314.20,192.46
349.44,314.28,190.30
349.45,314.13,190.24
349.22,315.91,191.12
348.23,314.42,191.54
347.77,313.50,191.62
348.88,314.71,191.01
348.69,315.03,191.32
347.76,314.58,192.07
349.47,314.21,190.25
348.21,313.65,191.26
346.49,313.97,193.04
346.98,314.84,192.96
348.59,314.80,191.33
349.01,314.42,190.77
350.24,314.83,189.70
348.49,314.06,191.14
347.80,313.91,191.76
348.64,314.31,191.10
348.14,314.51,191.67
347.89,314.89,192.07
349.49,315.28,190.61
350.24,315.11,189.79
348.71,314.00,190.92
347.23,313.49,192.13
347.65,313.49,191.73
350.00,315.29,190.10
350.35,315.68,189.88
348.91,314.84,191.03
347.98,314.11,191.66
349.35,313.90,190.25
348.73,314.03,190.90
347.88,315.29,192.24
350.36,315.86,189.92
350.73,314.97,189.26
348.77,313.72,190.75
347.86,313.34,191.47
348.81,314.50,191.00
349.24,315.16,190.82
350.49,315.07,189.53
348.45,314.66,191.41
348.69,315.79,191.62
350.99,314.71,188.92
349.50,313.61,190.02
348.12,314.35,191.62
349.68,314.92,190.29
349.90,314.38,189.89
348.58,314.55,191.25
347.83,315.91,192.55
350.06,316.20,190.36
350.38,313.79,189.22
347.94,312.62,191.12
348.22,313.75,191.29
350.53,315.14,189.51
351.95,315.63,188.23
349.17,314.96,190.82
348.48,315.28,191.62
348.82,315.06,191.20
350.68,314.86,189.27
349.15,314.76,190.76
349.11,314.90,190.85
351.28,315.03,188.73
349.82,313.95,189.83
348.43,314.82,191.50
348.18,315.22,191.91
350.97,315.96,189.33
351.58,315.03,188.43
350.09,314.42,189.71
347.67,313.93,191.89
349.47,314.95,190.51
352.03,316.00,188.25
349.22,314.91,190.75
347.73,313.98,191.86
350.25,314.23,189.50
353.45,315.63,186.69
348.74,314.89,191.22
348.52,315.06,191.50
350.99,314.77,188.94
351.26,315.35,188.85
349.19,314.64,190.68
348.85,314.79,191.08
349.91,315.18,190.16
350.34,315.24,189.74
350.18,314.89,189.78
348.36,314.57,191.48
349.85,314.81,190.09
350.87,314.97,189.12
350.57,315.07,189.45
348.66,314.52,191.16
349.64,315.18,190.43
350.20,314.91,189.77
350.79,314.81,189.15
349.54,314.96,190.44
350.46,315.81,189.81
350.09,314.35,189.69
350.62,314.88,189.34
348.54,314.36,191.21
350.66,315.57,189.53
352.01,315.95,188.26
351.57,315.26,188.51
348.30,314.43,191.48
349.04,314.53,190.79
351.30,314.21,188.46
350.16,315.23,189.92
350.00,315.82,190.28
351.09,315.52,189.07
351.50,314.53,188.36
350.09,314.63,189.79
348.00,314.52,191.81
351.21,315.12,188.83
351.47,315.85,188.78
351.08,314.91,188.90
349.05,313.65,190.46
348.84,315.01,191.16
350.60,315.64,189.61
352.31,315.05,187.71
350.59,315.52,189.58
349.76,314.74,190.15
351.72,313.91,187.97
349.91,314.72,190.00
348.92,315.51,191.27
350.26,315.89,190.04
351.16,314.99,188.83
351.54,315.67,188.66
349.36,314.94,190.62
350.06,314.90,189.90
350.92,314.95,189.07
351.57,315.37,188.54
349.77,314.99,190.22
351.10,315.76,189.13
351.99,315.71,188.21
350.28,315.39,189.85
348.71,314.59,191.13
350.02,314.65,189.86
351.52,314.63,188.37
350.68,314.78,189.25
349.12,315.52,191.07
351.02,315.43,189.11
350.72,314.71,189.19
349.79,314.38,190.00
349.76,314.69,190.14
350.49,315.26,189.60
351.04,315.84,189.23
349.67,315.66,190.57
348.85,314.41,190.93
350.08,314.97,189.91
351.58,315.86,188.67
352.22,316.08,188.08
349.33,314.67,190.55
348.96,314.95,191.02
350.29,315.34,189.82
351.16,315.23,188.91
349.57,315.31,190.54
350.41,315.43,189.74
350.32,315.53,189.86
350.94,315.42,189.19
349.72,314.58,190.14
349.54,315.23,190.54
350.49,315.86,189.80
351.55,315.73,188.67
350.93,315.50,189.23
348.82,314.95,191.16
350.31,314.75,189.60
350.26,314.79,189.67
350.16,315.93,190.16
350.83,316.37,189.61
351.19,315.62,189.00
350.92,314.91,189.05
350.54,314.75,189.38
349.60,314.71,190.30
350.36,315.42,189.78
351.50,316.07,188.82
350.84,316.21,189.55
349.69,315.50,190.49
349.74,315.11,190.30
350.47,315.14,189.58
351.10,315.27,188.98
351.08,315.18,188.98
350.19,315.95,190.14
350.28,315.72,189.96
351.50,315.28,188.58
349.34,314.92,190.63
349.40,315.25,190.69
351.54,315.33,188.56
351.70,315.90,188.56
350.95,316.34,189.47
350.01,315.75,190.25
350.07,314.84,189.88
350.71,314.95,189.28
350.66,315.42,189.48
351.25,316.27,189.14
351.48,316.15,188.86
350.84,315.85,189.43
350.00,315.16,190.05
350.21,315.57,189.98
352.13,315.89,188.11
351.96,315.85,188.28
351.02,315.04,188.99
349.96,315.40,190.18
350.01,315.54,190.17
351.36,316.03,188.95
351.64,315.73,188.58
351.19,316.49,189.27
351.49,316.29,188.89
350.83,314.69,189.07
349.41,314.45,190.40
350.16,315.44,189.99
352.08,316.06,188.21
351.77,316.14,188.55
349.69,315.09,190.34
350.68,315.18,189.38
351.41,315.79,188.83
350.52,315.65,189.69
349.79,315.71,190.46
350.85,315.38,189.27
352.22,315.67,187.96
350.14,315.32,189.97
350.24,315.87,190.06
350.70,315.87,189.58
352.19,316.16,188.13
351.12,315.75,189.11
350.51,315.44,189.63
351.06,315.38,189.06
350.22,314.92,189.75
350.24,315.52,189.94
350.99,316.08,189.35
349.95,315.67,190.28
351.05,315.93,189.24
351.86,315.72,188.34
349.43,315.40,190.72
350.43,315.75,189.82
352.20,315.76,188.00
350.50,315.00,189.50
349.41,315.56,190.80
351.35,316.01,188.96
350.81,315.67,189.40
350.57,316.78,190.02
348.68,316.32,191.84
349.01,315.26,191.09
351.22,314.67,188.68
349.96,315.41,190.18
350.28,317.30,190.52
350.38,316.60,190.16
350.81,315.42,189.32
350.00,314.92,189.97
348.54,315.39,191.61
349.62,316.39,190.88
351.07,315.85,189.19
349.08,315.13,190.97
347.95,315.50,192.26
350.56,316.12,189.81
351.07,315.94,189.23
347.63,315.19,192.45
347.86,315.17,192.21
349.12,315.12,190.92
349.89,315.10,190.14
347.79,316.04,192.65
348.57,316.13,191.87
349.88,315.54,190.31
348.42,314.88,191.53
347.89,314.73,192.00
348.15,315.23,191.94
351.18,315.55,188.98
349.90,314.95,190.09
347.00,314.87,192.94
348.24,315.12,191.81
350.05,316.00,190.30
351.00,316.47,189.47
348.11,315.62,192.14
347.85,314.46,191.93
350.16,315.25,189.93
349.15,316.63,191.47
348.55,316.17,191.92
349.77,315.67,190.47
349.16,315.85,191.16
349.82,315.12,190.23
347.23,313.85,192.28
347.66,315.45,192.53
350.43,317.61,190.46
350.52,317.48,190.32
348.83,316.48,191.74
348.21,315.04,191.80
349.32,314.90,190.65
348.91,315.60,191.32
348.44,316.69,192.24
348.42,315.98,191.97
349.84,315.76,190.43
349.24,315.21,190.84
348.66,315.66,191.60
349.35,316.47,191.20
350.15,316.49,190.37
347.13,313.49,192.23
347.45,313.98,192.12
348.50,315.73,191.78
348.60,316.91,192.16
349.89,317.28,190.93
347.55,317.14,193.39
348.46,315.47,191.73
350.79,315.03,189.22
347.91,316.09,192.54
346.82,316.30,193.77
347.57,314.82,192.35
347.68,313.37,191.66
347.56,313.16,191.69
347.02,313.96,192.53
350.86,315.47,189.29
350.93,316.22,189.46
351.88,317.27,188.79
352.93,316.56,187.46
353.09,315.97,187.15
349.94,316.32,190.52
352.09,315.80,188.13
352.53,315.66,187.64
355.20,316.47,185.05
355.36,314.68,184.58
354.75,313.57,185.00
355.20,312.38,184.38
353.82,313.33,185.84
352.86,312.55,186.56
351.84,314.63,188.05
353.53,316.65,186.85
352.95,315.26,187.11
350.81,314.96,189.17
349.84,315.36,190.29
352.04,315.21,188.01
351.90,316.99,188.68
351.46,318.43,189.61
351.42,318.38,189.64
351.85,318.09,189.07
351.41,317.42,189.34
351.25,317.03,189.39
350.31,316.36,190.15
351.39,316.04,188.92
351.84,315.90,188.42
352.66,316.42,187.71
352.23,317.06,188.34
352.37,317.85,188.41
353.46,317.05,187.02
351.94,317.56,188.80
351.42,317.75,189.43
351.28,317.19,189.40
350.60,317.47,190.23
351.12,317.53,189.68
352.64,316.91,187.87
353.71,317.20,186.79
352.17,317.20,188.44
352.33,315.28,187.74
350.85,315.08,189.17
348.94,315.06,191.09
347.56,316.33,193.01
351.72,317.37,188.99
351.22,319.54,190.26
352.03,317.93,188.82
349.80,317.46,191.09
350.18,317.19,190.59
350.96,317.83,189.97
351.03,319.48,190.46
350.73,320.12,191.05
350.63,319.01,190.75
349.33,319.17,192.30
349.43,319.17,192.19
349.83,317.82,191.20
351.02,318.28,190.05
350.35,318.24,190.78
352.62,316.79,187.85
350.87,316.75,189.69
348.01,316.91,192.79
349.16,317.41,191.77
353.53,317.17,186.98
354.31,317.64,186.24
350.89,316.26,189.51
350.35,314.89,189.62
350.11,314.38,189.68
351.15,314.09,188.58
355.22,313.91,184.61
353.85,314.89,186.12
351.26,314.53,188.60
352.14,314.42,187.71
357.09,314.51,182.86
354.24,313.14,185.40
353.42,312.65,186.07
352.46,312.27,186.86
350.74,311.63,188.25
353.42,310.63,185.65
356.27,311.31,183.28
352.09,311.78,187.07
349.85,312.12,189.20
353.89,311.31,185.37
355.09,311.75,184.39
351.24,311.00,187.63
351.68,311.09,187.27
354.08,312.01,185.33
354.52,312.14,184.97
352.61,311.61,186.58
352.43,311.31,186.66
353.60,311.28,185.62
356.51,311.59,183.10
353.56,310.41,185.49
351.18,310.50,187.55
352.58,311.35,186.54
356.92,312.22,182.80
353.38,311.88,185.94
351.73,310.75,187.14
351.68,310.98,187.24
354.81,311.28,184.56
355.83,310.56,183.57
353.81,311.23,185.43
353.88,311.52,185.43
353.94,311.62,185.39
353.59,311.38,185.65
353.69,311.81,185.65
354.22,311.90,185.19
356.21,311.30,183.33
355.89,310.81,183.55
353.68,310.33,185.37
353.89,310.77,185.27
355.59,310.87,183.82
355.54,311.45,183.94
353.59,311.30,185.64
353.63,311.12,185.56
354.93,310.47,184.33
354.06,310.18,185.02
354.10,311.24,185.18
354.21,311.40,185.11
355.83,310.92,183.62
355.25,310.89,184.12
352.08,310.40,186.75
352.09,310.37,186.73
354.42,311.26,184.90
355.92,311.23,183.58
355.18,311.70,184.30
354.33,311.14,184.95
355.78,310.56,183.62
352.54,309.60,186.18
352.44,310.46,186.46
353.83,311.44,185.45
356.22,312.34,183.45
354.81,311.29,184.56
353.91,311.16,185.32
354.93,310.52,184.34
354.62,311.14,184.70
354.99,311.17,184.38
353.11,311.51,186.11
353.84,311.20,185.40
356.04,311.58,183.52
356.14,311.84,183.45
354.25,311.96,185.17
354.36,311.24,184.94
356.92,311.24,182.70
354.55,310.95,184.74
352.57,310.80,186.42
355.46,310.86,183.93
356.20,311.02,183.31
354.75,311.27,184.61
354.50,311.74,184.91
355.68,311.72,183.85
356.16,311.72,183.42
355.65,311.06,183.79
353.50,310.67,185.59
353.96,310.98,185.25
356.24,311.36,183.31
354.67,311.49,184.72
354.07,310.95,185.15
355.96,311.37,183.56
356.47,311.64,183.14
353.13,310.93,185.96
354.10,311.32,185.19
354.88,311.41,184.52
357.28,311.63,182.42
355.45,311.60,184.05
354.05,311.83,185.33
355.81,311.48,183.70
356.76,311.72,182.89
355.66,311.60,183.85
353.75,311.49,185.54
355.01,311.25,184.38
356.01,311.05,183.48
354.69,311.42,184.69
354.13,312.43,185.36
355.83,312.54,183.83
356.93,311.86,182.75
355.00,312.56,184.59
354.40,311.47,184.95
355.55,311.25,183.90
354.40,311.51,184.96
354.77,311.60,184.65
353.97,311.95,185.42
356.28,312.53,183.41
357.58,312.01,182.18
354.23,311.33,185.08
353.35,311.72,185.94
355.77,312.26,183.84
355.36,311.69,184.13
353.08,311.65,186.16
354.49,311.46,184.87
354.58,312.23,184.92
357.27,312.46,182.50
355.73,312.58,183.93
354.39,312.03,185.06
354.87,311.73,184.57
355.26,310.58,184.07
354.87,311.21,184.50
354.39,312.34,185.11
355.25,312.43,184.34
356.11,312.42,183.56
355.77,312.04,183.82
354.03,311.12,185.21
354.08,311.28,185.20
355.41,312.08,184.15
354.96,312.49,184.62
355.36,313.16,184.35
355.68,312.32,183.94
355.49,310.90,183.91
355.81,311.40,183.69
355.11,312.24,184.44
354.61,312.14,184.88
356.28,312.61,183.42
355.42,312.03,184.13
354.31,311.69,185.07
355.20,311.78,184.29
355.88,311.27,183.61
355.13,311.27,184.28
353.78,312.11,185.63
355.14,311.71,184.34
354.82,312.11,184.68
355.54,312.05,184.02
356.62,312.27,183.07
355.43,312.53,184.19
355.62,312.26,183.98
356.29,311.66,183.30
354.24,311.67,185.13
352.77,310.89,186.27
354.07,311.52,185.26
356.89,313.52,182.95
355.96,312.97,183.76
355.15,311.99,184.37
353.45,311.94,185.89
353.90,311.51,185.40
356.50,311.51,183.10
353.60,311.66,185.70
354.02,312.52,185.49
357.14,311.64,182.54
353.76,311.03,185.43
352.25,310.72,186.68
352.29,310.21,186.53
349.47,308.54,188.42
350.24,308.31,187.74
353.60,310.34,185.44
354.09,310.00,184.97
353.85,310.57,185.27
353.71,311.74,185.62
352.90,310.78,186.13
358.31,311.50,181.49
0.92,313.81,179.12
358.93,317.13,181.16
1.08,317.23,178.83
5.77,315.65,174.10
7.32,317.52,172.01
2.74,321.37,176.58
0.74,324.56,178.96
10.47,323.97,165.74
15.95,325.73,157.24
13.66,331.72,155.69
5.17,333.31,169.80
8.12,335.31,162.76
15.67,335.82,148.01
21.46,338.21,135.48
19.76,345.32,126.09
13.88,347.09,132.85
10.85,347.61,138.89
22.87,350.35,111.95
27.92,352.80,103.41
20.74,356.14,100.10
10.68,354.77,115.90
18.35,353.62,108.64
28.39,356.14,97.11
33.29,2.12,86.78
23.99,358.96,92.34
16.38,357.09,99.82
18.13,356.41,100.86
25.25,358.13,93.95
28.91,357.49,94.53
23.03,357.58,95.67
20.84,358.30,94.47
9.91,352.30,127.73
8.31,353.84,126.49
8.22,353.34,128.95
10.12,351.20,130.96
6.65,349.96,146.64
6.09,351.28,145.19
6.21,351.96,142.40
4.11,350.75,156.17
4.11,352.28,152.05
0.43,354.04,175.89
1.12,356.94,159.86
0.81,354.60,171.45
0.73,351.95,174.86
2.16,352.22,164.56
0.93,354.55,170.38
0.92,359.40,123.11
2.98,3.26,42.43
1.65,2.11,38.05
4.36,3.53,50.99
4.99,3.44,55.47
0.88,1.77,26.34
0.41,1.92,11.96