294.80,75.58,330.91
294.35,75.68,330.58
293.17,76.77,331.22
294.79,75.14,330.12
297.10,73.90,330.58
296.60,73.70,329.72
295.14,75.66,331.41
297.59,73.61,330.63
297.98,73.30,330.55
295.74,74.06,329.36
298.69,72.95,330.73
298.35,72.41,329.56
298.90,72.42,330.14
301.48,71.05,330.72
302.10,71.04,331.30
303.57,69.54,330.65
303.91,68.08,329.09
301.86,69.82,329.39
306.21,67.95,331.05
307.76,67.94,332.38
309.14,66.90,332.34
311.36,64.78,331.86
312.99,64.06,332.44
314.75,63.18,332.98
312.42,65.07,333.05
317.57,61.29,333.41
319.29,60.50,334.04
317.62,59.30,331.56
320.01,56.78,331.22
321.48,56.88,332.56
322.68,54.89,331.81
325.61,54.90,334.31
325.07,52.55,331.86
325.29,53.05,332.48
333.49,49.57,336.97
329.21,48.88,332.52
329.29,48.89,332.60
329.69,46.08,330.63
327.37,45.73,328.03
331.26,47.14,333.03
329.71,45.17,329.86
328.95,47.10,330.78
326.78,45.40,327.14
325.41,46.48,326.79
323.62,48.83,327.21
324.58,47.22,326.65
326.43,48.11,329.24
324.90,46.59,326.39
321.19,47.74,323.83
319.43,48.88,323.23
318.36,49.77,323.06
317.73,51.94,324.56
318.29,51.36,324.53
317.57,50.75,323.25
319.29,52.44,326.51
319.71,49.74,324.33
317.46,52.67,325.01
316.92,53.39,325.21
317.09,52.55,324.55
313.42,52.03,320.49
320.60,52.59,327.86
319.07,55.53,329.23
311.92,55.32,322.38
314.65,55.67,325.34
316.71,55.17,326.75
314.34,56.54,325.93
314.19,56.71,325.96
315.66,56.46,327.06
313.69,57.51,326.30
313.52,56.91,325.55
315.03,58.48,328.51
315.44,57.25,327.64
313.43,57.37,325.92
314.43,59.25,328.75
317.89,57.23,329.81
315.70,57.60,328.23
315.63,56.36,326.93
315.84,56.90,327.66
317.28,56.89,328.94
316.26,55.20,326.38
317.12,55.25,327.21
315.52,55.68,326.15
318.11,55.79,328.62
317.79,56.07,328.60
317.20,54.91,326.96
317.56,55.09,327.46
317.27,56.25,328.32
316.77,55.49,327.12
317.84,55.27,327.88
315.95,54.94,325.84
317.38,55.25,327.44
317.07,55.73,327.63
319.29,53.99,327.97
318.91,54.14,327.77
316.85,55.14,326.85
317.64,54.98,327.42
318.99,54.23,327.93
317.35,55.00,327.18
316.03,54.46,325.43
315.90,55.86,326.69
318.86,55.77,329.27
318.02,54.41,327.22
317.05,54.29,326.21
318.22,55.39,328.34
317.95,54.77,327.50
319.00,54.11,327.83
316.92,54.91,326.69
316.89,54.52,326.29
318.51,53.89,327.17
319.63,54.28,328.56
315.02,54.59,324.61
317.36,55.77,327.93
317.84,53.84,326.50
317.72,53.98,326.53
318.70,53.47,326.94
318.93,53.91,327.58
317.19,54.03,326.09
317.82,53.25,325.92
318.91,53.39,327.06
318.04,53.74,326.59
318.22,53.89,326.90
318.74,54.02,327.51
318.54,53.89,327.20
318.13,53.21,326.16
318.68,52.25,325.75
319.40,53.58,327.69
318.51,54.35,327.61
318.59,53.58,326.95
318.96,51.42,325.22
321.40,53.14,329.10
318.78,52.60,326.19
318.20,53.47,326.48
319.79,52.16,326.71
318.62,52.64,326.07
316.94,52.63,324.48
320.26,52.62,327.57
321.14,51.96,327.77
317.71,53.00,325.57
317.50,54.07,326.41
320.00,53.15,327.84
320.35,52.07,327.15
318.19,53.23,326.24
317.87,53.41,326.12
319.56,52.50,326.82
319.18,52.60,326.56
320.42,52.29,327.41
318.91,53.81,327.45
319.05,53.58,327.37
318.95,53.03,326.76
319.69,52.21,326.67
320.03,52.50,327.25
320.01,52.52,327.26
318.98,52.01,325.81
320.71,51.73,327.15
320.70,51.61,327.03
318.16,53.02,326.01
320.39,51.73,326.87
321.05,52.62,328.30
320.74,53.17,328.53
319.81,52.34,326.89
319.56,52.24,326.57
320.89,52.60,328.13
320.71,51.97,327.38
320.20,53.02,327.90
319.99,53.01,327.69
319.72,52.74,327.19
318.82,52.31,325.94
321.68,52.41,328.68
322.09,51.40,328.13
321.30,51.44,327.44
319.82,51.77,326.37
320.53,50.70,326.02
320.84,50.36,325.99
323.64,50.42,328.67
322.90,50.68,328.22
319.58,50.40,324.83
319.37,50.68,324.91
322.36,48.23,325.44
324.30,50.16,329.06
323.93,50.38,328.91
322.77,49.13,326.68
322.33,48.75,325.90
322.74,49.38,326.88
323.70,50.02,328.38
325.07,50.09,329.71
324.13,50.55,329.25
322.52,49.82,327.08
323.02,49.67,327.41
325.48,50.59,330.53
325.98,50.63,331.01
324.13,51.34,329.95
323.83,50.34,328.78
324.11,51.09,329.72
324.33,50.26,329.17
324.43,50.85,329.79
324.36,50.99,329.85
323.17,51.58,329.28
322.36,52.21,329.12
323.86,52.25,330.51
324.59,51.52,330.52
323.43,51.97,329.88
323.09,52.28,329.85
322.59,52.69,329.77
323.27,52.35,330.07
323.36,51.89,329.74
321.89,52.73,329.17
323.23,52.75,330.39
323.70,52.61,330.69
323.26,52.53,330.22
324.21,53.81,332.19
323.98,52.09,330.48
323.67,51.95,330.08
323.06,53.48,330.90
323.91,53.87,331.98
323.65,52.78,330.79
321.94,54.04,330.40
324.14,52.63,331.09
323.37,52.66,330.44
322.27,54.71,331.29
323.70,53.68,331.63
322.49,53.97,330.83
323.27,54.20,331.71
323.65,53.78,331.68
322.33,53.90,330.62
322.55,54.61,331.45
322.62,54.91,331.77
322.19,54.09,330.66
322.59,54.33,331.23
321.61,55.03,331.01
321.88,54.53,330.80
323.49,54.00,331.72
322.67,54.32,331.30
322.20,54.74,331.26
322.93,53.05,330.39
323.54,53.36,331.21
323.12,54.11,331.50
322.68,54.58,331.54
323.89,53.34,331.51
323.79,53.02,331.13
323.39,52.73,330.52
323.32,53.73,331.34
322.98,53.92,331.22
322.33,53.34,330.11
323.12,53.31,330.80
322.40,53.98,330.75
322.20,54.16,330.74
321.96,54.53,330.86
322.16,53.98,330.54
321.94,54.71,331.01
323.06,54.44,331.74
322.40,54.14,330.89
322.10,53.64,330.19
321.96,55.49,331.72
322.36,54.46,331.15
323.48,53.28,331.09
321.44,54.26,330.16
323.57,53.38,331.25
324.07,53.80,332.06
322.65,53.19,330.27
323.17,53.77,331.25
322.66,54.49,331.44
321.93,53.93,330.29
322.32,53.38,330.14
322.06,53.59,330.10
322.42,53.29,330.15
322.04,53.97,330.43
322.52,53.79,330.69
322.17,53.97,330.54
321.19,54.58,330.23
322.92,53.17,330.49
322.91,53.68,330.94
322.55,54.77,331.59
322.12,53.43,330.02
322.08,54.32,330.78
322.76,54.37,331.42
322.95,53.76,331.04
323.59,54.24,332.03
322.74,53.34,330.49
324.52,52.50,331.33
323.16,53.33,330.85
322.08,53.73,330.24
323.08,54.63,331.92
322.87,53.96,331.15
323.05,53.35,330.76
321.03,52.95,328.59
322.51,53.65,330.56
323.24,53.64,331.19
322.39,54.19,330.93
322.70,53.61,330.69
322.39,53.24,330.08
322.93,52.59,329.97
321.72,54.79,330.88
322.92,54.30,331.50
323.06,54.10,331.45
323.07,53.98,331.35
322.52,53.19,330.16
322.25,54.36,330.96
321.65,54.31,330.39
322.56,53.26,330.24
323.34,54.10,331.69
323.92,53.34,331.52
322.42,53.43,330.27
321.86,54.41,330.67
321.42,54.39,330.26
323.23,53.93,331.45
322.84,53.84,331.02
322.51,53.67,330.58
321.01,53.65,329.21
323.15,53.09,330.62
322.61,53.14,330.18
321.79,53.62,329.89
322.39,54.04,330.80
322.62,52.88,329.96
322.71,53.27,330.39
323.26,52.90,330.55
321.95,53.74,330.14
322.18,52.40,329.13
322.45,54.37,331.15
321.61,52.89,329.06
321.99,54.12,330.52
323.22,53.47,331.03
321.74,53.17,329.44
323.26,53.17,330.79
321.83,53.07,329.42
322.77,53.66,330.80
322.05,53.47,329.98
323.30,53.92,331.49
322.13,53.81,330.36
323.56,52.35,330.33
323.52,53.37,331.20
323.42,52.62,330.45
322.69,53.51,330.59
322.51,53.48,330.41
323.46,53.07,330.88
324.00,53.35,331.60
321.87,52.56,329.00
322.09,52.93,329.53
324.88,53.51,332.52
322.74,53.21,330.36
322.78,52.70,329.94
322.96,54.15,331.40
322.71,53.59,330.68
323.13,52.93,330.47
323.57,52.74,330.69
322.99,52.50,329.95
322.97,53.40,330.73
321.54,53.47,329.53
321.55,54.25,330.24
322.99,52.92,330.33
322.72,54.50,331.50
322.36,53.60,330.38
323.14,53.58,331.05
322.61,52.85,329.93
322.11,52.82,329.44
322.52,53.93,330.81
323.48,53.69,331.45
323.87,53.57,331.69
322.08,53.31,329.87
323.41,53.00,330.77
323.54,52.09,330.09
322.25,53.69,330.37
322.26,53.79,330.46
323.58,52.85,330.80
323.43,52.98,330.78
322.03,52.98,329.52
321.93,52.82,329.28
323.39,53.19,330.93
323.77,53.75,331.76
322.49,53.20,330.13
322.51,53.32,330.26
322.63,53.12,330.18
321.75,53.82,330.04
322.84,53.02,330.29
322.84,53.17,330.42
322.16,52.94,329.61
322.04,53.33,329.85
323.90,52.75,330.99
323.02,52.78,330.24
323.03,53.35,330.74
322.67,53.43,330.51
323.50,52.68,330.57
323.95,51.98,330.36
323.48,52.45,330.35
322.80,53.26,330.47
323.84,52.57,330.78
323.19,52.52,330.15
322.95,52.41,329.84
322.97,53.02,330.40
323.58,53.12,331.03
323.14,52.24,329.86
323.39,52.96,330.72
322.72,52.39,329.61
322.78,53.12,330.33
323.30,52.75,330.45
322.49,53.89,330.75
323.43,53.48,331.22
323.04,52.51,330.00
322.73,53.50,330.62
323.58,53.25,331.14
321.66,54.07,330.18
322.69,53.90,330.94
323.68,52.98,331.00
322.59,53.32,330.33
323.26,52.74,330.41
322.49,53.52,330.42
322.45,53.92,330.74
323.27,52.41,330.12
324.27,53.34,331.84
323.23,52.72,330.37
322.97,52.86,330.26
323.07,52.69,330.19
322.98,52.57,330.00
323.10,53.01,330.51
323.38,51.74,329.62
323.11,52.51,330.06
324.67,50.97,330.12
323.14,52.02,329.66
324.06,52.26,330.70
323.26,52.47,330.16
322.91,51.49,328.97
322.23,52.59,329.35
324.37,51.67,330.46
322.69,53.05,330.19
323.49,51.76,329.74
324.28,51.29,330.05
321.99,52.17,328.75
322.34,50.97,327.97
323.47,51.53,329.53
322.36,52.66,329.52
323.23,51.46,329.23
324.06,52.31,330.74
323.15,51.40,329.11
322.51,51.43,328.55
323.88,51.71,330.06
324.12,50.86,329.52
323.63,51.64,329.76
322.53,51.77,328.87
322.72,52.46,329.67
322.16,51.56,328.34
323.51,52.06,330.03
323.47,52.07,330.00
323.57,51.27,329.38
322.58,51.80,328.95
323.15,51.79,329.46
323.82,51.93,330.19
321.85,52.38,328.81
322.28,52.67,329.46
324.08,51.40,329.96
322.53,51.85,328.95
322.61,52.34,329.46
323.42,52.29,330.15
323.72,51.83,330.02
322.96,52.41,329.85
322.55,52.33,329.40
323.01,52.62,330.07
322.99,51.80,329.32
323.91,52.04,330.37
324.20,53.01,331.48
323.12,52.80,330.33
323.87,52.68,330.91
323.81,51.72,329.99
323.93,52.72,330.99
324.26,53.60,332.06
323.76,52.06,330.26
326.05,51.86,332.13
325.14,51.92,331.37
323.62,52.49,330.52
323.86,52.60,330.82
324.70,52.61,331.58
323.10,52.41,329.97
323.61,51.84,329.93
323.79,52.62,330.78
324.21,52.89,331.39
323.99,51.69,330.13
324.47,53.03,331.74
323.32,53.41,331.06
323.00,52.46,329.93
324.00,52.47,330.84
322.25,53.80,330.46
323.63,52.74,330.74
324.04,51.80,330.28
323.86,53.06,331.23
323.37,53.06,330.78
323.43,52.25,330.12
323.65,52.77,330.78
323.50,53.14,330.97
323.39,52.52,330.33
323.41,52.19,330.05
323.84,53.47,331.57
322.83,53.54,330.74
322.72,52.40,329.62
324.77,53.82,332.68
324.20,52.05,330.64
323.05,52.72,330.21
323.77,52.83,330.95
323.63,52.73,330.73
323.66,52.91,330.92
323.24,52.60,330.27
323.42,52.68,330.50
323.71,52.96,331.00
323.08,53.18,330.65
322.03,53.47,329.97
323.95,53.25,331.48
323.21,53.06,330.65
322.34,52.75,329.59
323.80,52.67,330.83
323.49,53.00,330.84
322.83,53.02,330.28
323.10,52.63,330.17
323.99,52.67,331.00
322.81,52.40,329.70
323.14,52.20,329.82
322.79,52.88,330.12
321.78,53.14,329.44
321.81,53.52,329.82
323.15,53.66,331.13
323.37,52.77,330.54
322.77,53.61,330.75
322.76,52.67,329.90
322.20,52.99,329.69
323.43,52.94,330.74
322.61,51.90,329.06
323.52,53.78,331.56
323.34,52.51,330.28
322.27,52.32,329.14
322.57,53.44,330.42
323.02,53.13,330.54
323.39,52.80,330.58
323.16,52.47,330.08
323.48,53.71,331.46
322.53,53.53,330.47
321.92,52.92,329.37
322.77,53.83,330.94
323.12,52.38,329.97
323.75,52.07,330.26
324.23,52.59,331.14
323.21,52.76,330.38
323.63,52.55,330.57
323.71,52.74,330.81
323.42,52.71,330.53
323.33,52.95,330.66
324.74,52.27,331.32
323.91,51.68,330.05
325.28,52.66,332.13
323.15,53.35,330.86
323.03,52.45,329.95
323.98,52.50,330.84
324.08,53.37,331.69
323.53,52.81,330.72
323.45,51.95,329.88
323.04,53.15,330.58
324.02,52.76,331.11
324.37,52.85,331.49
323.36,53.63,331.29
324.10,52.49,330.94
324.21,52.08,330.68
324.11,52.18,330.68
324.80,52.51,331.58
323.80,53.81,331.83
324.52,52.98,331.74
324.99,53.03,332.20
324.17,52.74,331.22
323.29,53.25,330.89
324.74,52.84,331.82
323.43,52.54,330.38
324.19,52.27,330.82
324.24,52.64,331.20
323.01,52.72,330.17
324.23,52.76,331.30
323.55,53.06,330.95
323.01,53.00,330.41
322.40,53.00,329.87
323.58,52.84,330.78
323.46,53.02,330.83
322.46,54.24,331.03
321.87,52.68,329.11
323.58,52.18,330.20
323.05,53.01,330.46
321.94,53.00,329.46
323.03,52.33,329.83
323.17,52.52,330.14
323.16,53.39,330.90
320.30,51.95,326.98
317.46,55.81,328.06
321.59,53.41,329.51
322.16,54.50,331.01
317.72,52.91,325.50
318.76,54.33,327.82
317.00,52.87,324.77
323.19,54.59,331.99
324.54,53.37,332.10
319.31,53.23,327.27
308.59,51.69,315.29
311.52,58.02,324.81
320.48,56.20,331.09
324.02,51.65,330.13
305.19,50.74,310.79
311.02,48.81,314.83
319.34,50.97,325.16
318.50,47.61,321.08
316.60,48.07,319.66
311.10,49.40,315.50
315.78,46.99,317.77
314.15,44.90,314.05
313.77,46.35,315.12
315.06,46.51,316.57
315.81,46.19,316.99
316.24,43.87,315.10
316.79,42.61,314.39
319.43,43.32,317.76
323.68,43.74,322.47
315.28,43.11,313.39
312.91,42.97,310.89
313.54,44.65,313.19
313.13,45.32,313.44
313.24,44.99,313.23
316.23,44.28,315.50
316.45,43.43,314.88
315.44,45.49,315.93
315.92,43.58,314.50
314.66,44.90,314.56
311.72,46.51,313.23
312.25,48.77,316.02
315.71,46.65,317.36
313.83,46.09,314.92
314.36,46.88,316.24
312.22,45.43,312.65
312.51,45.90,313.40
312.05,47.15,314.20
312.85,45.24,313.09
311.41,45.48,311.89
314.07,43.12,312.19
313.96,44.28,313.24
315.19,43.19,313.38
315.64,41.04,311.68
317.92,40.71,313.63
318.70,39.57,313.25
319.97,36.50,311.37
324.13,36.66,315.84
320.42,33.55,308.73
321.88,33.97,310.66
324.26,31.75,310.69
324.00,29.24,307.61
326.76,29.53,310.84
324.59,28.17,306.99
325.08,25.12,303.88
327.42,26.25,307.66
327.77,22.79,303.69
326.37,21.96,301.22
332.03,24.83,311.07
326.45,22.64,302.17
327.61,20.88,301.02
329.24,22.00,304.16
326.26,23.37,302.90
324.11,21.30,298.32
330.45,22.33,305.92
328.41,21.19,302.22
325.25,20.75,298.64
327.91,24.66,306.22
327.58,21.53,301.84
328.44,22.13,303.51
328.28,22.93,304.39
328.05,23.77,305.23
328.58,24.73,307.01
326.88,22.39,302.28
327.14,24.43,305.12
328.21,24.37,306.16
327.83,24.64,306.10
328.26,23.92,305.65
326.21,24.67,304.46
326.85,25.27,305.85
326.13,24.18,303.77
327.33,26.41,307.76
328.70,25.09,307.59
326.97,24.74,305.32
329.04,27.49,310.94
328.48,25.34,307.67
330.25,25.61,309.99
325.27,25.43,304.45
327.31,25.45,306.56
333.19,26.55,314.67
329.27,28.34,312.22
327.11,29.69,311.40
330.75,30.09,315.97
321.18,26.18,301.43
319.81,30.56,304.95
325.40,33.01,313.28
323.19,35.99,314.13
323.09,34.63,312.60
319.80,31.99,306.48
320.64,33.00,308.37
323.42,33.36,311.58
320.10,38.44,313.51
316.11,43.22,314.32
320.11,38.88,313.97
322.67,38.40,316.10
316.34,41.30,312.64
319.07,42.84,316.93
317.85,42.41,315.26
317.80,41.29,314.09
316.79,41.50,313.28
316.72,42.61,314.33
318.49,41.84,315.33
319.21,42.27,316.49
315.78,44.19,314.97
317.14,44.05,316.20
320.67,42.40,318.09
319.97,41.89,316.88
317.27,44.51,316.79
320.79,44.16,319.96
322.15,43.42,320.61
320.55,43.80,319.37
321.18,43.98,320.18
321.54,44.82,321.36
321.98,43.56,320.57
320.33,44.81,320.14
322.72,45.40,323.11
321.71,45.06,321.77
320.17,46.79,321.92
322.03,45.24,322.26
320.00,46.38,321.35
320.31,46.74,322.01
320.35,47.50,322.79
322.17,45.83,322.97
321.40,47.21,323.54
323.20,44.96,323.15
321.71,46.20,322.87
320.87,48.44,324.19
319.85,48.09,322.87
320.82,48.31,324.03
319.04,48.71,322.68
321.16,48.41,324.45
321.62,48.80,325.27
319.74,47.91,322.58
319.03,48.41,322.38
320.23,48.36,323.50
320.85,48.73,324.45
319.63,48.25,322.81
318.64,49.07,322.65
321.76,48.46,325.08
320.03,49.20,324.11
320.62,48.47,323.98
320.62,49.49,324.96
319.65,50.17,324.69
320.51,50.21,325.53
320.06,50.29,325.18
319.62,51.05,325.49
321.42,51.00,327.14
319.75,50.96,325.54
318.59,53.59,326.96
318.02,53.61,326.45
315.94,53.28,324.18
317.07,54.26,326.20
311.44,59.35,326.13
317.44,55.55,327.79
317.54,56.58,328.87
312.94,57.16,325.26
313.89,57.55,326.54
315.64,58.07,328.65
313.68,58.96,327.77
315.42,59.06,329.43
314.56,59.66,329.28
314.97,61.69,331.66
311.82,61.47,328.71
310.92,62.28,328.77
311.85,62.85,330.21
314.16,62.62,331.93
310.72,62.10,328.40
307.98,64.23,328.26
311.84,63.24,330.61
312.41,64.31,332.23
312.14,64.04,331.72
315.05,63.14,333.18
313.85,63.10,332.16
311.33,64.72,331.76
311.29,63.80,330.73
312.86,64.04,332.32
308.94,65.49,330.57
311.17,64.52,331.41
314.19,63.03,332.37
315.54,61.37,331.82
316.53,63.61,334.81
317.36,61.68,333.61
314.86,62.47,332.35
312.80,61.83,329.96
310.43,61.76,327.78
314.34,62.04,331.49
314.67,61.10,330.82
317.28,59.90,331.85
315.50,60.14,330.57
312.79,58.81,326.81
311.04,61.66,328.22
310.63,59.38,325.40
310.28,61.27,327.11
310.09,60.94,326.57
309.89,60.61,326.02
309.90,62.72,328.33
311.66,60.33,327.38
309.95,58.78,324.11
311.50,58.04,324.82
312.56,59.52,327.34
309.56,60.29,325.37
308.94,60.57,325.09
310.52,57.95,323.78
310.46,59.47,325.34
311.77,58.34,325.37
310.61,58.66,324.62
310.81,58.82,324.97
311.52,58.99,325.83
313.05,57.97,326.19
313.53,57.38,326.03
314.72,56.86,326.60
314.43,57.08,326.56
314.73,55.92,325.66
312.90,56.48,324.52
313.59,56.67,325.37
315.70,56.17,326.82
315.27,55.49,325.73
317.55,54.93,327.29
316.87,54.70,326.44
314.28,55.21,324.53
316.09,55.72,326.72
316.74,55.15,326.77
317.39,53.80,326.05
316.07,54.83,325.83
318.94,52.98,326.69
317.89,53.40,326.12
318.39,53.53,326.72
316.96,53.53,325.39
316.43,54.29,325.63
318.17,51.93,324.97
317.60,53.68,326.13
316.81,54.19,325.89
317.58,52.88,325.33
318.30,52.21,325.36
318.02,54.16,326.98
318.13,52.32,325.31
316.88,53.69,325.46
317.33,53.69,325.89
317.70,52.88,325.44
317.41,53.22,325.50
317.68,52.66,325.22
316.79,52.61,324.33
319.95,52.73,327.39
316.18,53.16,324.28
318.78,52.21,325.81
318.21,51.81,324.89
316.30,53.15,324.39
318.69,53.32,326.79
317.85,52.00,324.73
316.17,53.51,324.62
318.78,52.40,326.00
318.25,52.29,325.39
318.27,50.99,324.16
316.55,52.29,323.78
317.32,53.05,325.25
317.43,52.43,324.76
318.19,52.54,325.58
318.78,51.20,324.84
318.52,51.90,325.27
318.11,52.28,325.26
316.24,51.81,323.01
318.48,52.09,325.42
317.82,51.87,324.58
317.55,51.89,324.34
318.83,51.57,325.24
317.45,51.01,323.39
318.53,52.52,325.88
318.33,51.27,324.48
317.26,52.03,324.20
318.69,51.70,325.24
318.27,52.69,325.80
318.34,50.67,323.91
317.96,52.79,325.60
318.36,51.85,325.07
316.99,51.91,323.83
318.91,52.12,325.85
319.63,51.17,325.62
317.66,51.35,323.92
317.95,51.71,324.54
318.83,52.17,325.81
316.91,51.42,323.27
318.15,52.22,325.23
319.48,52.18,326.43
317.08,50.34,322.37
318.58,52.67,326.06
320.18,50.96,325.94
317.53,50.42,322.88
319.49,51.07,325.39
319.07,52.28,326.14
317.41,52.18,324.50
318.20,51.24,324.33
318.75,50.32,323.96
318.76,50.99,324.61
317.09,52.00,324.01
318.88,50.87,324.62
319.00,51.18,325.03
317.60,51.06,323.58
320.16,51.13,326.08
318.04,51.85,324.76
318.20,50.86,323.96
318.32,51.57,324.77
318.57,50.10,323.58
320.51,50.98,326.27
317.61,51.08,323.61
317.12,51.56,323.61
317.94,53.19,325.98
316.11,50.92,322.01
318.37,47.26,320.60
318.34,50.23,323.48
317.65,49.61,322.21
317.09,47.81,319.89
317.33,46.66,318.99
317.30,47.09,319.37
316.80,45.01,316.81
321.63,43.49,320.16
321.09,43.65,319.77
321.10,43.30,319.43
321.77,44.22,321.01
318.19,41.77,314.95
322.52,40.24,317.82
318.72,41.81,315.53
317.56,43.64,316.20
319.92,42.37,317.31
322.63,38.89,316.56
321.13,42.11,318.27
322.58,41.18,318.83
321.39,40.30,316.72
319.87,41.01,315.89
321.83,42.35,319.23
321.77,40.71,317.52
321.97,41.33,318.35
322.81,41.49,319.38
320.38,41.69,317.09
320.20,42.39,317.61
321.81,42.89,319.73
321.40,42.55,318.99
321.32,43.46,319.80
321.45,42.99,319.47
321.19,43.85,320.06
320.26,43.17,318.45
321.64,42.15,318.83
321.45,43.04,319.53
320.49,44.27,319.77
321.80,42.72,319.56
321.80,43.11,319.95
320.98,43.21,319.22
321.60,42.81,319.45
321.50,43.14,319.68
320.86,43.59,319.48
321.64,43.50,320.17
320.39,43.42,318.83
322.04,42.53,319.62
321.24,42.67,318.94
321.10,43.26,319.39
321.51,42.59,319.15
321.26,42.83,319.13
321.94,42.18,319.16
320.84,43.20,319.07
321.84,42.72,319.61
319.84,44.26,319.11
321.70,41.32,318.07
321.45,43.42,319.90
321.53,43.01,319.58
321.23,42.97,319.23
320.88,43.46,319.36
321.58,44.56,321.14
321.16,42.86,319.06
320.89,42.95,318.87
322.10,42.87,320.01
322.16,42.71,319.92
319.64,42.90,317.56
321.72,43.12,319.89
322.09,43.27,320.40
321.04,42.51,318.59
320.68,43.24,318.95
321.43,44.17,320.62
321.17,42.57,318.78
321.82,43.01,319.87
320.14,45.97,321.09
321.38,42.42,318.84
321.89,43.78,320.70
321.02,44.11,320.14
321.84,43.60,320.47
320.40,47.96,323.28
320.10,46.87,321.93
321.79,45.87,322.63
322.66,45.31,322.96
321.38,48.66,324.91
320.24,47.63,322.80
319.88,51.03,325.72
324.76,48.98,328.42
318.66,53.83,327.26
322.52,50.42,327.63
324.79,51.57,330.75
320.16,55.03,329.74
321.38,53.46,329.38
320.51,53.09,328.25
319.43,56.60,330.55
318.30,54.47,327.54
317.02,55.36,327.22
318.21,56.34,329.24
317.62,56.00,328.39
316.52,57.79,329.15
319.07,57.42,331.02
320.35,55.84,330.65
319.13,56.95,330.62
319.24,56.82,330.59
320.58,54.87,329.96
320.41,55.59,330.47
321.07,55.49,330.95
319.76,54.72,329.09
321.48,54.93,330.81
320.94,55.73,331.05
320.72,55.45,330.61
319.81,55.21,329.59
319.56,56.43,330.51
319.98,55.02,329.56
320.22,56.33,330.98
320.84,55.30,330.58
319.25,56.25,330.07
321.72,54.76,330.85
320.04,55.07,329.66
318.89,56.51,330.00
319.90,55.33,329.78
322.09,55.19,331.57
320.66,55.66,330.75
319.88,56.30,330.67
321.32,55.31,331.01
320.65,54.40,329.58
320.74,55.68,330.84
320.56,55.89,330.88
321.19,55.47,331.04
321.11,55.18,330.70
320.87,55.04,330.37
319.52,55.01,329.14
321.67,55.05,331.08
319.97,56.60,331.02
320.45,54.79,329.77
319.66,54.88,329.15
321.74,55.52,331.56
319.92,55.12,329.60
319.68,54.88,329.17
320.31,55.87,330.64
319.30,54.57,328.53
317.94,55.47,328.16
318.28,55.42,328.43
320.73,53.60,328.92
320.05,54.89,329.51
320.47,54.21,329.25
318.87,53.35,326.99
321.28,52.33,328.24
317.67,53.72,326.23
316.46,53.20,324.59
318.94,52.61,326.34
319.57,51.18,325.57
319.99,50.90,325.70
321.69,50.60,327.01
321.65,50.65,327.03
322.93,49.87,327.51
319.38,48.60,322.90
323.54,47.10,325.52
324.11,48.26,327.15
322.71,47.06,324.68
322.69,46.75,324.37
322.26,47.39,324.54
321.43,47.11,323.46
323.74,45.84,324.54
322.21,47.51,324.61
322.41,47.08,324.40
322.36,44.49,321.87
321.84,46.36,323.16
319.90,47.80,322.64
322.09,45.84,322.91
323.21,46.50,324.63
320.34,48.20,323.45
322.34,47.12,324.37
321.61,44.90,321.51
322.48,45.58,323.04
320.76,47.90,323.57
319.89,46.63,321.48
320.95,46.82,322.72
322.52,44.98,322.50
321.96,45.92,322.85
322.41,44.09,321.52
322.54,45.56,323.08
320.76,48.03,323.70
319.90,46.64,321.50
322.42,44.98,322.40
322.30,46.07,323.33
321.13,45.87,321.98
321.02,45.91,321.90
321.76,47.22,323.90
321.26,47.43,323.61
319.69,47.17,321.82
320.87,44.89,320.76
321.77,45.11,321.88
321.66,46.05,322.67
322.07,44.90,321.97
321.48,44.81,321.29
320.55,44.12,319.69
322.23,44.55,321.80
322.92,43.59,321.56
322.05,43.04,320.13
323.47,42.74,321.28
326.31,42.36,323.82
323.09,43.93,322.06
322.90,41.47,319.44
324.13,40.19,319.45
325.07,40.01,320.25
324.56,40.09,319.79
324.02,39.44,318.57
325.41,37.76,318.32
325.26,38.77,319.19
324.90,39.05,319.10
325.53,36.35,316.99
325.04,37.48,317.63
325.73,37.66,318.55
324.31,36.51,315.86
327.33,33.90,316.34
326.54,35.84,317.55
326.84,35.98,318.01
324.03,34.36,313.29
328.11,32.90,316.12
328.37,33.77,317.35
327.13,34.61,316.88
326.03,31.95,312.79
327.83,31.99,314.80
327.43,32.07,314.45
328.00,31.51,314.46
326.73,31.80,313.38
329.28,30.80,315.09
326.94,31.84,313.65
328.13,31.92,315.07
328.30,33.55,317.04
326.72,32.41,314.04
327.87,31.80,314.63
325.84,32.92,313.65
325.57,33.86,314.38
329.26,32.86,317.36
328.00,30.72,313.56
328.20,32.39,315.66
326.98,31.78,313.63
326.33,33.12,314.40
328.90,32.54,316.60
328.38,32.62,316.11
328.01,32.15,315.18
325.25,33.75,313.93
327.67,32.30,314.97
329.18,33.68,318.16
326.77,32.50,314.19
327.62,31.41,313.92
328.04,32.13,315.18
328.03,32.27,315.33
327.20,32.10,314.23
327.16,32.29,314.40
326.62,32.36,313.87
327.91,32.71,315.69
327.87,34.22,317.28
326.37,32.77,314.07
327.70,32.55,315.27
329.75,32.57,317.60
329.21,32.47,316.88
326.53,34.51,316.13
329.22,37.99,322.67
332.29,34.83,322.95
329.75,35.97,321.22
323.29,39.73,318.09
327.81,40.25,323.37
334.18,41.43,331.27
324.73,44.77,324.51
321.91,47.56,324.37
325.34,45.83,326.11
321.66,52.30,328.57
317.76,53.04,325.66
319.70,49.81,324.38
322.17,48.17,325.20
322.11,55.34,331.72
321.74,52.78,329.08
319.93,52.73,327.38
324.29,51.43,330.18
324.67,54.52,333.19
321.19,54.26,329.94
323.94,52.42,330.73
322.55,54.31,331.18
320.96,55.11,330.51
321.72,55.60,331.61
321.78,54.90,331.04
322.69,54.76,331.70
328.00,52.47,334.36
324.42,54.24,332.74
323.34,54.65,332.17
323.22,53.45,331.01
324.68,53.49,332.33
324.81,52.96,331.98
324.54,53.40,332.12
321.48,52.29,328.39
326.32,50.91,331.57
325.88,51.22,331.43
322.96,51.58,329.10
326.14,49.76,330.41
326.60,51.02,331.92
322.31,51.54,328.46
323.70,49.80,328.16
328.27,48.06,330.94
326.51,49.38,330.42
321.64,50.15,326.55
323.92,48.76,327.43
328.19,48.15,330.94
323.77,47.11,325.76
323.94,46.87,325.70
326.93,48.00,329.62
324.95,46.93,326.74
325.93,45.31,326.22
326.20,44.87,326.08
326.35,46.04,327.30
328.54,44.90,328.45
326.31,43.14,324.57
327.10,43.16,325.40
325.58,46.26,326.75
326.41,42.98,324.53
326.72,42.95,324.81
327.98,43.76,326.85
327.39,43.79,326.29
326.89,42.78,324.83
326.43,44.33,325.81
327.13,43.17,325.44
328.10,44.02,327.21
327.42,44.52,326.98
327.73,44.25,327.04
325.90,43.23,324.24
327.21,44.58,326.82
328.96,43.32,327.46
326.37,43.70,325.16
326.11,43.73,324.93
328.10,43.64,326.87
326.89,44.03,325.99
327.54,43.40,326.08
326.77,43.77,325.64
325.92,43.97,324.96
326.68,44.67,326.38
327.34,44.47,326.86
325.72,45.06,325.77
325.85,43.81,324.73
327.23,43.89,326.21
326.80,44.53,326.37
325.17,44.65,324.84
325.74,44.32,325.10
327.76,44.53,327.34
326.72,43.87,325.67
326.77,43.28,325.17
326.73,44.30,326.09
326.57,43.69,325.35
326.56,44.43,326.03
327.04,44.41,326.50
326.43,43.77,325.29
326.76,43.86,325.70
326.12,44.20,325.38
327.25,43.95,326.28
326.18,43.88,325.13
325.19,44.28,324.52
327.70,44.96,327.66
326.97,43.06,325.17
326.87,43.85,325.81
326.99,44.64,326.65
327.33,43.40,325.86
326.17,44.06,325.29
326.80,43.33,325.25
326.55,44.20,325.81
326.15,44.22,325.43
326.71,44.53,326.28
326.70,43.08,324.92
327.99,44.10,327.17
326.73,44.18,325.97
325.42,44.73,325.17
327.49,43.42,326.03
327.15,44.04,326.27
325.05,44.15,324.25
326.18,44.34,325.57
326.46,44.49,325.99
326.78,43.59,325.48
325.90,43.88,324.85
327.43,43.97,326.48
326.37,44.26,325.68
325.70,45.34,326.02
326.82,43.65,325.57
326.38,44.14,325.59
327.89,43.74,326.75
326.11,44.99,326.10
325.82,44.16,325.03
325.72,44.50,325.25
327.21,45.50,327.67
326.64,42.99,324.77
325.93,43.51,324.54
327.11,44.45,326.60
327.38,42.98,325.52
326.24,45.21,326.43
326.41,43.45,324.97
326.43,43.96,325.47
326.22,44.11,325.39
326.44,44.25,325.75
327.01,44.59,326.63
325.92,44.65,325.59
327.39,44.25,326.70
326.52,44.04,325.63
327.26,43.27,325.67
326.63,44.40,326.08
326.48,44.20,325.74
326.52,44.56,326.12
326.13,44.13,325.32
326.65,43.08,324.87
326.41,45.47,326.85
326.93,44.26,326.25
325.78,45.01,325.79
325.71,45.08,325.78
328.21,44.10,327.39
325.92,44.43,325.40
326.20,44.54,325.78
326.66,44.29,326.00
326.64,44.61,326.28
327.44,43.72,326.26
325.92,44.07,325.05
325.98,44.04,325.08
326.94,43.20,325.27
327.70,44.44,327.19
326.03,45.12,326.15
325.36,44.24,324.65
326.93,43.82,325.85
327.39,43.47,325.98
326.96,44.83,326.80
326.79,44.08,325.94
326.51,44.20,325.77
327.03,44.51,326.58
326.03,44.79,325.84
326.31,43.48,324.89
326.48,44.28,325.81
326.77,44.76,326.55
326.55,44.35,325.95
326.37,44.14,325.58
327.12,44.93,327.06
327.20,44.27,326.53
327.06,43.41,325.59
326.50,44.14,325.70
327.04,43.78,325.92
326.94,44.13,326.14
326.54,44.40,325.98
325.88,44.79,325.69
326.05,44.98,326.03
326.94,44.26,326.26
326.69,44.83,326.53
326.92,43.46,325.50
326.02,44.41,325.47
327.53,45.23,327.73
326.63,43.50,325.24
326.34,44.68,326.04
326.07,43.89,325.03
326.62,44.07,325.76
326.84,44.52,326.40
327.02,44.52,326.58
327.54,44.17,326.78
326.59,44.59,326.21
326.26,43.57,324.92
327.06,43.87,326.02
326.94,44.25,326.25
327.60,44.38,327.03
325.94,43.85,324.86
325.55,44.75,325.32
326.67,44.03,325.78
327.83,44.04,326.96
326.30,44.34,325.69
327.12,44.26,326.45
327.28,43.21,325.62
327.02,43.48,325.61
326.26,44.38,325.68
326.31,43.94,325.32
327.18,43.55,325.85
326.61,44.85,326.47
327.38,43.57,326.07
325.74,44.35,325.13
327.52,44.09,326.69
327.65,43.51,326.29
325.35,45.42,325.74
326.85,44.10,326.02
326.23,44.04,325.34
328.22,44.75,327.99
327.05,43.12,325.31
326.86,43.52,325.48
327.10,44.63,326.76
326.58,43.40,325.09
326.10,44.18,325.34
327.27,44.46,326.78
326.49,44.18,325.73
326.12,44.33,325.50
325.69,44.65,325.36
327.53,43.99,326.61
326.78,44.41,326.24
326.90,43.82,325.81
326.76,44.28,326.10
327.37,43.87,326.34
326.23,44.08,325.37
326.91,44.03,326.01
327.23,43.44,325.79
326.50,44.22,325.78
327.04,44.15,326.26
328.28,43.64,327.06
326.01,44.19,325.25
326.17,44.41,325.62
327.94,43.56,326.63
326.90,44.30,326.26
326.25,44.20,325.50
325.75,43.44,324.28
326.66,44.18,325.90
327.67,43.12,325.95
327.08,44.16,326.31
326.44,44.17,325.67
326.72,43.55,325.38
327.21,44.09,326.37
325.65,44.38,325.08
326.46,43.74,325.30
327.42,44.46,326.93
325.66,43.50,324.25
327.02,44.19,326.28
326.24,44.16,325.46
325.48,43.99,324.53
328.48,43.73,327.34
327.69,43.32,326.15
327.00,44.08,326.15
327.27,43.26,325.67
326.87,43.92,325.88
327.36,43.81,326.26
327.03,43.89,326.01
325.74,43.64,324.46
326.79,44.13,325.98
328.01,43.79,326.91
326.67,43.50,325.27
326.06,44.10,325.22
327.70,43.67,326.48
327.18,44.32,326.56
325.74,44.80,325.56
326.96,43.21,325.31
327.61,43.79,326.51
327.06,43.42,325.60
326.23,42.84,324.20
326.95,44.00,326.04
327.62,43.82,326.54
325.80,44.10,324.95
327.06,44.01,326.15
327.07,44.43,326.55
326.95,43.85,325.89
326.17,44.61,325.80
326.30,43.86,325.24
327.17,43.95,326.21
325.48,44.47,324.99
327.82,43.87,326.80
327.28,43.56,325.95
325.43,43.99,324.48
328.06,44.30,327.43
327.44,43.83,326.37
327.25,43.66,326.02
325.79,44.21,325.05
326.58,44.41,326.04
327.56,43.68,326.35
326.69,43.54,325.34
326.77,44.14,325.98
327.26,44.49,326.79
327.94,43.59,326.66
326.26,45.03,326.30
326.92,43.70,325.72
327.17,43.63,325.90
326.85,43.97,325.90
326.51,43.64,325.25
327.69,44.24,327.00
326.83,43.46,325.40
326.28,43.39,324.77
327.44,44.35,326.85
327.24,43.73,326.07
326.26,43.20,324.58
327.18,44.23,326.47
327.73,43.84,326.68
326.93,43.80,325.82
326.82,43.95,325.84
327.36,44.47,326.88
327.73,44.38,327.17
326.79,43.97,325.84
327.95,44.12,327.16
327.18,44.05,326.31
327.99,43.67,326.78
327.44,43.80,326.35
327.32,43.69,326.12
327.09,44.92,327.02
327.11,44.41,326.57
327.34,43.76,326.20
327.28,43.69,326.08
326.92,43.69,325.72
326.76,44.22,326.04
327.42,43.25,325.82
327.32,43.40,325.85
326.84,44.59,326.47
327.04,44.20,326.31
327.92,43.45,326.50
326.58,43.80,325.46
327.93,44.07,327.08
326.42,44.89,326.32
328.35,43.46,326.96
328.33,43.11,326.62
327.08,44.27,326.42
326.78,44.18,326.02
328.16,42.83,326.18
326.49,43.92,325.50
327.04,44.40,326.50
328.12,43.56,326.82
327.26,44.79,327.07
327.60,44.22,326.89
327.42,43.42,325.97
327.35,43.30,325.78
327.54,44.53,327.11
327.57,43.00,325.74
326.49,43.46,325.05
327.72,44.77,327.51
326.64,44.02,325.74
327.91,43.85,326.86
326.61,44.07,325.75
326.49,44.02,325.58
327.32,44.61,326.96
328.04,43.96,327.11
327.21,43.54,325.86
327.02,44.44,326.51
327.20,43.50,325.82
327.79,43.98,326.86
325.97,43.27,324.34
327.13,44.55,326.72
326.40,44.06,325.52
327.51,43.92,326.52
327.51,43.37,326.01
326.78,44.21,326.05
327.03,43.91,326.03
327.67,44.20,326.94
327.21,43.78,326.09
327.71,43.14,326.01
327.62,43.72,326.45
326.81,44.30,326.16
326.40,43.56,325.06
327.53,43.68,326.32
327.71,43.84,326.66
327.06,43.63,325.80
326.44,43.37,324.93
327.42,44.48,326.94
327.03,44.18,326.28
327.71,44.07,326.87
326.91,44.53,326.48
327.45,43.68,326.24
328.00,44.25,327.32
327.64,43.69,326.45
326.12,45.22,326.32
327.28,43.23,325.65
328.36,43.81,327.28
326.61,44.36,326.02
327.62,44.14,326.83
327.68,43.74,326.53
326.92,43.05,325.11
327.83,43.77,326.71
327.15,44.31,326.52
325.29,43.67,324.04
327.03,44.16,326.25
328.54,43.82,327.48
327.41,43.89,326.39
326.56,43.91,325.55
327.08,43.98,326.15
328.14,44.07,327.30
328.36,43.68,327.17
326.68,44.28,326.01
327.52,44.42,327.00
327.55,44.03,326.67
326.36,44.47,325.87
326.37,44.91,326.29
327.14,45.09,327.22
325.75,43.69,324.52
325.66,45.60,326.22
327.65,45.25,327.88
328.53,43.59,327.27
315.67,50.69,321.34
322.09,46.07,323.12
323.68,47.85,326.36
322.36,48.66,325.84
319.05,57.41,330.98
321.85,47.92,324.65
318.42,50.71,324.01
316.24,54.34,325.50
310.39,62.74,328.79
312.57,57.72,325.49
312.99,55.31,323.41
308.08,62.03,325.88
316.44,62.12,333.30
308.87,65.40,330.40
305.90,61.78,323.45
307.83,63.06,326.79
307.32,65.57,329.21
303.21,72.49,334.27
300.34,65.91,322.62
304.39,68.77,330.42
306.35,67.42,330.53
299.46,71.54,329.42
293.71,74.95,328.53
294.65,72.53,325.55
295.96,73.02,327.90
285.29,80.59,328.76
294.70,73.94,327.96
293.22,75.79,329.46
292.71,77.86,332.81
280.60,82.39,324.48
286.78,79.51,328.43
287.04,79.78,329.52
277.98,85.04,328.21
285.29,80.96,329.80
282.99,82.53,330.40
279.10,84.46,328.83
271.20,89.32,330.52
277.96,84.83,327.10
279.58,83.86,327.51
276.45,86.18,329.42
276.21,86.72,332.26
276.20,85.99,327.18
276.95,85.70,328.37
274.89,87.00,328.49
276.70,85.95,328.92
276.46,86.10,328.93
276.22,86.24,328.90
276.56,86.22,330.14
275.70,86.48,328.33
275.62,86.53,328.38
277.58,85.49,329.35
278.03,85.36,330.10
278.34,84.75,327.91
278.57,84.89,329.34
281.81,83.56,331.65
280.39,83.76,329.19
283.04,82.34,329.84
285.04,81.59,331.18
283.03,82.36,329.89
284.76,81.25,329.72
287.21,79.92,330.14
282.84,82.72,330.75
286.94,79.53,328.76
290.91,78.13,331.18
286.15,79.45,327.25
291.05,76.88,328.79
296.44,75.19,331.99
293.88,76.08,330.75
295.20,74.12,328.85
301.24,73.06,333.34
300.38,70.44,328.77
300.07,71.23,329.59
299.56,71.56,329.55
301.13,69.98,328.90
303.43,68.02,328.56
304.38,67.05,328.24
309.66,64.45,330.03
308.49,65.43,330.10
309.27,64.01,329.19
312.48,60.91,328.72
305.33,64.85,326.48
314.36,59.08,328.51
312.25,61.33,328.96
315.02,58.07,328.09
315.09,57.48,327.56
315.50,57.51,327.96
318.18,54.04,327.01
312.85,58.95,327.01
319.95,54.39,328.95
321.34,51.41,327.45
317.86,53.49,326.18
324.16,49.63,328.45
323.81,51.24,329.57
319.26,51.49,325.57
323.15,49.30,327.19
322.57,50.55,327.80
323.39,50.75,328.73
326.47,48.45,329.58
326.50,47.61,328.87
325.98,48.32,328.99
326.86,48.54,330.02
323.35,48.45,326.60
325.92,45.65,326.53
324.69,47.91,327.39
325.61,46.70,327.18
329.41,47.49,331.55
327.38,46.74,328.94
321.23,46.50,322.69
324.17,48.21,327.17
327.42,46.90,329.12
324.39,46.58,325.88
324.81,45.25,325.05
325.92,45.66,326.53
327.28,46.38,328.52
324.27,47.25,326.38
326.48,46.49,327.84
326.50,46.46,327.83
326.96,45.45,327.37
325.30,46.36,326.56
324.28,45.79,325.02
326.59,46.99,328.39
326.08,47.09,327.99
326.37,45.93,327.22
326.17,45.68,326.79
326.42,46.08,327.41
328.07,45.31,328.34
325.14,45.47,325.58
326.07,45.86,326.86
327.14,46.12,328.15
325.93,46.19,327.03
326.70,45.86,327.49
325.93,46.57,327.37
324.77,46.65,326.31
326.69,46.71,328.24
327.95,45.67,328.55
325.79,46.07,326.78
326.35,46.43,327.65
326.33,46.22,327.45
328.10,45.58,328.62
324.96,45.92,325.82
325.64,45.78,326.36
326.92,44.78,326.72
329.27,45.75,329.93
327.43,45.07,327.50
325.48,43.68,324.23
326.35,45.82,327.10
326.80,43.47,325.38
328.94,44.28,328.30
328.64,44.09,327.83
327.21,44.10,326.38
328.57,43.30,327.04
329.01,43.48,327.65
327.03,42.32,324.54
328.34,42.58,326.13
329.62,41.48,326.45
328.44,42.93,326.56
326.99,43.52,325.63
326.83,42.96,324.93
330.39,41.42,327.21
331.05,42.34,328.74
329.34,42.67,327.25
327.30,42.95,325.41
326.85,41.24,323.31
333.60,41.43,330.64
328.02,42.33,325.57
326.36,43.39,324.86
329.08,41.99,326.36
329.00,42.41,326.66
328.30,41.52,325.10
329.35,42.47,327.08
328.05,42.35,325.63
328.04,42.00,325.29
329.62,41.99,326.93
327.94,42.64,325.78
328.10,41.43,324.81
329.43,42.06,326.79
328.56,42.58,326.36
328.66,43.09,326.94
328.93,41.75,325.98
328.30,42.40,325.93
329.48,42.40,327.15
328.29,41.65,325.21
328.22,42.09,325.55
328.40,42.78,326.38
328.38,42.40,326.01
329.28,43.31,327.78
328.85,41.86,326.00
327.49,42.67,325.34
328.85,43.51,327.51
328.25,41.67,325.19
328.80,42.39,326.43
329.08,43.08,327.37
329.42,42.59,327.27
328.32,42.73,326.25
327.52,42.66,325.36
328.35,43.19,326.71
328.30,43.32,326.78
328.94,42.89,327.04
327.06,43.20,325.40
327.88,42.05,325.16
328.18,41.22,324.69
329.27,43.47,327.91
327.54,43.61,326.26
328.17,42.21,325.61
329.58,41.75,326.67
327.97,43.31,326.42
327.37,41.32,323.94
329.37,42.40,327.04
329.24,42.85,327.31
328.40,42.33,325.96
328.17,43.00,326.35
328.99,42.64,326.87
327.53,42.65,325.37
328.04,42.59,325.83
329.08,42.81,327.11
328.71,41.89,325.88
328.57,43.05,326.81
327.76,41.67,324.67
327.95,42.90,326.03
328.96,42.89,327.07
327.34,43.13,325.62
327.82,42.89,325.88
329.09,42.12,326.49
327.84,42.27,325.33
328.19,43.32,326.66
327.64,42.32,325.17
328.97,42.30,326.53
328.83,43.38,327.38
328.54,41.82,325.64
328.01,41.85,325.11
328.43,42.37,326.04
328.80,41.45,325.57
328.90,42.50,326.64
328.96,42.27,326.49
328.59,41.87,325.74
327.18,41.18,323.60
328.19,43.64,326.96
328.11,42.23,325.57
327.28,42.50,324.96
328.42,41.93,325.61
328.76,42.63,326.61
327.82,43.41,326.36
327.98,41.21,324.47
329.26,42.54,327.05
328.14,41.13,324.56
330.12,40.80,326.35
329.54,41.99,326.84
327.86,42.10,325.19
329.42,40.79,325.60
330.06,40.24,325.76
329.04,41.44,325.80
329.02,40.58,324.97
330.81,40.85,327.13
329.59,41.43,326.38
326.86,41.50,323.57
328.00,38.11,321.46
330.03,39.11,324.65
330.81,41.26,327.51
331.11,38.80,325.54
328.10,39.19,322.64
329.46,39.34,324.25
331.38,37.27,324.36
328.76,40.28,324.40
329.42,39.37,324.24
329.51,37.88,322.87
328.74,37.88,322.03
331.50,38.66,325.84
329.84,37.44,322.81
329.43,36.00,320.89
328.43,38.12,321.93
328.18,37.92,321.46
332.91,36.05,324.90
329.26,35.85,320.54
330.49,34.71,320.74
331.22,33.91,320.75
332.74,31.44,319.87
331.83,31.36,318.70
331.13,30.56,316.97
337.15,31.10,325.07
327.33,27.39,308.95
329.76,26.05,309.99
331.55,28.43,314.97
330.09,25.58,309.76
335.15,24.93,315.10
334.61,24.43,313.74
332.97,23.27,310.13
334.39,22.13,310.31
331.39,22.40,307.07
333.38,23.50,310.94
336.01,23.34,314.12
334.12,22.82,310.94
334.96,24.29,314.01
336.04,22.72,313.30
334.22,21.95,309.84
334.84,24.74,314.45
336.53,22.94,314.27
335.46,23.14,313.11
334.91,24.31,313.98
336.05,22.83,313.47
334.36,23.23,311.80
337.63,24.00,317.25
336.19,22.45,313.12
335.75,24.72,315.62
335.31,25.58,316.15
336.15,25.09,316.64
337.24,24.81,317.78
337.29,24.58,317.54
335.88,23.37,313.98
335.76,25.29,316.38
334.68,26.05,315.95
336.61,24.49,316.49
335.44,25.31,315.98
334.96,25.93,316.13
336.54,25.60,317.83
334.70,26.24,316.20
336.18,25.61,317.36
334.68,25.65,315.43
335.81,25.89,317.22
335.71,25.88,317.07
335.25,25.91,316.51
335.98,25.67,317.17
334.74,26.76,316.90
335.22,27.65,318.61
335.52,25.80,316.71
334.56,25.52,315.10
334.92,27.00,317.43
335.10,26.51,317.07
335.33,26.49,317.34
334.61,27.30,317.40
334.33,27.17,316.89
334.70,26.95,317.08
335.03,27.58,318.28
335.07,26.99,317.62
334.45,25.86,315.40
334.39,26.95,316.69
336.91,27.49,320.68
333.79,26.20,314.99
335.80,27.19,318.82
336.24,27.56,319.85
335.04,26.54,317.02
335.42,26.30,317.21
336.27,27.61,319.95
336.73,27.28,320.17
335.31,26.49,317.31
334.34,26.97,316.65
335.34,26.68,317.58
335.82,27.34,319.03
334.74,27.27,317.53
335.48,25.96,316.87
335.07,26.80,317.38
335.57,27.88,319.36
335.57,26.89,318.15
335.52,26.78,317.95
336.28,26.88,319.07
335.66,26.52,317.80
334.85,27.06,317.42
336.44,27.49,320.04
334.83,26.22,316.34
335.84,26.74,318.32
335.95,27.22,319.05
334.29,26.66,316.19
335.66,27.39,318.88
335.52,26.06,317.04
335.40,27.24,318.35
335.42,27.17,318.30
334.92,26.22,316.47
335.85,27.44,319.19
336.15,26.96,319.00
334.10,27.75,317.30
335.16,26.57,317.21
335.72,27.66,319.29
335.10,26.32,316.82
335.69,26.50,317.82
335.75,27.70,319.37
336.20,27.03,319.15
334.58,27.06,317.07
335.07,28.05,318.89
335.35,27.27,318.33
335.32,26.98,317.93
335.50,26.93,318.11
335.31,27.62,318.70
335.64,27.34,318.79
335.41,27.06,318.14
335.96,27.88,319.86
335.80,27.01,318.61
335.21,26.90,317.69
335.71,26.77,318.19
336.50,27.33,319.92
335.82,26.53,318.03
335.29,26.81,317.68
335.57,27.28,318.62
336.36,26.90,319.20
335.62,27.13,318.50
335.58,26.77,318.00
335.49,27.68,319.01
336.08,27.85,319.98
335.08,26.86,317.47
336.76,26.48,319.24
336.05,27.30,319.29
335.05,27.83,318.61
335.69,27.96,319.60
334.46,27.04,316.88
335.55,26.80,318.01
334.74,28.41,318.89
335.23,27.55,318.51
335.74,27.73,319.39
336.12,27.89,320.09
334.82,27.63,318.07
335.48,27.70,319.01
335.99,27.61,319.57
333.92,27.03,316.19
335.41,27.67,318.89
336.22,26.83,318.93
336.40,26.67,318.98
335.51,26.74,317.88
335.53,27.56,318.91
335.05,26.84,317.40
335.65,27.20,318.63
336.50,26.73,319.20
335.32,27.67,318.77
335.61,26.96,318.29
335.62,26.91,318.24
335.54,28.16,319.64
336.22,26.86,318.97
335.24,27.16,318.05
334.94,28.70,319.50
335.28,26.72,317.55
336.25,27.78,320.12
335.83,27.41,319.12
335.24,27.72,318.73
336.00,27.00,318.85
336.78,27.55,320.57
334.37,27.51,317.35
335.23,27.24,318.12
336.15,27.43,319.57
336.17,27.87,320.12
335.09,26.65,317.22
335.70,27.92,319.57
335.22,28.58,319.71
335.19,27.84,318.81
335.81,27.21,318.85
335.59,27.92,319.43
334.88,27.91,318.49
335.61,27.88,319.40
335.19,26.54,317.22
335.66,27.88,319.47
335.98,27.82,319.82
334.94,27.35,317.89
335.23,27.34,318.25
335.44,27.87,319.16
335.13,27.30,318.08
334.65,27.60,317.81
335.84,28.37,320.28
335.20,27.36,318.23
335.53,27.99,319.43
335.78,28.01,319.78
335.83,27.79,319.59
335.11,27.91,318.79
335.18,27.39,318.25
335.87,28.19,320.11
335.66,27.07,318.49
334.93,27.47,318.02
335.86,27.83,319.67
335.90,27.94,319.85
335.89,27.43,319.24
335.21,26.75,317.50
336.60,28.58,321.53
335.93,27.48,319.35
335.72,26.48,317.84
335.30,28.01,319.15
335.84,27.38,319.11
335.31,27.97,319.12
336.26,28.08,320.49
335.80,27.80,319.55
336.20,27.26,319.43
334.80,26.72,316.93
334.25,27.86,317.62
336.19,28.03,320.34
336.38,27.73,320.24
336.26,29.12,321.70
334.59,27.52,317.64
335.49,27.40,318.67
336.19,28.56,320.97
334.24,29.64,319.70
334.58,29.15,319.57
334.10,28.10,317.72
333.56,29.80,319.04
335.41,30.78,322.47
333.32,32.06,321.26
335.53,31.86,323.79
332.87,31.77,320.40
334.37,33.05,323.59
335.80,33.15,325.47
333.29,34.06,323.34
332.99,35.26,324.21
335.62,35.06,327.14
336.41,40.29,332.75
329.78,38.15,323.44
328.12,39.26,322.73
333.88,42.39,331.75
336.06,41.02,332.96
331.67,41.27,328.43
330.91,45.14,331.03
332.79,42.83,330.99
331.40,44.23,330.75
332.13,47.69,334.29
329.70,49.21,333.24
331.64,45.22,331.82
330.39,46.21,331.41
332.49,47.79,334.71
332.51,47.65,334.63
328.83,47.64,331.12
333.33,49.12,336.50
330.97,47.66,333.18
328.48,48.41,331.44
332.70,48.95,335.79
328.98,49.25,332.61
328.60,49.45,332.42
331.50,48.46,334.31
330.33,48.59,333.33
332.36,48.83,335.39
332.47,48.38,335.14
330.07,48.74,333.20
331.62,48.89,334.76
331.67,48.33,334.37
329.48,48.42,332.39
332.74,49.01,335.88
331.94,48.79,334.98
329.90,48.23,332.62
331.91,48.91,335.04
332.67,48.62,335.52
331.58,47.87,333.92
330.79,48.22,333.46
331.59,47.98,334.01
331.89,47.78,334.14
331.52,48.27,334.18
331.23,49.39,334.79
332.65,47.60,334.72
331.20,48.07,333.72
331.30,47.68,333.50
332.99,48.22,335.52
331.71,47.86,334.03
332.04,48.37,334.74
332.42,47.47,334.40
331.62,47.77,333.88
330.77,48.04,333.29
331.04,48.68,334.06
332.89,47.17,334.61
332.30,47.47,334.29
332.11,46.94,333.68
331.65,46.99,333.29
331.83,46.64,333.17
331.14,46.92,332.74
332.07,45.46,332.45
328.31,45.79,329.01
332.44,47.43,334.39
331.29,44.65,331.00
330.37,44.09,329.58
331.56,42.36,329.30
331.20,42.17,328.74
332.13,38.61,326.48
330.29,39.15,324.98
333.82,39.96,329.60
332.48,39.10,327.34
334.65,35.79,326.69
328.54,35.48,319.35
331.32,35.52,322.53
332.36,32.20,320.25
332.46,30.72,318.74
332.76,36.85,325.52
331.24,31.16,317.77
330.98,28.26,314.10
331.44,29.82,316.48
329.29,27.11,310.76
333.71,30.06,319.51
333.03,29.96,318.56
333.56,28.63,317.67
331.96,27.34,314.15
332.67,28.69,316.64
332.53,27.26,314.75
332.40,28.26,315.80
333.06,27.99,316.29
335.36,28.15,319.39
332.22,27.38,314.52
333.34,27.56,316.11
334.68,28.02,318.36
334.81,28.64,319.26
334.01,27.96,317.44
333.24,26.93,315.21
334.45,28.34,318.45
333.07,27.79,316.05
335.04,27.51,318.21
335.32,27.78,318.91
333.13,28.71,317.23
333.64,27.18,316.02
332.88,27.36,315.29
334.29,29.83,319.98
334.35,28.54,318.55
335.42,27.56,318.77
332.63,28.17,315.97
333.04,28.20,316.52
332.98,28.43,316.71
333.93,27.96,317.33
333.93,28.74,318.26
334.38,28.17,318.16
334.24,28.18,317.99
333.53,28.72,317.73
335.08,29.08,320.12
333.63,27.08,315.89
333.58,28.14,317.11
335.07,29.05,320.07
334.18,27.95,317.64
333.73,29.14,318.49
335.09,28.76,319.77
333.32,28.05,316.68
333.49,29.12,318.16
334.90,29.50,320.37
335.10,28.21,319.14
333.21,28.43,316.99
334.67,28.54,318.97
333.97,28.08,317.54
333.77,29.85,319.35
335.17,29.03,320.18
334.54,29.34,319.73
334.08,30.47,320.44
333.62,30.08,319.43
335.41,29.10,320.58
333.18,30.07,318.87
334.99,29.29,320.25
333.81,29.61,319.13
333.96,29.96,319.71
335.21,29.62,320.91
334.77,28.58,319.13
333.62,29.90,319.22
334.47,29.52,319.85
334.82,29.16,319.88
333.51,28.65,317.64
335.31,30.60,322.14
334.88,29.33,320.16
334.33,28.97,319.04
334.50,28.75,319.00
334.85,29.54,320.35
333.88,30.03,319.70
334.06,29.06,318.81
334.07,29.75,319.62
334.89,29.63,320.51
334.24,29.48,319.52
333.65,29.37,318.64
335.36,29.95,321.48
335.54,29.00,320.64
334.85,29.12,319.86
334.78,28.78,319.39
334.93,29.76,320.72
334.70,29.20,319.77
334.14,29.18,319.05
334.40,29.96,320.26
334.39,29.21,319.39
335.77,30.79,322.94
333.86,29.74,319.33
334.37,29.40,319.58
334.44,30.64,321.08
334.86,29.67,320.52
335.17,29.21,320.39
334.43,29.94,320.28
335.03,30.80,322.00
335.24,29.78,321.13
334.05,29.73,319.56
334.05,29.92,319.78
334.36,30.19,320.48
335.24,29.75,321.10
333.36,29.03,317.89
335.15,29.17,320.32
335.28,30.51,321.99
335.04,29.90,321.02
333.81,29.83,319.37
335.23,29.77,321.11
334.47,30.27,320.71
334.46,29.83,320.20
334.65,29.95,320.57
335.62,29.08,320.83
334.30,29.95,320.13
334.97,30.33,321.40
335.26,29.14,320.42
334.01,30.03,319.85
335.60,29.46,321.23
334.43,29.78,320.10
333.65,29.93,319.30
335.82,29.84,321.95
334.76,29.35,320.02
334.94,29.46,320.38
335.07,30.69,321.93
334.49,28.94,319.22
335.11,29.59,320.75
333.96,30.31,320.11
335.47,29.61,321.24
334.91,29.77,320.70
332.71,30.76,319.08
335.44,29.52,321.10
334.66,29.11,319.62
333.79,30.90,320.55
335.03,30.21,321.34
334.21,30.03,320.10
335.21,30.31,321.69
334.34,30.29,320.57
334.41,29.42,319.66
334.04,29.57,319.37
334.43,30.18,320.56
334.66,29.20,319.72
334.30,30.52,320.77
334.15,30.91,321.02
334.67,29.55,320.15
335.60,30.71,322.63
334.52,30.06,320.53
333.92,29.07,318.65
334.67,30.11,320.77
333.96,30.52,320.35
333.96,29.29,318.95
334.39,29.60,319.85
334.61,30.71,321.37
333.95,29.80,319.52
334.13,29.63,319.54
334.41,31.22,321.69
334.96,28.37,319.14
334.15,29.30,319.19
335.26,30.57,322.04
334.87,28.57,319.27
334.40,29.06,319.23
335.24,30.64,322.10
334.46,28.83,319.05
334.02,30.00,319.83
334.23,30.79,320.99
334.18,29.35,319.30
334.30,30.14,320.34
334.20,29.71,319.72
334.45,29.25,319.52
334.13,29.91,319.87
334.04,29.90,319.75
335.56,30.22,322.04
333.95,29.55,319.23
334.48,29.24,319.55
334.04,30.91,320.89
334.57,29.27,319.70
334.09,29.59,319.45
334.38,30.34,320.66
333.56,29.44,318.62
335.09,30.36,321.59
334.84,29.85,320.71
334.67,30.36,321.07
334.35,29.89,320.12
334.27,28.83,318.79
334.68,30.43,321.15
335.27,29.72,321.11
333.38,30.53,319.64
334.96,30.35,321.42
334.68,30.04,320.71
334.13,29.70,319.63
334.67,30.48,321.19
334.68,29.82,320.46
333.51,30.25,319.48
334.86,30.00,320.90
334.08,30.40,320.36
335.00,30.37,321.49
334.99,30.50,321.62
334.90,29.94,320.87
334.09,31.02,321.06
333.93,30.65,320.45
334.39,30.45,320.80
334.36,30.35,320.66
334.83,29.59,320.38
334.20,30.32,320.43
335.02,30.72,321.90
334.17,29.68,319.67
334.38,30.14,320.45
335.60,30.09,321.94
334.11,29.27,319.11
335.04,29.97,321.10
335.06,30.37,321.57
334.41,29.84,320.14
334.29,29.82,319.98
335.01,29.98,321.06
334.65,30.11,320.74
334.31,30.23,320.46
334.96,29.63,320.61
334.89,29.97,320.90
334.14,29.33,319.22
334.76,29.65,320.37
334.44,30.43,320.85
334.73,29.94,320.67
333.98,30.02,319.81
334.34,31.51,321.91
334.47,29.73,320.09
333.63,30.34,319.74
335.10,30.14,321.35
333.62,29.57,318.85
333.52,29.62,318.77
334.05,30.37,320.29
333.94,30.40,320.19
334.38,30.55,320.90
334.76,30.09,320.87
333.30,29.63,318.51
333.94,30.25,320.02
335.54,30.14,321.93
333.86,29.62,319.20
333.97,30.35,320.17
335.25,30.24,321.67
334.99,30.34,321.44
334.29,30.16,320.35
334.33,30.36,320.62
334.84,30.47,321.40
334.66,30.57,321.28
334.38,29.84,320.11
333.78,30.11,319.67
334.06,30.35,320.28
334.17,30.52,320.60
334.58,29.79,320.31
334.13,30.69,320.75
333.52,30.17,319.40
334.47,30.32,320.77
334.97,29.73,320.72
334.46,30.23,320.65
334.16,30.81,320.93
334.08,30.09,320.02
334.64,30.53,321.21
334.97,30.14,321.19
334.15,29.86,319.83
333.76,30.28,319.83
334.91,31.03,322.11
335.05,30.03,321.18
334.53,31.04,321.64
334.84,30.93,321.91
334.21,29.84,319.89
334.63,30.39,321.03
334.17,30.72,320.84
333.86,30.33,320.01
334.66,29.93,320.57
333.97,30.99,320.89
334.98,30.21,321.29
333.82,31.33,321.08
334.69,30.27,320.98
335.30,29.89,321.33
334.10,31.02,321.07
333.64,31.09,320.58
335.11,30.19,321.43
334.55,30.67,321.25
334.55,31.00,321.62
334.63,30.33,320.97
334.43,30.54,320.96
334.54,30.61,321.17
334.50,30.11,320.57
334.54,30.20,320.72
335.04,31.35,322.62
334.16,30.86,320.99
334.97,29.56,320.52
334.88,30.14,321.07
334.74,31.01,321.86
334.83,30.04,320.89
334.66,30.97,321.73
335.17,30.60,321.96
335.40,30.85,322.53
334.32,30.16,320.38
335.45,30.57,322.28
335.41,30.45,322.10
334.15,30.88,320.98
335.15,30.28,321.57
334.78,30.58,321.44
334.98,30.10,321.16
334.28,30.55,320.78
335.49,30.59,322.37
334.70,29.63,320.27
333.92,29.31,318.92
335.46,31.63,323.45
335.35,30.44,322.02
334.91,30.22,321.20
335.12,30.83,322.15
334.50,31.19,321.77
335.83,29.87,322.00
335.34,29.56,321.02
335.14,29.95,321.20
335.45,30.94,322.69
334.63,29.78,320.36
334.74,31.20,322.08
334.83,30.66,321.59
334.78,28.91,319.55
336.04,30.38,322.83
335.48,30.17,321.88
334.62,29.49,320.02
335.74,29.53,321.50
336.21,29.65,322.24
336.32,29.34,322.04
335.68,29.79,321.71
336.43,30.37,323.34
335.72,29.46,321.38
335.77,29.54,321.54
336.58,29.29,322.33
336.96,29.55,323.12
337.03,28.56,322.09
336.69,28.96,322.10
337.00,28.63,322.14
337.13,29.51,323.30
337.07,30.03,323.81
337.44,29.41,323.61
338.25,29.07,324.32
337.88,29.60,324.42
337.89,29.50,324.32
339.37,28.51,325.28
338.33,29.47,324.88
339.75,29.51,326.90
338.89,28.64,324.74
338.13,28.21,323.19
339.31,29.44,326.21
339.03,28.62,324.91
338.86,28.88,324.98
339.22,29.41,326.06
338.79,29.32,325.35
338.48,27.99,323.43
339.15,29.08,325.60
338.94,29.75,326.04
338.96,29.11,325.36
339.25,28.43,325.01
339.24,29.57,326.25
338.44,27.73,323.06
339.28,28.07,324.64
340.79,29.09,327.94
337.56,28.27,322.48
339.92,28.43,325.97
340.66,28.13,326.71
340.45,27.48,325.68
339.17,28.45,324.92
340.13,28.44,326.29
340.31,28.72,326.85
338.96,27.78,323.87
340.11,28.41,326.22
339.77,27.46,324.66
338.63,27.35,322.90
340.21,27.60,325.46
340.64,28.88,327.50
339.87,27.07,324.36
339.80,27.59,324.86
339.28,28.42,325.04
340.63,27.39,325.84
341.19,28.04,327.39
339.45,28.71,325.61
340.80,28.41,327.22
340.95,28.24,327.26
339.46,26.87,323.52
339.70,27.38,324.48
340.01,28.35,326.02
339.27,28.14,324.73
340.01,28.36,326.02
340.43,28.00,326.24
339.72,27.71,324.87
339.49,28.69,325.64
340.69,28.18,326.81
339.84,28.67,326.12
339.48,28.53,325.45
340.53,27.91,326.28
340.30,28.40,326.49
339.70,28.02,325.20
340.19,29.08,327.07
339.80,28.76,326.16
340.08,28.60,326.38
340.24,28.77,326.80
340.27,28.99,327.08
339.63,27.94,325.01
340.33,28.10,326.19
340.86,28.49,327.40
339.81,28.87,326.30
339.77,28.39,325.71
340.92,28.59,327.60
339.71,28.97,326.26
338.78,28.88,324.86
340.62,28.97,327.57
339.95,28.71,326.32
339.63,29.02,326.21
339.79,29.15,326.57
340.29,29.28,327.43
339.96,28.64,326.26
339.59,28.55,325.63
339.74,29.55,326.93
339.29,29.54,326.30
338.35,29.96,325.46
340.10,29.24,327.12
339.57,29.91,327.07
338.21,29.50,324.75
339.64,29.80,327.05
339.88,30.10,327.71
339.26,28.87,325.51
339.03,30.20,326.63
338.70,30.70,326.70
338.38,30.12,325.67
338.12,30.10,325.29
338.34,31.13,326.67
339.19,30.15,326.81
338.94,29.57,325.84
338.43,30.20,325.81
338.68,30.45,326.43
338.71,30.53,326.55
339.02,30.88,327.33
338.10,30.42,325.60
339.01,30.05,326.45
339.06,30.71,327.21
338.29,30.26,325.69
339.07,30.70,327.22
338.75,30.48,326.55
338.28,30.16,325.56
339.59,29.77,326.95
338.58,30.66,326.51
338.35,30.97,326.53
338.31,30.31,325.77
340.07,30.04,327.91
338.74,30.47,326.51
338.87,30.43,326.66
339.23,30.56,327.28
340.20,30.60,328.66
337.96,30.07,325.03
338.30,30.59,326.05
338.68,30.81,326.80
338.71,30.13,326.13
339.46,30.72,327.76
338.51,31.22,327.00
338.92,30.06,326.34
338.78,30.04,326.13
338.49,31.29,327.04
338.12,30.44,325.64
338.61,30.25,326.11
338.50,31.93,327.71
337.54,30.08,324.49
339.22,31.12,327.85
339.38,30.41,327.34
338.07,30.91,326.08
338.92,30.25,326.54
339.69,30.20,327.55
338.87,29.91,326.11
338.34,30.51,326.03
338.62,31.69,327.62
338.45,30.75,326.43
339.37,30.29,327.19
339.21,30.53,327.22
337.78,31.02,325.81
338.00,30.98,326.05
338.44,29.59,325.18
339.27,30.74,327.53
339.28,31.19,328.00
338.05,30.15,325.25
338.95,30.72,327.07
339.05,30.91,327.40
339.24,30.94,327.69
338.68,29.89,325.83
338.31,30.41,325.88
338.34,31.15,326.70
338.53,30.24,325.99
338.44,30.27,325.90
338.70,30.47,326.47
339.06,30.98,327.48
337.63,30.23,324.77
338.71,30.74,326.77
339.10,30.56,327.12
337.40,30.14,324.36
338.87,30.66,326.90
339.23,31.16,327.91
338.09,30.09,325.23
338.24,30.34,325.71
338.24,30.72,326.11
339.13,31.32,327.92
338.22,30.02,325.33
338.31,30.29,325.74
338.77,30.54,326.64
338.69,30.38,326.37
339.46,30.34,327.38
338.52,30.23,325.96
338.42,29.78,325.35
339.20,29.75,326.39
339.58,30.48,327.68
338.79,30.18,326.28
339.40,29.80,326.72
339.27,30.07,326.83
338.66,29.64,325.52
338.68,29.38,325.27
339.17,30.49,327.13
339.03,30.00,326.42
339.18,29.71,326.32
339.32,29.88,326.70
339.10,29.34,325.80
340.34,30.74,329.00
339.49,30.08,327.15
339.54,29.12,326.18
339.52,29.57,326.63
339.18,29.86,326.48
339.18,29.31,325.89
339.88,29.76,327.35
340.18,29.69,327.70
339.39,28.53,325.33
340.49,29.64,328.09
340.69,29.40,328.12
338.48,28.60,324.13
340.46,29.84,328.24
340.11,29.20,327.08
339.54,29.32,326.41
340.23,29.82,327.91
340.77,29.11,327.93
340.12,29.66,327.59
340.30,28.51,326.61
340.45,29.65,328.04
340.73,29.46,328.25
339.95,29.24,326.90
340.20,29.16,327.18
340.69,29.09,327.80
340.12,29.52,327.44
340.28,28.56,326.63
340.98,29.31,328.45
340.47,28.67,327.02
340.98,28.64,327.73
339.56,29.05,326.14
340.37,28.68,326.90
341.54,29.00,328.94
340.47,29.13,327.52
339.60,29.33,326.51
341.10,28.60,327.87
341.20,29.20,328.65
339.96,28.45,326.04
339.94,29.33,326.99
341.23,29.60,329.12
340.80,29.17,328.04
338.66,28.34,324.08
340.98,29.12,328.25
341.06,29.71,328.98
339.77,27.71,324.95
339.91,28.82,326.38
340.59,28.61,327.14
339.58,28.16,325.19
339.42,29.01,325.90
340.64,30.39,329.07
341.02,29.71,328.92
340.06,28.55,326.31
338.96,29.26,325.53
341.17,28.84,328.22
339.38,28.44,325.21
339.66,29.87,327.16
339.71,28.86,326.15
340.38,29.53,327.82
339.95,28.61,326.22
339.61,28.25,325.32
340.04,28.62,326.35
340.34,29.38,327.60
340.18,28.63,326.57
340.19,28.34,326.26
340.11,30.24,328.17
340.44,29.83,328.23
339.80,29.13,326.57
340.16,28.82,326.75
340.38,29.88,328.17
340.15,28.52,326.41
339.52,28.59,325.57
340.99,30.10,329.28
340.06,27.89,325.57
339.71,29.40,326.73
340.84,30.52,329.49
340.32,29.25,327.43
340.35,29.15,327.38
339.60,30.27,327.50
340.11,30.10,328.04
339.28,29.20,325.91
339.74,30.73,328.17
340.54,30.50,329.04
340.46,29.54,327.94
339.60,29.53,326.72
340.48,30.09,328.54
340.73,29.92,328.72
339.71,29.80,327.15
339.43,30.15,327.14
339.79,30.49,327.99
339.98,30.36,328.11
339.43,30.12,327.10
339.31,29.80,326.59
340.68,30.36,329.10
339.25,30.61,327.36
338.94,30.45,326.77
339.70,30.78,328.17
339.83,31.39,328.95
338.34,30.24,325.74
339.00,29.74,326.10
338.84,29.71,325.85
338.45,30.30,325.96
339.85,30.13,327.70
338.88,30.34,326.58
337.53,30.39,324.82
339.30,30.60,327.42
339.02,30.43,326.86
338.83,30.21,326.37
338.22,30.86,326.22
338.92,30.01,326.28
339.31,30.74,327.59
338.13,31.84,327.12
338.25,29.78,325.12
338.94,31.05,327.40
338.71,30.48,326.48
339.30,30.34,327.15
339.05,30.28,326.75
338.90,30.69,326.98
339.95,30.58,328.30
338.06,30.82,325.97
339.32,31.03,327.89
339.59,30.94,328.18
338.65,30.19,326.11
338.89,30.41,326.67
339.34,30.92,327.81
338.41,30.35,325.94
340.05,30.53,328.39
338.60,30.86,326.73
339.12,30.71,327.30
338.76,30.93,327.03
338.07,30.20,325.33
338.64,31.30,327.25
339.06,30.53,327.03
338.76,30.78,326.87
338.44,31.67,327.37
338.49,31.10,326.84
338.24,31.07,326.47
338.33,31.35,326.88
339.83,30.26,327.81
339.32,30.85,327.70
338.49,30.73,326.46
338.78,29.88,325.96
339.35,29.93,326.79
338.92,30.82,327.14
338.42,30.43,326.04
339.70,31.58,328.96
338.88,30.70,326.95
339.54,30.28,327.42
339.44,30.65,327.67
339.13,30.32,326.89
339.42,30.37,327.36
338.76,30.67,326.75
339.29,30.10,326.88
339.20,30.57,327.26
338.81,29.80,325.90
339.39,30.84,327.79
340.17,30.25,328.26
338.55,30.09,325.86
338.70,30.91,326.92
339.93,30.78,328.48
339.29,29.58,326.33
339.25,30.59,327.35
339.62,30.32,327.58
339.71,30.30,327.67
338.95,30.64,326.98
339.54,30.85,328.00
338.65,30.24,326.16
339.38,30.54,327.47
340.28,30.61,328.78
339.99,30.18,327.95
338.33,30.36,325.85
339.44,29.84,326.82
339.73,30.95,328.37
339.57,29.82,326.98
338.46,31.13,326.83
339.66,31.06,328.39
339.80,30.31,327.81
338.89,30.94,327.22
340.12,30.48,328.43
339.68,30.73,328.08
338.62,29.89,325.75
339.61,30.05,327.28
340.35,31.67,329.93
338.20,30.16,325.45
338.73,30.65,326.70
340.34,30.28,328.54
339.07,30.41,326.90
338.48,30.74,326.45
339.72,30.81,328.22
338.95,31.03,327.39
338.59,30.37,326.21
339.76,30.47,327.92
338.12,30.99,326.24
339.07,30.23,326.73
339.46,30.30,327.34
339.30,31.22,328.06
338.13,30.56,325.80
339.07,30.68,327.20
338.75,31.20,327.29
338.59,31.51,327.39
339.57,30.90,328.11
339.21,31.24,327.96
339.76,30.56,328.01
339.70,30.95,328.33
339.54,31.65,328.82
339.27,30.72,327.52
338.95,30.05,326.37
339.45,30.59,327.63
338.82,30.99,327.18
339.33,30.65,327.52
338.95,31.08,327.44
338.59,31.11,326.98
340.07,30.79,328.68
339.51,30.56,327.66
338.74,31.67,327.76
338.56,30.69,326.51
339.53,30.87,328.02
338.82,31.00,327.19
339.65,30.96,328.27
339.32,31.04,327.91
339.46,30.61,327.65
339.96,31.10,328.84
338.57,31.50,327.36
338.23,30.68,326.05
339.45,31.75,328.79
339.33,30.73,327.60
339.61,31.85,329.11
339.13,31.19,327.80
339.13,30.85,327.45
339.17,31.17,327.83
338.62,31.39,327.32
339.73,31.65,329.07
339.21,30.94,327.65
339.49,31.86,328.95
338.48,31.95,327.71
338.82,31.29,327.48
338.38,31.95,327.57
338.65,31.31,327.27
339.30,31.39,328.23
338.91,31.17,327.48
338.30,31.39,326.89
339.07,32.14,328.67
339.42,31.59,328.60
338.90,31.75,328.05
338.57,30.77,326.61
338.50,31.34,327.10
339.14,32.10,328.72
338.71,31.41,327.46
339.10,31.59,328.16
338.36,31.64,327.23
339.33,31.79,328.68
338.54,31.94,327.76
338.95,31.69,328.06
338.68,31.96,327.98
339.14,32.02,328.64
338.53,31.62,327.43
338.78,32.11,328.25
338.08,31.82,327.04
338.75,32.49,328.59
339.33,32.29,329.16
338.54,31.88,327.70
337.65,31.83,326.48
338.69,32.42,328.43
338.99,31.90,328.33
338.54,31.81,327.64
338.82,32.31,328.51
338.22,32.05,327.45
339.02,31.49,327.96
338.57,31.19,327.05
338.84,32.37,328.59
339.06,32.08,328.60
338.22,31.58,326.97
338.96,32.18,328.55
338.63,31.21,327.14
338.78,32.27,328.41
338.96,32.29,328.67
338.90,31.11,327.41
337.47,31.73,326.15
339.15,32.66,329.28
338.76,32.86,328.96
338.07,32.16,327.37
338.18,32.16,327.50
337.68,32.57,327.27
339.25,32.29,329.06
338.37,31.82,327.42
338.71,31.89,327.94
338.77,32.09,328.22
337.90,32.84,327.82
338.68,32.77,328.77
338.33,31.96,327.50
337.92,32.44,327.45
338.25,32.55,327.99
338.44,32.48,328.18
338.19,32.83,328.19
339.00,31.82,328.26
339.14,33.20,329.79
338.08,32.23,327.45
337.99,32.72,327.83
338.10,32.98,328.22
338.42,32.53,328.20
338.56,32.30,328.15
338.33,32.16,327.71
338.22,32.36,327.78
338.59,32.07,327.96
338.80,32.48,328.64
338.39,32.51,328.14
338.46,32.50,328.21
338.84,31.68,327.91
338.89,32.80,329.07
338.56,32.29,328.14
337.58,31.34,325.89
337.87,32.79,327.73
338.58,32.31,328.19
338.52,32.38,328.17
338.39,32.45,328.07
338.08,32.85,328.07
337.66,33.31,327.98
338.52,32.52,328.32
338.09,32.76,327.99
338.01,32.23,327.35
338.09,32.87,328.11
338.36,33.12,328.69
338.83,31.59,327.79
338.30,32.42,327.92
338.12,32.87,328.14
338.48,32.47,328.21
338.40,33.07,328.70
338.47,32.72,328.45
338.54,32.56,328.39
338.09,32.48,327.72
338.99,33.57,329.95
338.20,32.00,327.39
337.94,32.88,327.91
338.39,33.45,329.05
337.73,33.16,327.93
338.87,32.65,328.90
338.50,32.85,328.62
337.83,32.56,327.45
338.98,32.68,329.08
338.99,33.06,329.46
337.48,33.36,327.80
338.64,32.79,328.74
338.63,32.46,328.40
338.73,32.95,329.01
337.71,32.92,327.66
338.59,33.11,328.98
338.51,33.19,328.96
337.98,32.41,327.49
337.87,33.36,328.29
338.65,32.99,328.94
337.54,32.87,327.38
337.99,33.52,328.60
339.10,32.73,329.28
338.08,33.56,328.76
337.63,33.15,327.78
338.41,32.69,328.33
338.58,32.69,328.57
337.74,32.76,327.54
338.61,33.00,328.90
338.47,32.64,328.37
337.59,32.35,326.93
338.65,33.07,329.03
339.29,33.22,330.00
337.85,32.47,327.38
338.62,33.62,329.52
338.48,32.74,328.49
338.48,33.26,328.99
337.59,32.76,327.35
338.58,32.69,328.57
338.37,32.77,328.36
338.20,32.97,328.34
338.10,32.82,328.07
338.69,33.51,329.50
338.27,33.00,328.47
337.33,32.56,326.81
338.55,33.27,329.08
339.67,34.09,331.31
338.53,32.36,328.17
338.32,32.39,327.92
338.21,33.33,328.70
337.50,32.78,327.26
338.31,32.65,328.17
338.26,32.80,328.25
337.36,32.79,327.07
337.41,33.11,327.46
338.72,33.29,329.33
337.45,32.97,327.38
337.74,32.93,327.72
338.51,33.20,328.96
338.81,33.38,329.53
337.08,32.56,326.49
337.32,33.20,327.43
338.47,33.49,329.18
337.82,32.98,327.86
338.29,33.22,328.70
338.60,33.08,328.97
337.91,32.49,327.49
337.46,32.65,327.06
338.26,32.70,328.14
338.17,33.65,328.95
338.83,32.29,328.50
338.67,33.82,329.77
338.00,32.63,327.75
337.68,33.07,327.77
337.95,34.10,329.10
337.72,32.63,327.38
338.35,32.49,328.07
338.99,33.24,329.63
338.40,32.93,328.57
338.01,33.13,328.26
338.37,32.91,328.49
337.96,33.47,328.52
337.77,33.24,328.06
338.02,32.96,328.09
338.08,33.80,328.99
338.09,33.01,328.24
337.33,32.91,327.16
337.84,33.81,328.69
338.30,33.22,328.71
337.49,33.46,327.91
337.79,33.57,328.40
338.99,33.13,329.52
337.61,33.37,327.98
337.30,33.41,327.61
338.02,33.28,328.42
338.36,33.44,329.00
337.34,33.30,327.55
337.56,32.98,327.52
338.73,33.46,329.50
337.96,33.24,328.29
338.17,33.08,328.41
337.59,33.20,327.78
338.43,33.20,328.87
337.68,33.19,327.89
338.16,33.00,328.31
338.08,33.97,329.15
338.27,32.78,328.24
337.38,33.20,327.52
338.78,33.44,329.55
337.96,31.79,326.84
337.66,33.65,328.30
338.42,33.03,328.69
337.85,32.73,327.65
337.74,33.33,328.10
338.14,33.37,328.66
337.79,32.71,327.56
337.91,33.54,328.52
338.31,32.93,328.44
338.15,33.23,328.53
337.55,32.46,326.98
337.44,33.44,327.82
338.42,32.94,328.59
337.76,33.10,327.90
337.49,33.82,328.27
338.69,33.30,329.31
337.46,32.65,327.06
337.32,33.94,328.16
337.92,34.12,329.10
338.03,33.15,328.29
338.11,33.14,328.39
337.85,33.31,328.22
337.66,33.10,327.77
337.87,33.13,328.07
337.15,32.97,326.99
338.96,31.84,328.23
339.95,31.87,329.58
338.26,32.40,327.85
336.65,33.50,326.88
338.14,33.21,328.50
339.08,32.08,328.62
339.75,31.95,329.39
338.55,33.16,328.98
337.73,32.58,327.35
339.37,32.02,328.95
338.57,32.10,327.97
337.95,32.32,327.37
338.31,32.79,328.30
338.87,32.59,328.84
338.33,32.39,327.94
338.31,32.53,328.05
339.21,32.49,329.19
338.85,31.65,327.89
337.88,31.54,326.49
339.54,32.58,329.72
338.73,32.55,328.62
338.26,32.31,327.77
339.27,31.59,328.39
339.36,31.96,328.88
338.94,32.38,328.73
338.74,31.87,327.95
339.50,32.03,329.14
339.15,31.64,328.28
339.08,31.92,328.47
339.44,32.37,329.39
338.55,32.33,328.17
338.35,32.12,327.69
339.52,32.60,329.72
338.73,31.65,327.73
338.80,32.45,328.63
337.83,32.82,327.72
338.35,32.10,327.68
338.86,32.88,329.12
337.90,32.61,327.60
337.77,31.95,326.76
338.57,31.74,327.60
339.41,32.59,329.56
338.58,31.91,327.80
337.40,32.37,326.71
338.89,31.68,327.96
338.78,32.00,328.14
338.99,31.17,327.60
338.60,32.00,327.91
338.34,32.19,327.75
338.39,30.79,326.39
339.16,31.96,328.61
339.86,32.77,330.34
337.33,31.69,325.92
338.10,31.86,327.11
338.36,31.85,327.44
338.90,31.67,327.97
339.21,31.56,328.28
339.12,31.85,328.45
338.59,32.96,328.83
338.79,31.64,327.80
339.50,30.97,328.07
338.46,31.81,327.52
336.91,31.54,325.21
339.67,30.78,328.12
339.28,33.06,329.83
336.55,32.20,325.45
338.10,31.30,326.53
339.81,31.31,328.84
340.33,31.33,329.57
337.65,32.59,327.25
339.22,31.99,328.73
339.44,31.43,328.47
338.73,32.57,328.65
339.23,33.70,330.38
338.75,32.71,328.80
337.69,34.78,329.43
337.95,33.73,328.76
339.17,34.22,330.78
337.81,33.76,328.60
336.85,34.30,327.92
338.55,33.16,328.97
338.15,32.98,328.29
339.96,34.16,331.75
340.54,35.13,333.34
338.91,33.66,329.92
339.51,32.53,329.64
339.99,34.88,332.41
339.32,32.75,329.59
338.13,31.81,327.09
339.12,32.85,329.42
339.43,33.70,330.63
338.13,32.77,328.06
338.49,32.96,328.72
339.36,32.89,329.78
337.69,31.94,326.65
337.80,32.26,327.11
338.31,32.87,328.39
339.19,32.23,328.92
336.78,33.00,326.55
337.67,32.37,327.06
338.77,32.19,328.32
338.79,33.23,329.36
337.34,32.81,327.08
337.53,33.19,327.70
338.24,33.26,328.68
338.54,32.32,328.15
336.60,32.72,326.04
337.73,33.63,328.38
337.52,32.44,326.94
337.19,32.52,326.60
337.96,32.34,327.40
338.13,32.67,327.96
336.63,32.30,325.65
337.96,33.60,328.64
339.71,32.92,330.27
337.39,32.86,327.19
338.18,32.45,327.80
341.34,31.97,331.59
338.55,31.88,327.71
338.64,33.09,329.03
339.32,30.37,327.21
339.97,31.26,329.01
338.84,31.86,328.08
338.35,31.74,327.31
337.07,33.21,327.12
338.87,32.32,328.58
338.42,31.66,327.33
337.50,31.81,326.26
336.52,32.77,325.98
337.02,31.32,325.12
337.65,32.65,327.31
338.72,32.56,328.61
336.21,30.60,323.30
336.80,31.60,325.13
337.47,32.38,326.81
337.65,31.55,326.19
336.44,31.48,324.54
334.93,32.77,323.99
337.18,33.34,327.40
337.87,32.51,327.46
336.08,32.15,324.79
337.60,32.25,326.85
337.86,32.77,327.71
335.87,32.53,324.92
337.14,33.52,327.52
337.93,33.28,328.30
336.48,34.52,327.68
335.87,34.77,327.17
336.22,33.37,326.22
336.49,34.45,327.61
337.40,34.18,328.49
337.25,34.09,328.22
336.72,34.97,328.40
335.17,34.18,325.74
334.61,34.59,325.47
336.75,34.90,328.38
335.89,34.62,327.05
336.05,33.13,325.76
335.11,33.78,325.25
336.29,34.84,327.75
336.42,33.44,326.53
336.70,34.22,327.65
336.65,34.66,328.03
335.91,35.07,327.51
337.60,34.27,328.83
336.52,33.71,326.93
336.87,34.74,328.38
336.18,34.40,327.19
337.20,34.02,328.10
337.69,35.27,329.88
336.71,34.46,327.89
337.02,34.48,328.30
335.95,33.75,326.26
336.57,34.03,327.31
338.28,34.65,330.04
335.38,34.43,326.24
335.40,34.13,325.97
336.54,34.37,327.59
336.13,35.03,327.74
335.95,34.67,327.17
335.96,34.50,327.02
335.12,34.92,326.40
335.74,34.94,327.17
335.19,34.43,326.01
336.41,34.79,327.85
336.88,34.52,328.18
334.95,34.67,325.95
336.40,34.31,327.37
336.71,35.05,328.47
336.13,34.51,327.23
336.82,34.91,328.47
336.60,33.73,327.05
336.50,34.58,327.76
335.97,34.02,326.55
335.96,34.75,327.26
336.84,34.56,328.17
338.40,34.37,329.94
335.15,33.94,325.46
335.97,34.34,326.87
337.62,34.53,329.11
336.53,34.61,327.83
336.20,34.37,327.18
335.84,35.31,327.66
336.81,34.68,328.24
336.16,34.31,327.07
337.16,34.43,328.44
335.62,35.01,327.10
336.90,34.50,328.18
335.55,35.08,327.09
336.41,34.49,327.56
336.66,34.87,328.24
336.69,34.44,327.85
336.09,34.94,327.60
336.52,34.75,327.95
336.10,35.22,327.89
335.88,35.03,327.43
336.85,35.09,328.68
335.33,34.25,326.00
335.42,35.15,326.99
336.23,35.17,327.99
335.83,35.01,327.35
336.12,35.35,328.03
336.13,34.18,326.91
335.22,35.32,326.92
335.68,34.83,326.99
337.07,34.63,328.51
335.85,35.02,327.39
336.25,34.12,327.00
336.68,34.83,328.21
335.52,34.35,326.32
336.48,34.47,327.63
336.48,35.78,328.88
335.63,34.32,326.43
336.04,35.38,327.96
336.21,35.23,328.02
337.33,34.03,328.26
335.62,34.62,326.71
335.52,35.48,327.43
335.92,35.22,327.66
336.45,34.84,327.95
335.28,35.60,327.26
336.37,34.48,327.49
336.30,35.23,328.14
335.68,34.49,326.66
336.32,35.91,328.81
335.67,34.33,326.50
334.89,35.53,326.72
335.87,34.84,327.24
335.48,35.58,327.48
336.01,35.97,328.48
335.57,34.61,326.64
334.90,34.48,325.71
335.66,35.12,327.24
336.52,35.35,328.53
335.47,35.82,327.70
334.26,35.90,326.34
336.03,35.11,327.69
336.69,34.77,328.17
335.97,34.76,327.29
335.20,34.65,326.24
335.50,35.32,327.24
336.19,35.04,327.82
335.75,34.77,327.02
335.53,35.77,327.72
335.97,35.35,327.85
336.26,35.01,327.88
336.54,35.64,328.81
335.19,34.98,326.55
334.65,35.19,326.11
336.37,36.06,329.01
335.75,35.52,327.75
334.83,34.57,325.70
335.50,34.71,326.66
335.67,35.64,327.76
335.37,36.28,328.01
336.44,34.68,327.78
334.79,34.60,325.69
335.98,35.76,328.26
335.79,34.24,326.55
335.64,35.17,327.28
335.22,35.94,327.51
335.58,35.10,327.13
335.13,34.79,326.29
335.81,35.31,327.61
334.94,35.65,326.90
335.48,35.18,327.10
335.55,35.42,327.41
336.00,35.61,328.13
335.39,35.54,327.33
335.76,35.48,327.71
335.21,35.72,327.30
336.14,35.42,328.12
335.07,35.52,326.93
334.88,35.42,326.61
336.28,34.82,327.72
335.73,35.41,327.61
335.19,36.28,327.79
335.31,35.06,326.78
335.36,35.19,326.96
336.53,35.25,328.43
336.10,35.45,328.10
335.06,35.31,326.72
335.94,35.10,327.56
335.47,36.15,328.01
335.25,35.55,327.17
336.22,34.78,327.62
335.84,35.33,327.66
335.47,35.64,327.52
335.70,35.33,327.50
336.38,36.35,329.28
336.35,35.50,328.46
334.94,34.66,325.93
335.88,34.90,327.30
335.50,35.86,327.77
335.46,35.72,327.59
335.51,34.42,326.39
336.40,35.20,328.23
335.21,35.83,327.39
335.76,35.40,327.64
336.27,35.60,328.45
336.13,35.93,328.59
334.35,36.22,326.75
335.67,35.29,327.43
335.48,35.44,327.35
334.21,35.12,325.51
334.63,36.48,327.33
336.31,35.41,328.31
335.78,37.00,329.16
333.35,36.21,325.58
333.58,35.80,325.43
333.38,37.21,326.57
332.89,41.44,329.89
332.89,38.93,327.63
333.52,38.41,327.86
330.60,38.99,325.17
332.20,41.87,329.53
329.75,42.76,327.77
331.97,41.55,329.01
329.38,42.63,327.26
324.44,44.82,324.27
330.03,47.10,331.82
326.06,46.57,327.50
326.68,47.16,328.64
324.37,47.33,326.55
331.00,51.20,335.98
320.95,54.54,329.98
320.74,54.01,329.30
324.53,51.79,330.72
311.99,64.38,331.95
318.31,54.26,327.34
316.32,58.48,329.64
319.12,59.86,333.32
317.08,60.27,332.03
304.97,65.79,327.26
308.94,66.86,332.12
294.15,74.25,327.84
311.76,65.82,333.30
302.96,68.77,329.08
302.14,70.89,331.12
296.72,74.44,331.05
295.74,72.81,327.31
298.24,72.54,329.64
298.84,75.06,334.15
297.08,75.76,333.60
295.68,74.18,329.48
289.90,76.17,325.77
288.88,76.72,325.38
291.95,73.90,324.38
291.95,75.64,327.57
296.49,74.17,330.36
299.28,72.94,331.32
301.52,72.67,333.03
297.22,73.22,329.63
294.58,73.22,326.61
292.65,75.32,327.89
294.69,73.70,327.54
295.65,73.14,327.74
292.88,74.33,326.40
290.52,75.77,325.88
294.27,73.93,327.43
294.79,72.74,326.08
297.64,72.73,329.30
300.27,71.62,330.35
292.05,74.87,326.28
293.29,74.04,326.40
292.19,74.94,326.58
290.84,77.10,328.97
288.77,77.28,326.41
290.77,76.12,326.92
294.49,75.05,329.63
294.62,75.18,330.00
292.83,74.89,327.32
293.55,76.36,330.89
293.26,75.02,328.09
293.68,74.19,327.16
293.80,74.31,327.51
288.52,77.57,326.65
290.44,77.59,329.44
294.76,75.41,330.57
293.45,75.85,329.83
290.91,77.36,329.60
292.51,76.83,330.56
294.80,75.85,331.39
292.41,77.22,331.19
292.89,78.43,334.14
287.04,79.63,329.16
288.85,78.34,328.86
291.16,78.31,331.87
290.86,78.74,332.41
287.09,78.67,326.90
285.50,80.18,328.04
289.03,78.23,328.86
289.64,77.38,327.89
289.20,77.26,327.00
286.17,78.95,326.04
286.69,79.32,327.84
287.52,78.41,326.98
288.39,78.30,328.08
288.52,78.73,329.24
289.22,77.64,327.84
288.74,77.96,327.85
289.18,77.76,328.04
288.08,79.16,329.62
288.17,77.40,325.74
286.91,79.20,327.90
286.31,79.32,327.21
285.97,79.54,327.16
287.49,79.55,329.67
285.16,80.19,327.46
269.84,90.10,327.98
281.06,82.57,326.27
282.32,82.41,328.61
285.32,80.74,329.26
281.32,82.77,327.63
283.69,81.70,329.10
275.22,87.00,330.20
286.89,79.49,328.57
280.15,83.92,329.20