7.92,330.20,166.34
8.49,330.05,165.48
8.30,329.65,166.01
7.55,329.16,167.48
8.47,329.78,165.66
8.05,330.84,165.77
7.44,331.22,166.63
7.82,330.80,166.20
7.45,330.73,166.86
7.21,330.75,167.26
6.77,329.91,168.43
8.04,329.79,166.36
8.20,330.46,165.73
8.21,330.45,165.72
8.95,330.20,164.62
8.72,330.26,164.98
7.94,330.67,166.07
7.04,330.71,167.58
6.76,330.36,168.23
7.41,330.66,166.97
8.12,330.09,166.07
8.52,330.82,164.98
8.41,331.15,164.98
7.18,330.80,167.30
7.30,330.47,167.25
7.45,330.24,167.11
7.15,330.10,167.70
8.03,330.62,165.94
7.97,330.62,166.03
7.75,330.73,166.35
7.37,330.67,167.04
7.58,329.88,167.08
7.80,330.39,166.45
8.11,330.13,166.06
7.87,330.73,166.14
7.44,330.45,167.04
7.75,330.37,166.55
6.87,330.96,167.75
7.12,330.98,167.31
7.90,330.74,166.09
7.31,330.80,167.07
7.11,330.62,167.50
7.66,330.40,166.67
7.23,330.53,167.35
7.92,330.46,166.21
7.89,329.83,166.60
7.37,330.37,167.19
7.49,330.95,166.68
7.26,330.96,167.07
7.58,331.11,166.45
7.39,330.85,166.91
7.27,331.08,167.00
7.96,330.85,165.92
6.98,330.93,167.57
6.65,330.17,168.50
8.21,329.78,166.09
8.10,330.08,166.11
7.66,330.85,166.45
7.68,330.47,166.61
8.06,330.49,165.96
7.73,330.63,166.44
6.89,331.06,167.67
7.92,330.69,166.09
7.37,330.82,166.96
7.29,330.56,167.23
8.32,330.40,165.56
7.15,330.43,167.53
6.91,330.65,167.83
7.80,330.55,166.36
7.55,330.75,166.68
6.88,330.36,168.03
8.09,330.13,166.11
7.46,331.02,166.70
7.32,330.61,167.16
7.37,330.84,166.95
7.25,330.89,167.13
6.61,330.71,168.33
6.69,330.23,168.40
7.88,330.16,166.44
7.83,330.32,166.43
6.56,330.38,168.57
7.45,329.97,167.25
7.41,330.95,166.81
6.76,330.87,167.98
7.63,330.45,166.70
7.80,331.21,165.99
7.04,331.24,167.31
7.40,330.68,166.99
7.47,330.85,166.76
7.54,330.88,166.64
7.79,330.48,166.41
7.42,330.80,166.88
7.24,331.30,166.93
7.65,330.61,166.58
7.79,330.43,166.45
5.98,330.77,169.40
6.84,330.59,167.99
8.23,330.97,165.39
7.95,331.07,165.83
7.23,330.27,167.47
7.14,330.57,167.48
6.96,331.26,167.45
7.06,330.66,167.57
7.16,330.58,167.44
7.24,330.74,167.23
7.08,330.63,167.56
7.79,330.52,166.39
7.38,330.92,166.90
6.44,330.88,168.55
6.83,330.35,168.11
7.23,330.01,167.60
7.64,330.57,166.63
7.53,331.26,166.45
7.56,330.84,166.62
7.31,331.01,166.96
7.28,330.91,167.06
6.51,330.27,168.70
6.89,330.24,168.07
7.33,330.95,166.97
7.37,330.54,167.10
7.74,330.23,166.64
7.31,330.32,167.31
7.08,330.02,167.85
7.48,330.68,166.84
7.22,330.37,167.45
6.76,329.47,168.63
7.28,329.73,167.65
7.26,330.35,167.40
7.72,330.73,166.40
7.63,330.96,166.44
7.49,330.15,167.10
7.34,330.73,167.06
6.81,330.71,167.97
7.01,330.30,167.83
6.66,330.78,168.21
7.26,331.10,167.00
6.73,330.62,168.16
6.88,329.91,168.24
7.47,330.72,166.83
6.95,330.65,167.76
6.98,330.21,167.93
7.22,330.28,167.49
7.32,330.58,167.17
7.49,329.91,167.23
7.27,330.64,167.21
6.96,330.17,167.97
6.93,330.33,167.95
6.80,329.99,168.34
7.45,329.91,167.28
8.04,329.91,166.30
7.09,330.23,167.72
7.42,330.32,167.14
8.05,330.61,165.90
6.98,330.30,167.89
7.56,330.39,166.86
7.68,330.67,166.51
6.78,330.51,168.12
7.36,330.10,167.35
7.53,330.24,166.98
7.63,330.13,166.86
7.99,330.47,166.09
7.43,330.37,167.08
7.47,330.58,166.90
7.47,330.92,166.74
6.80,330.60,168.05
7.25,330.78,167.18
7.34,330.92,166.95
7.55,330.82,166.65
8.06,330.87,165.75
8.00,331.03,165.76
6.91,330.97,167.68
6.71,330.74,168.15
7.72,330.70,166.42
7.14,330.55,167.49
7.22,330.58,167.35
7.32,331.04,166.94
7.48,331.26,166.53
7.85,330.82,166.13
7.92,330.73,166.06
7.22,330.90,167.18
6.73,330.65,168.15
7.11,330.26,167.68
7.59,330.61,166.69
7.55,330.89,166.61
8.00,330.36,166.13
6.75,330.49,168.18
7.72,331.48,165.99
6.92,330.75,167.78
6.89,330.28,168.06
7.54,330.95,166.60
7.88,330.40,166.30
7.23,330.66,167.29
7.07,329.95,167.89
7.19,330.00,167.67
6.94,330.89,167.67
7.22,330.91,167.17
7.85,330.70,166.19
7.13,330.79,167.38
6.55,331.33,168.14
7.26,330.19,167.46
7.15,329.87,167.81
7.53,330.77,166.72
6.76,330.65,168.09
7.20,330.18,167.57
6.86,330.82,167.85
6.55,330.85,168.36
7.48,331.05,166.66
6.38,330.01,169.04
6.69,330.51,168.27
7.36,330.56,167.10
7.38,330.01,167.35
7.78,330.57,166.39
7.10,330.90,167.38
6.73,330.09,168.41
6.66,330.27,168.44
7.82,330.75,166.22
7.01,331.09,167.45
7.26,330.31,167.41
7.81,330.39,166.42
7.45,331.18,166.64
7.08,331.39,167.17
7.54,330.64,166.76
6.86,330.97,167.76
6.70,330.93,168.06
7.36,330.31,167.23
7.88,330.24,166.40
7.27,330.11,167.48
7.33,330.77,167.05
7.56,330.73,166.67
6.41,330.75,168.65
7.64,331.53,166.11
7.73,330.78,166.36
6.11,330.24,169.40
7.03,330.66,167.62
7.79,330.61,166.34
7.35,330.62,167.09
7.11,330.70,167.47
7.40,330.42,167.12
6.93,330.54,167.86
7.02,330.51,167.72
7.91,330.41,166.26
7.44,330.94,166.78
6.73,331.36,167.81
6.88,330.52,167.96
6.52,330.30,168.67
7.88,330.98,166.00
7.23,330.72,167.26
6.97,330.56,167.78
7.08,330.52,167.61
6.69,330.58,168.25
6.13,329.51,169.65
7.09,330.05,167.82
7.74,330.14,166.69
7.41,330.24,167.19
7.74,330.79,166.33
7.42,331.02,166.77
7.00,331.31,167.36
6.77,331.64,167.60
6.67,330.99,168.09
6.71,330.06,168.46
7.45,329.87,167.31
7.38,330.68,167.01
6.92,330.09,168.09
7.11,329.84,167.89
7.07,329.99,167.89
7.79,330.45,166.44
7.63,330.16,166.86
7.99,330.07,166.30
7.03,329.86,168.01
7.38,330.06,167.33
7.20,330.14,167.59
7.35,329.62,167.59
6.91,330.05,168.11
7.17,330.18,167.61
8.19,331.02,165.44
7.96,331.08,165.80
6.41,329.95,169.00
6.76,329.55,168.59
7.27,330.52,167.28
7.92,330.58,166.13
7.37,330.05,167.34
6.87,330.04,168.19
7.02,330.54,167.71
6.71,330.44,168.27
7.51,330.07,167.11
7.41,330.17,167.22
8.00,330.46,166.07
7.49,330.22,167.06
6.81,330.06,168.28
7.26,329.96,167.57
7.40,330.66,167.00
7.03,330.07,167.91
7.02,330.11,167.91
7.62,330.16,166.87
7.77,330.22,166.59
7.05,330.54,167.65
7.20,330.07,167.62
7.60,330.30,166.83
7.29,330.64,167.19
7.28,331.00,167.03
7.78,330.77,166.28
7.37,330.86,166.94
7.04,330.85,167.51
7.09,330.69,167.51
7.12,330.13,167.74
7.36,330.17,167.30
7.71,330.65,166.46
6.67,330.18,168.48
6.95,329.96,168.10
6.58,330.69,168.38
7.10,330.92,167.38
6.28,330.31,169.08
7.04,330.31,167.78
7.68,330.67,166.50
7.17,330.55,167.44
7.00,329.79,168.09
7.42,330.05,167.26
7.40,330.07,167.28
6.92,330.74,167.77
7.46,330.72,166.85
6.92,330.72,167.79
6.76,331.60,167.63
6.44,331.16,168.41
7.07,330.28,167.75
6.73,330.10,168.41
7.26,330.85,167.13
7.24,329.67,167.75
7.51,329.33,167.47
7.67,329.75,166.99
7.71,329.93,166.84
7.33,329.44,167.70
7.26,329.72,167.70
7.40,330.41,167.12
7.73,330.46,166.52
8.15,330.43,165.84
8.03,330.62,165.93
6.90,330.48,167.94
7.30,330.79,167.10
7.24,330.43,167.37
7.75,330.48,166.49
7.49,330.79,166.77
7.06,330.42,167.70
7.34,330.23,167.31
7.24,330.72,167.23
7.74,330.56,166.46
6.97,329.84,168.12
7.03,329.75,168.05
7.78,329.39,167.00
8.05,330.34,166.05
7.47,330.95,166.72
7.31,330.60,167.18
7.34,330.29,167.28
7.79,331.45,165.88
7.28,331.84,166.57
6.48,331.31,168.27
7.06,331.64,167.08
5.67,331.58,169.61
5.17,331.03,170.71
6.10,330.97,169.11
7.10,331.24,167.21
7.03,330.43,167.73
8.09,330.25,166.04
8.27,330.77,165.44
8.37,331.36,164.92
7.36,331.20,166.78
6.12,331.14,168.99
6.51,330.71,168.49
7.24,330.33,167.43
7.90,330.55,166.20
9.47,330.37,163.65
10.58,330.21,161.94
10.15,330.25,162.60
9.40,330.25,163.84
8.55,330.47,165.14
7.58,330.52,166.75
8.08,330.20,166.08
9.19,330.71,163.91
10.09,331.56,161.82
10.25,331.69,161.44
10.12,331.88,161.54
9.50,331.92,162.59
8.64,332.00,164.05
8.12,331.85,165.06
8.46,331.95,164.40
8.58,332.04,164.13
8.39,331.71,164.68
9.34,332.00,162.81
9.41,331.54,163.00
8.80,331.09,164.34
8.33,330.17,165.67
8.52,330.43,165.21
8.38,330.91,165.17
8.31,330.97,165.26
8.15,330.40,165.84
8.81,330.29,164.80
8.72,330.15,165.04
9.46,330.72,163.44
8.50,330.58,165.15
8.82,330.61,164.60
9.59,331.12,162.97
8.44,332.08,164.36
7.36,332.11,166.29
7.40,331.55,166.51
7.69,331.26,166.16
8.05,331.13,165.61
8.46,330.01,165.56
8.98,330.44,164.43
9.37,330.78,163.57
8.69,330.41,164.94
7.89,330.69,166.14
8.04,330.83,165.79
8.45,330.96,165.01
8.43,330.87,165.11
8.51,331.25,164.74
8.89,331.41,163.99
7.39,330.81,166.93
7.70,330.29,166.67
8.95,330.99,164.15
8.18,331.35,165.26
8.11,330.85,165.67
9.00,330.94,164.10
8.69,331.35,164.37
8.82,331.84,163.84
7.93,331.44,165.65
8.41,331.44,164.81
8.30,331.23,165.12
7.60,330.98,166.48
8.67,330.68,164.81
8.88,330.55,164.53
8.25,331.28,165.18
8.43,331.80,164.54
8.08,331.71,165.23
7.87,331.56,165.69
7.35,330.70,167.05
8.74,330.49,164.81
8.80,330.68,164.58
8.99,330.39,164.44
9.08,330.42,164.28
8.76,331.00,164.46
8.03,330.69,165.89
7.87,330.81,166.11
7.98,330.60,166.02
9.05,330.49,164.28
9.48,331.40,162.98
8.27,331.56,164.98
8.01,330.82,165.86
8.02,330.30,166.13
7.58,331.13,166.43
7.74,330.95,166.25
8.10,330.94,165.63
8.03,330.63,165.93
8.19,330.63,165.65
8.74,330.39,164.86
8.15,330.07,166.04
8.33,330.01,165.76
8.73,331.28,164.35
7.93,331.11,165.84
7.98,330.94,165.84
7.94,330.78,166.01
8.19,331.24,165.31
9.06,331.19,163.83
8.08,330.94,165.67
8.09,331.60,165.28
8.53,331.47,164.57
7.62,330.86,166.50
7.93,330.42,166.22
8.25,331.01,165.33
7.96,331.07,165.81
8.43,330.77,165.17
8.72,330.82,164.64
8.26,331.20,165.20
7.69,331.22,166.20
8.41,330.79,165.19
8.18,330.34,165.83
8.24,330.90,165.41
9.06,331.11,163.87
8.70,330.78,164.71
8.49,330.77,165.06
8.26,331.28,165.16
7.67,331.04,166.32
7.56,330.72,166.68
8.44,331.28,164.84
7.86,331.16,165.92
8.85,331.33,164.10
9.17,330.60,164.01
8.56,331.16,164.72
8.80,331.12,164.32
9.41,330.64,163.58
8.43,331.21,164.90
8.51,331.64,164.50
9.25,331.35,163.40
9.72,330.94,162.87
9.60,331.74,162.54
8.20,331.58,165.08
8.58,330.53,165.05
8.89,331.03,164.23
9.06,331.27,163.77
7.92,331.19,165.80
7.87,330.88,166.06
8.32,330.38,165.57
9.16,329.59,164.64
9.70,329.33,163.92
9.79,330.29,163.18
10.67,331.52,160.84
8.75,330.84,164.58
8.29,330.08,165.79
8.54,331.20,164.72
7.45,331.47,166.48
8.33,330.47,165.51
9.85,330.16,163.15
9.88,330.39,162.96
9.88,330.54,162.86
10.55,330.72,161.63
9.88,331.15,162.45
8.17,331.01,165.48
9.19,330.46,164.07
8.46,330.56,165.23
8.42,331.10,164.98
9.19,330.52,164.04
8.45,330.66,165.19
7.82,330.07,166.57
8.00,329.25,166.71
7.90,329.44,166.77
7.68,330.46,166.61
7.12,330.77,167.41
7.50,330.33,166.98
7.20,329.94,167.68
7.22,330.38,167.43
7.23,330.12,167.55
7.18,329.41,167.97
7.34,329.68,167.57
7.84,330.74,166.19
7.74,330.26,166.61
7.96,329.10,166.85
8.03,329.33,166.61
7.94,330.48,166.16
7.80,329.88,166.72
8.11,329.24,166.54
8.25,328.88,166.49
7.97,328.53,167.12
8.10,328.88,166.73
9.43,328.97,164.57
8.22,329.48,166.22
7.79,329.99,166.67
8.25,330.82,165.44
7.91,330.29,166.32
7.14,330.06,167.72
8.52,328.88,166.07
10.71,329.73,162.05
9.90,330.79,162.67
7.50,329.96,167.17
8.74,329.52,165.37
9.17,330.35,164.17
8.94,330.37,164.54
9.89,329.52,163.50
9.39,329.32,164.43
8.71,330.15,165.06
9.58,329.60,163.95
9.41,330.22,163.84
8.28,330.32,165.68
8.95,329.99,164.76
8.96,330.00,164.72
8.15,329.96,166.09
8.47,329.71,165.70
8.85,329.65,165.11
8.57,330.23,165.25
8.29,330.52,165.54
9.59,329.82,163.80
9.52,328.66,164.60
10.82,329.02,162.34
9.13,328.89,165.08
9.94,328.23,164.20
9.63,327.55,165.06
11.10,328.52,162.23
11.52,328.24,161.78
10.88,328.30,162.71
9.48,329.49,164.18
10.34,329.67,162.68
11.17,328.83,161.93
12.62,329.75,158.99
9.43,329.64,164.17
8.94,328.91,165.38
11.17,329.04,161.78
9.54,328.81,164.48
9.47,328.50,164.77
10.95,328.94,162.19
10.55,328.70,162.97
10.73,328.64,162.73
11.24,329.29,161.50
10.23,328.67,163.48
10.87,329.10,162.22
10.41,328.60,163.25
10.50,329.06,162.83
10.99,329.07,162.03
10.59,328.92,162.77
10.20,329.04,163.30
10.61,328.21,163.18
11.21,328.89,161.82
11.49,329.77,160.77
10.37,329.20,162.94
10.70,329.17,162.43
9.50,328.44,164.77
10.56,329.98,162.12
10.82,330.58,161.28
8.33,328.63,166.50
10.27,329.14,163.13
9.49,329.28,164.28
9.37,329.03,164.62
10.48,330.83,161.67
9.79,330.50,163.05
9.93,329.89,163.21
10.50,329.18,162.74
8.92,329.52,165.08
7.11,329.19,168.18
7.26,328.52,168.25
8.06,328.81,166.84
8.08,329.74,166.33
7.17,329.40,168.00
6.72,329.80,168.55
9.30,330.59,163.80
7.15,330.83,167.34
6.13,329.61,169.62
7.02,329.94,167.99
8.17,330.32,165.85
7.65,329.81,167.01
6.44,329.32,169.22
7.60,328.91,167.53
8.71,328.93,165.74
8.51,329.26,165.87
7.98,329.73,166.49
8.46,330.28,165.39
7.34,330.39,167.23
7.13,330.71,167.43
7.04,330.47,167.71
5.81,329.61,170.16
7.59,329.66,167.18
8.75,329.54,165.34
8.54,329.39,165.76
8.38,329.23,166.11
8.52,329.07,165.96
8.02,329.13,166.74
8.35,329.24,166.14
8.08,329.29,166.56
8.03,329.46,166.56
8.66,329.81,165.33
8.93,329.87,164.84
8.48,330.40,165.29
8.59,329.57,165.57
7.85,329.23,166.97
8.20,329.38,166.33
8.82,329.43,165.28
8.09,330.10,166.12
8.27,329.06,166.37
7.99,330.01,166.32
7.36,330.48,167.15
7.79,330.04,166.65
8.72,331.07,164.49
7.81,331.29,165.95
7.13,329.85,167.85
8.18,328.54,166.78
9.13,328.57,165.27
9.23,328.44,165.19
10.11,329.26,163.32
9.16,329.46,164.72
8.72,330.29,164.96
9.48,330.27,163.69
8.73,331.24,164.37
8.21,331.07,165.38
8.14,330.52,165.80
8.07,330.09,166.15
8.45,329.91,165.61
7.63,329.67,167.10
7.63,329.60,167.15
7.46,329.94,167.25
7.01,330.33,167.81
7.97,330.35,166.18
8.74,329.01,165.64
10.54,329.86,162.23
9.98,329.79,163.19
10.67,329.57,162.21
10.77,329.43,162.16
9.51,329.39,164.19
8.48,329.11,166.00
8.22,329.38,166.28
8.74,330.16,165.00
9.55,330.27,163.59
10.20,330.54,162.33
10.27,330.01,162.57
10.18,329.87,162.80
10.36,329.43,162.81
10.60,329.18,162.59
10.01,330.00,163.01
10.01,330.14,162.91
10.33,330.11,162.40
10.26,329.97,162.61
10.40,329.18,162.90
10.86,329.08,162.25
10.82,329.50,162.03
11.37,328.90,161.57
11.47,329.20,161.20
9.99,329.63,163.27
9.26,328.78,164.94
9.87,328.51,164.15
11.44,328.92,161.45
10.60,330.20,161.90
11.12,330.90,160.56
9.50,330.40,163.59
9.25,330.14,164.17
9.04,329.88,164.66
9.64,330.04,163.58
10.06,329.96,162.95
10.01,330.67,162.57
9.11,331.29,163.68
9.29,330.10,164.12
9.51,329.71,164.00
9.67,330.18,163.44
9.83,329.85,163.38
9.80,329.89,163.42
9.51,330.04,163.80
9.17,329.96,164.41
9.26,330.68,163.81
8.90,330.65,164.45
8.54,330.19,165.32
9.46,329.73,164.06
8.86,330.18,164.79
9.83,329.85,163.39
9.42,329.90,164.03
9.80,329.74,163.50
9.69,330.05,163.49
9.72,330.33,163.27
9.83,330.08,163.25
9.54,329.74,163.93
9.80,329.45,163.68
10.05,329.82,163.05
9.62,329.81,163.75
9.68,330.16,163.44
10.80,331.01,161.01
10.25,331.58,161.53
9.20,331.83,163.18
8.60,330.85,164.83
8.78,330.31,164.84
10.05,330.83,162.39
8.85,330.27,164.75
10.03,330.63,162.55
10.72,330.78,161.30
10.06,330.71,162.44
8.87,330.57,164.54
8.73,329.89,165.18
9.65,329.68,163.78
10.15,330.30,162.58
10.59,330.88,161.44
10.51,331.03,161.47
10.33,331.64,161.34
9.10,331.52,163.56
8.87,330.65,164.49
9.47,330.07,163.84
9.31,330.09,164.10
9.73,330.21,163.32
10.68,329.88,161.99
10.04,330.43,162.67
9.94,330.57,162.74
10.39,330.59,161.99
9.72,330.36,163.24
9.48,330.47,163.58
10.21,330.43,162.38
10.27,330.80,162.04
10.11,330.29,162.65
10.67,329.92,161.98
10.50,329.73,162.39
10.57,330.62,161.66
10.75,330.84,161.21
10.14,330.81,162.25
10.05,331.03,162.25
9.25,330.52,163.92
10.26,329.39,162.99
11.41,329.60,161.02
10.24,330.95,161.98
8.95,330.67,164.34
8.33,331.01,165.21
8.99,331.48,163.76
9.73,330.89,162.88
10.21,330.82,162.12
11.08,330.88,160.63
9.75,330.78,162.92
9.08,330.62,164.15
9.06,330.76,164.10
9.52,329.85,163.89
9.77,331.10,162.67
9.29,331.43,163.29
9.90,330.01,163.18
9.66,330.72,163.11
10.15,331.08,162.05
9.19,330.56,164.01
8.63,330.37,165.06
9.69,331.17,162.77
9.51,330.28,163.65
9.57,330.21,163.59
10.28,330.87,161.96
10.19,330.83,162.16
9.68,331.01,162.89
9.83,331.26,162.46
9.20,330.96,163.74
9.14,330.41,164.18
10.14,330.59,162.40
10.25,330.89,162.01
9.57,331.28,162.89
9.64,331.02,162.94
8.97,330.57,164.37
9.15,330.01,164.40
10.28,329.66,162.78
10.38,330.62,161.97
10.19,330.64,162.28
9.80,330.20,163.23
9.67,330.99,162.91
9.56,330.57,163.37
9.16,329.94,164.43
9.49,330.63,163.46
9.13,330.34,164.24
9.12,330.06,164.43
9.16,330.17,164.29
8.49,331.01,164.92
8.14,329.56,166.32
10.66,329.58,162.23
10.37,330.86,161.83
9.77,330.19,163.26
10.31,330.80,161.97
9.04,331.07,163.94
9.42,330.38,163.73
10.42,330.41,162.06
10.45,331.19,161.47
9.85,330.08,163.21
9.53,329.83,163.89
10.60,330.33,161.81
9.77,330.96,162.77
10.45,330.43,161.99
11.01,330.76,160.84
10.39,331.27,161.50
10.32,330.65,162.05
10.20,330.89,162.09
9.81,331.09,162.61
9.94,330.61,162.71
10.97,331.11,160.64
11.19,330.84,160.49
10.04,330.82,162.41
11.00,330.94,160.71
9.24,330.30,164.08
8.45,330.01,165.56
10.03,329.63,163.21
10.42,330.37,162.09
9.46,331.08,163.21
9.09,329.50,164.81
8.94,329.16,165.24
9.58,330.07,163.66
9.21,329.92,164.35
8.93,329.13,165.27
9.58,329.88,163.77
9.07,330.49,164.25
8.32,329.44,166.10
8.09,328.92,166.74
8.35,329.33,166.09
10.14,329.76,162.94
10.20,329.92,162.74
8.98,329.75,164.83
8.53,330.06,165.41
8.43,329.81,165.71
9.75,330.06,163.39
10.08,330.25,162.72
9.40,329.75,164.16
9.14,329.82,164.54
9.29,329.90,164.24
9.31,329.71,164.32
9.42,329.99,163.98
10.11,329.84,162.94
9.89,329.68,163.40
8.74,330.15,165.00
9.21,329.80,164.44
9.98,329.93,163.10
9.55,330.43,163.48
8.59,329.38,165.68
9.31,328.97,164.76
10.41,329.66,162.58
9.57,330.00,163.72
8.90,329.67,165.02
8.83,329.93,164.98
9.37,330.66,163.63
8.91,330.46,164.53
9.07,329.85,164.63
9.45,329.97,163.94
9.27,329.38,164.58
9.36,329.22,164.52
9.75,330.15,163.34
9.43,330.09,163.90
8.42,329.36,165.97
8.63,329.90,165.33
9.17,330.41,164.13
9.66,330.15,163.48
9.33,329.48,164.43
9.56,330.33,163.53
8.82,330.31,164.77
8.70,329.94,165.20
9.37,329.82,164.16
8.91,329.87,164.88
9.03,329.81,164.71
9.35,330.04,164.06
8.23,329.53,166.20
10.27,328.65,163.43
9.27,329.21,164.69
9.31,329.56,164.41
7.62,329.82,167.05
7.90,329.42,166.79
5.97,329.09,170.09
6.07,329.08,169.93
8.92,328.57,165.59
7.59,329.69,167.15
9.40,330.61,163.61
6.86,330.04,168.21
5.83,330.47,169.78
5.03,330.24,171.24
3.13,329.44,174.71
4.22,329.05,172.99
4.75,328.73,172.20
5.27,328.25,171.52
5.25,329.15,171.26
4.38,330.23,172.37
4.78,330.19,171.70
4.54,329.82,172.22
4.12,329.69,172.97
5.05,329.59,171.44
3.53,329.05,174.13
3.54,328.95,174.14
2.91,328.07,175.34
3.57,328.02,174.29
4.99,329.43,171.60
2.34,328.95,176.11
3.33,329.50,174.35
3.09,329.79,174.71
2.93,329.23,175.09
3.94,328.56,173.57
4.40,329.59,172.52
3.68,329.23,173.84
2.44,329.15,175.91
2.17,329.98,176.24
1.62,329.51,177.25
2.00,328.38,176.75
4.20,329.86,172.79
3.10,330.83,174.46
4.37,330.12,172.43
4.19,330.74,172.55
3.19,330.03,174.49
2.85,328.57,175.34
3.98,329.39,173.30
2.56,328.76,175.78
3.47,329.14,174.20
4.12,330.32,172.79
3.14,330.87,174.37
3.46,330.24,173.96
3.58,329.96,173.83
2.85,330.07,175.06
4.72,330.00,171.86
2.44,329.28,175.90
3.69,329.52,173.75
4.82,330.21,171.62
2.16,329.83,176.28
2.68,329.18,175.52
2.88,329.08,175.20
4.55,329.27,172.37
5.13,329.72,171.27
3.89,329.10,173.51
2.66,328.82,175.61
4.82,329.35,171.90
6.15,330.86,169.06
4.07,329.55,173.09
3.45,327.56,174.58
4.00,328.98,173.37
3.93,329.87,173.25
5.13,328.72,171.59
3.79,328.54,173.82
4.63,329.73,172.09
5.48,329.84,170.62
4.54,328.98,172.48
4.63,329.41,172.21
3.08,329.80,174.72
5.52,329.45,170.70
5.19,329.75,171.14
3.33,328.95,174.48
3.74,329.13,173.76
5.10,329.77,171.30
4.82,329.50,171.85
5.02,329.13,171.63
5.50,329.50,170.71
5.21,331.02,170.65
4.55,329.97,172.16
4.04,329.65,173.13
4.10,330.74,172.72
4.03,331.03,172.75
7.03,331.86,167.02
7.51,332.03,166.06
4.03,332.88,172.16
7.34,331.19,166.83
8.17,330.62,165.69
8.62,330.16,165.20
7.34,329.39,167.72
6.25,328.63,169.81
5.66,325.70,171.74
5.90,324.08,171.88
0.18,324.35,179.75
359.42,325.37,180.85
7.20,326.93,169.01
6.36,329.42,169.31
5.51,329.78,170.59
6.74,329.54,168.64
5.87,329.81,169.97
4.10,329.13,173.16
3.21,327.79,174.92
5.56,328.82,170.86
5.35,328.70,171.25
4.75,327.39,172.60
5.28,326.87,171.94
5.70,327.60,171.06
6.37,329.54,169.25
4.61,329.50,172.21
3.60,328.76,174.08
3.72,328.80,173.87
3.25,329.11,174.58
2.37,328.90,176.08
0.46,328.16,179.25
359.70,326.67,180.46
1.83,327.78,177.10
5.49,329.81,170.62
3.40,331.39,173.78
3.01,333.37,174.01
7.64,332.62,165.48
8.48,333.02,163.67
7.39,334.76,164.62
5.41,328.19,171.32
9.04,327.46,166.00
9.99,330.68,162.58
8.88,328.60,165.64
7.62,327.82,168.00
7.51,327.90,168.14
7.35,324.92,169.59
7.44,324.79,169.51
6.62,326.28,170.14
8.05,327.52,167.47
8.29,327.67,167.04
7.09,328.50,168.53
6.01,328.12,170.40
5.61,327.63,171.19
5.56,326.58,171.61
8.39,327.24,167.09
9.45,328.72,164.68
7.26,329.19,167.94
5.93,328.06,170.54
7.72,328.26,167.64
6.66,328.45,169.24
6.62,326.87,169.91
7.13,326.68,169.22
6.02,328.08,170.40
7.41,328.20,168.15
8.13,327.37,167.42
8.86,326.98,166.51
7.63,326.25,168.67
7.69,326.40,168.51
8.08,327.27,167.55
7.52,327.66,168.23
6.09,328.10,170.27
7.18,328.76,168.26
7.63,329.75,167.06
5.99,328.76,170.19
7.62,327.34,168.21
6.22,326.67,170.59
6.18,326.43,170.73
8.11,326.07,168.05
7.81,326.28,168.39
7.01,328.78,168.53
8.13,329.88,166.17
5.92,329.39,170.06
5.50,328.45,171.08
6.53,327.51,169.81
4.92,327.62,172.27
7.21,327.87,168.61
7.77,327.23,168.04
6.51,328.16,169.59
7.13,329.09,168.20
7.54,329.56,167.31
5.72,329.37,170.40
5.08,328.26,171.83
5.15,327.75,171.88
6.08,327.66,170.45
7.71,327.36,168.06
7.22,327.23,168.87
6.60,327.92,169.54
6.18,328.69,169.90
6.58,327.53,169.72
6.24,326.95,170.47
5.77,327.65,170.93
7.39,327.84,168.35
6.02,327.53,170.59
8.25,328.34,166.76
6.62,329.37,168.92
5.41,328.74,171.13
5.41,328.08,171.36
6.50,328.00,169.66
6.35,327.68,170.03
6.79,327.49,169.42
7.01,327.50,169.07
6.24,328.04,170.07
5.25,327.75,171.72
5.07,327.18,172.17
6.48,328.32,169.57
6.80,328.83,168.85
6.42,328.15,169.73
5.95,327.14,170.84
5.75,327.59,170.99
6.36,327.73,169.99
7.05,326.58,169.38
7.49,327.53,168.33
6.53,330.10,168.74
5.88,329.44,170.11
6.13,328.27,170.15
6.25,328.14,170.00
5.26,327.83,171.67
6.65,326.28,170.09
7.31,327.15,168.76
5.92,328.44,170.42
5.88,328.85,170.33
6.27,328.28,169.92
6.20,329.51,169.55
6.17,328.71,169.91
6.97,327.92,168.96
5.79,328.85,170.48
5.35,327.58,171.62
5.93,326.50,171.09
7.01,328.57,168.63
6.34,329.44,169.34
6.03,328.39,170.26
5.98,328.62,170.26
5.83,329.08,170.33
6.18,328.35,170.03
6.66,327.56,169.58
6.83,328.66,168.87
6.64,328.00,169.44
6.63,327.83,169.53
6.82,328.64,168.90
7.02,329.09,168.38
6.47,328.91,169.34
5.72,328.80,170.61
6.72,328.52,169.10
7.39,327.42,168.53
7.01,327.94,168.89
6.89,328.84,168.69
6.23,327.76,170.18
6.73,327.65,169.45
6.82,328.84,168.81
5.89,329.04,170.24
4.36,328.24,172.98
6.21,328.34,169.99
7.37,328.85,167.92
7.73,329.07,167.24
6.36,327.97,169.90
6.59,327.47,169.73
6.05,327.38,170.60
7.04,328.23,168.72
7.17,328.59,168.35
6.31,329.00,169.58
6.19,329.07,169.74
6.55,328.94,169.20
6.72,328.26,169.22
7.12,327.75,168.80
6.66,328.16,169.35
7.36,328.92,167.91
7.23,328.48,168.30
6.50,327.67,169.79
6.06,327.46,170.55
6.61,328.72,169.21
7.75,328.76,167.35
7.11,328.75,168.38
6.73,328.36,169.16
6.50,327.60,169.82
7.11,327.42,168.95
7.27,328.03,168.45
7.26,328.59,168.22
6.53,329.25,169.10
5.66,328.96,170.64
6.86,329.02,168.67
7.33,328.57,168.12
6.24,327.96,170.09
6.51,327.66,169.78
6.60,328.18,169.44
6.88,328.60,168.82
6.91,328.25,168.91
6.87,329.32,168.52
5.72,329.16,170.48
6.39,328.74,169.54
6.89,328.73,168.75
5.88,328.10,170.61
7.15,327.16,169.00
6.91,327.93,169.06
6.50,328.60,169.43
6.12,327.91,170.30
6.46,328.11,169.69
6.09,329.01,169.92
6.86,328.83,168.75
6.29,327.61,170.14
6.37,328.07,169.84
7.07,328.84,168.41
5.90,328.22,170.53
7.00,327.93,168.91
7.17,328.51,168.39
6.32,328.65,169.70
5.77,328.03,170.81
6.22,327.78,170.19
6.81,328.05,169.16
6.46,328.16,169.66
6.65,328.13,169.38
7.33,328.70,168.05
7.03,328.79,168.50
6.21,328.67,169.86
5.36,328.48,171.31
7.09,328.21,168.64
6.58,328.42,169.38
6.50,328.16,169.60
6.82,328.05,169.14
7.03,327.99,168.84
6.84,327.91,169.18
6.89,328.74,168.74
5.82,329.31,170.26
6.49,328.95,169.30
6.67,328.46,169.22
6.40,328.68,169.55
6.80,328.75,168.89
7.10,328.22,168.63
6.33,327.93,169.95
6.33,329.03,169.52
6.64,329.10,168.99
6.39,328.71,169.55
6.75,328.59,169.03
5.43,328.61,171.15
5.79,328.07,170.76
7.15,328.45,168.46
6.58,328.84,169.20
5.80,328.63,170.55
6.69,328.48,169.18
6.89,328.60,168.80
5.95,328.80,170.23
6.26,328.35,169.91
5.88,328.19,170.57
6.90,329.05,168.59
6.73,328.74,169.00
6.85,328.72,168.82
7.15,329.10,168.17
6.91,328.93,168.62
6.47,328.90,169.35
6.62,328.94,169.10
5.38,328.80,171.16
6.34,328.39,169.77
6.71,328.47,169.14
6.48,329.00,169.29
6.41,329.01,169.41
6.83,328.99,168.72
6.99,328.76,168.57
6.37,328.55,169.65
6.33,328.29,169.82
6.18,328.44,170.01
6.34,328.98,169.53
7.10,329.75,167.95
6.56,329.17,169.09
6.74,329.19,168.79
6.54,328.98,169.20
6.04,327.91,170.42
6.60,328.33,169.37
7.03,329.53,168.17
6.45,328.91,169.37
5.89,328.46,170.46
6.44,329.16,169.29
5.94,328.78,170.26
5.79,328.61,170.56
6.72,329.15,168.84
5.60,329.24,170.65
5.31,329.66,170.97
6.15,328.99,169.84
6.20,329.91,169.39
5.50,329.65,170.66
5.87,328.16,170.60
6.17,328.01,170.18
5.81,328.29,170.66
5.82,329.07,170.35
6.34,328.79,169.61
5.41,328.53,171.20
5.38,328.73,171.18
5.41,327.92,171.40
5.96,328.59,170.31
5.66,328.67,170.75
5.26,328.39,171.50
5.09,327.99,171.89
5.43,328.36,171.24
5.69,328.66,170.71
4.64,328.35,172.50
5.44,327.49,171.50
5.60,328.54,170.89
5.25,328.86,171.35
5.13,328.64,171.62
5.39,329.38,170.95
4.98,329.16,171.69
5.94,329.06,170.16
5.20,328.84,171.44
3.89,328.93,173.56
3.53,328.83,174.18
5.37,328.12,171.41
7.05,328.95,168.40
5.90,329.61,170.01
5.44,328.26,171.25
6.19,328.28,170.04
4.04,328.57,173.40
4.71,328.32,172.40
5.56,328.23,171.07
5.39,329.29,170.98
5.53,329.82,170.55
5.25,328.62,171.43
5.65,328.78,170.73
4.65,329.08,172.27
4.70,328.51,172.35
5.16,328.23,171.70
5.27,328.82,171.33
5.73,328.41,170.74
5.25,327.87,171.67
5.04,327.87,172.01
6.13,329.50,169.67
4.59,329.45,172.25
4.42,328.72,172.75
4.14,329.05,173.11
4.50,329.88,172.28
5.34,328.57,171.31
5.31,328.99,171.20
4.80,329.18,171.98
5.24,328.05,171.63
5.37,328.33,171.34
5.21,329.15,171.32
4.52,328.55,172.64
4.77,328.61,172.21
4.87,328.99,171.92
5.99,329.27,169.99
4.69,329.42,172.10
3.48,329.54,174.10
4.98,328.68,171.85
5.72,328.72,170.64
5.67,328.78,170.69
5.70,328.23,170.85
5.55,328.10,171.13
5.84,328.67,170.46
4.78,329.43,171.95
5.35,329.25,171.05
4.76,329.22,172.05
4.33,329.43,172.70
5.40,328.88,171.09
5.54,329.37,170.69
5.23,329.03,171.32
4.73,327.99,172.45
4.75,327.96,172.44
5.25,328.73,171.40
6.05,328.94,170.02
4.32,329.24,172.77
4.43,329.84,172.40
5.16,328.89,171.49
4.87,328.15,172.20
4.62,328.97,172.34
5.47,329.17,170.88
4.62,328.76,172.42
3.90,328.26,173.72
5.01,329.22,171.63
5.53,328.51,171.02
5.11,328.86,171.59
4.05,329.37,173.17
5.32,329.28,171.10
4.31,329.35,172.75
5.27,328.99,171.27
5.61,328.73,170.81
5.17,329.24,171.36
4.93,329.87,171.55
5.20,329.16,171.34
5.03,329.10,171.63
4.29,330.01,172.59
4.90,329.18,171.82
5.31,328.41,171.40
5.76,328.40,170.68
5.29,329.01,171.23
4.75,329.56,171.95
3.77,329.40,173.65
4.56,329.74,172.23
4.18,329.24,173.00
5.11,328.65,171.65
5.59,328.56,170.91
5.71,329.33,170.42
4.49,328.71,172.63
4.67,328.36,172.44
4.24,329.42,172.84
4.34,329.13,172.76
5.72,329.02,170.53
5.65,330.25,170.18
3.88,329.24,173.49
4.33,327.90,173.12
5.44,328.51,171.16
5.24,328.40,171.52
5.81,328.96,170.40
5.38,329.39,170.95
4.33,329.68,172.62
4.39,329.98,172.43
5.11,329.85,171.25
4.24,330.05,172.67
4.35,328.63,172.88
4.99,328.30,171.96
5.59,329.19,170.68
6.26,328.85,169.71
5.08,328.05,171.89
4.96,328.96,171.80
4.37,329.42,172.63
3.78,329.20,173.68
3.92,328.12,173.72
4.52,328.72,172.59
3.47,328.80,174.29
5.32,328.81,171.26
5.00,329.17,171.65
5.64,329.45,170.50
5.55,329.35,170.68
4.39,329.17,172.68
4.42,329.52,172.52
4.37,329.11,172.73
4.62,328.71,172.43
4.08,328.74,173.30
5.09,330.30,171.12
5.39,330.13,170.67
4.86,329.38,171.82
5.07,328.23,171.84
5.17,328.36,171.65
4.11,328.47,173.32
5.58,328.42,170.97
5.98,329.27,170.01
5.12,329.89,171.22
5.06,329.86,171.32
4.54,329.11,172.45
5.13,328.88,171.54
5.50,328.54,171.05
4.79,328.67,172.16
5.23,329.14,171.28
4.48,329.61,172.39
5.00,329.08,171.69
6.58,329.45,168.94
5.99,329.83,169.77
7.37,328.44,168.12
8.34,328.82,166.38
7.17,329.89,167.77
7.35,328.72,168.02
8.17,327.94,167.09
7.42,328.49,168.01
6.89,327.95,169.08
4.72,326.95,172.77
5.02,327.95,172.02
6.49,328.98,169.29
4.68,328.64,172.36
4.09,327.67,173.55
6.11,327.85,170.33
6.63,327.73,169.57
4.99,327.65,172.15
5.53,328.10,171.16
4.55,327.99,172.74
3.73,327.74,174.10
2.19,327.66,176.54
2.18,328.04,176.51
358.53,330.79,182.62
356.12,330.22,186.76
357.44,327.25,183.97
0.32,329.37,179.46
4.22,332.55,171.92
11.04,328.15,162.56
5.90,343.51,160.74
3.45,340.42,170.38
1.80,339.10,175.28
4.63,339.18,167.98
3.66,336.08,171.80
5.79,335.13,167.65
1.68,335.35,176.35
357.51,333.76,185.04
353.12,332.32,192.95
355.53,332.81,188.65
359.71,330.41,180.51
7.68,323.11,169.82
356.33,325.82,185.39
345.52,329.26,203.47
347.89,327.95,198.92
352.09,327.66,192.37
356.08,331.77,187.28
3.87,334.49,171.94
2.05,333.36,175.93
2.73,334.17,174.37
1.79,334.57,176.25
0.53,334.64,178.88
359.42,334.12,181.19
357.46,333.79,185.15
354.54,332.48,190.40
357.37,333.52,185.26
0.29,334.55,179.39
0.29,334.69,179.38
357.88,333.27,184.20
358.44,334.91,183.32
358.89,333.86,182.25
358.25,333.32,183.49
358.21,334.32,183.73
357.37,331.65,184.86
357.14,330.67,185.07
359.49,331.87,180.95
1.24,332.91,177.58
1.10,332.52,177.88
359.93,332.85,180.13
357.89,333.42,184.20
355.09,333.16,189.63
352.23,331.84,194.30
352.77,332.91,193.93
354.80,336.08,191.59
356.36,335.58,187.97
356.74,336.90,187.60
358.83,339.51,183.13
357.19,336.33,186.38
353.99,334.52,192.46
351.00,334.42,198.31
350.55,334.95,199.60
354.83,335.22,191.08
357.92,336.12,184.70
357.73,335.13,184.88
357.77,333.38,184.44
357.98,332.88,183.94
355.33,332.62,188.97
354.81,331.62,189.54
354.81,333.65,190.39
355.31,333.87,189.50
355.31,331.98,188.77
356.93,333.23,186.08
355.60,335.36,189.52
353.05,333.73,193.88
357.03,331.78,185.52
358.97,332.73,182.00
356.87,332.24,185.92
355.11,331.55,188.97
357.12,330.73,185.12
357.99,331.15,183.64
356.81,332.57,186.14
357.31,332.84,185.23
357.03,331.58,185.48
358.11,332.44,183.61
357.63,331.32,184.33
357.23,329.66,184.72
359.47,329.56,180.90
358.15,330.55,183.28
357.57,328.23,183.92
358.02,326.91,183.04
0.94,328.55,178.46
358.95,328.53,181.71
357.40,326.71,183.95
356.57,328.31,185.55
359.95,330.79,180.10
0.73,329.17,178.78
358.95,329.10,181.75
357.47,329.10,184.23
358.08,328.25,183.10
1.04,329.05,178.26
0.87,328.68,178.58
359.71,327.48,180.45
0.27,328.29,179.56
0.06,329.09,179.90
359.85,328.62,180.25
0.50,328.02,179.20
359.83,329.78,180.29
0.02,328.98,179.96
0.07,329.08,179.88
0.02,329.47,179.96
359.09,329.11,181.52
0.21,328.38,179.66
0.65,328.78,178.93
1.22,329.42,177.93
357.87,328.74,183.50
359.62,328.53,180.62
0.61,329.44,178.97
0.75,328.92,178.75
359.66,328.15,180.54
359.86,329.44,180.24
0.04,329.86,179.93
359.42,328.60,180.96
359.88,329.15,180.21
0.04,328.87,179.93
359.83,328.60,180.28
0.30,329.19,179.50
358.58,329.36,182.40
0.45,329.13,179.24
0.02,329.27,179.96
358.93,328.72,181.77
359.40,328.66,180.99
0.64,329.74,178.90
359.48,329.54,180.89
359.53,328.93,180.77
0.27,329.58,179.54
0.25,329.84,179.57
359.01,328.54,181.62
359.84,328.89,180.26
0.06,329.86,179.90
0.55,329.05,179.08
0.24,328.69,179.61
0.27,329.67,179.54
359.70,329.26,180.50
358.25,328.51,182.85
0.16,329.64,179.73
0.91,330.06,178.43
0.09,329.29,179.85
359.99,329.19,180.01
0.78,329.15,178.70
359.63,328.35,180.59
359.71,328.54,180.47
0.96,329.41,178.38
1.07,329.93,178.15
0.47,328.75,179.23
0.02,330.07,179.96
1.10,330.36,178.07
0.61,328.93,178.98
0.85,329.64,178.55
0.45,329.33,179.24
359.04,328.83,181.59
0.51,329.21,179.15
0.39,329.38,179.34
0.58,329.40,179.02
1.96,329.43,176.69
0.71,328.87,178.83
0.23,330.46,179.59
0.34,330.93,179.38
358.84,329.75,181.99
359.50,328.66,180.82
1.53,329.58,177.39
0.01,328.98,179.98
0.39,328.56,179.36
1.33,330.13,177.68
1.42,330.81,177.47
359.70,329.50,180.50
0.16,330.01,179.73
0.81,330.52,178.57
359.56,329.33,180.75
359.78,328.51,180.37
2.07,330.13,176.40
1.13,329.74,178.07
0.87,330.23,178.48
359.51,330.06,180.85
358.13,329.43,183.17
2.31,329.04,176.16
2.67,328.88,175.58
359.85,328.74,180.25
0.33,329.12,179.44
2.08,330.79,176.28
1.99,330.17,176.53
359.75,329.22,180.42
359.81,328.23,180.31
0.79,328.66,178.70
2.45,328.98,175.93
2.14,329.33,176.39
1.54,329.52,177.39
2.00,330.15,176.52
2.79,330.18,175.15
0.24,329.54,179.60
359.53,328.94,180.77
0.99,329.46,178.32
1.60,329.71,177.27
1.87,329.67,176.80
1.72,329.60,177.06
1.28,329.44,177.84
0.16,328.71,179.74
1.54,329.05,177.43
1.87,330.53,176.68
1.67,330.13,177.10
0.59,329.01,179.01
0.98,329.04,178.36
0.72,328.85,178.81
1.33,329.06,177.78
2.28,330.16,176.02
1.97,330.76,176.48
1.52,329.76,177.39
1.10,330.62,178.05
0.61,329.69,178.95
0.70,329.03,178.83
1.27,328.03,177.96
1.88,329.88,176.76
2.39,330.20,175.84
0.27,329.38,179.54
0.35,329.80,179.40
0.84,331.19,178.47
1.33,330.59,177.64
359.69,328.71,180.51
1.19,329.57,177.97
2.20,330.74,176.07
0.61,329.55,178.96
0.31,328.40,179.50
359.68,328.38,180.52
1.68,330.41,177.05
0.67,330.05,178.84
359.56,329.39,180.75
359.07,329.04,181.55
1.97,331.05,176.44
1.42,331.13,177.43
0.01,329.78,179.98
358.72,330.25,182.23
0.03,329.83,179.96
0.73,329.33,178.76
359.83,328.88,180.28
1.65,330.47,177.08
1.18,330.55,177.92
358.86,329.52,181.93
359.61,330.09,180.68
0.80,330.94,178.57
359.96,329.28,180.07
1.23,330.12,177.86
0.30,330.62,179.47
359.07,329.69,181.59
0.46,330.13,179.20
0.88,330.88,178.42
0.52,329.94,179.11
0.04,329.97,179.93
0.35,330.38,179.39
0.27,330.67,179.53
358.84,329.65,181.98
1.34,330.69,177.61
1.06,330.79,178.10
359.91,329.49,180.15
359.94,330.00,180.10
0.56,330.99,178.99
359.11,330.75,181.59
359.59,330.27,180.71
0.30,330.63,179.47
359.43,330.29,180.99
359.90,330.02,180.18
0.01,330.08,179.98
359.62,329.69,180.65
0.66,330.62,178.83
358.77,330.96,182.21
357.76,329.89,183.87
359.79,329.60,180.35
0.38,331.17,179.31
359.69,330.26,180.55
359.08,329.43,181.55
359.77,330.80,180.42
359.46,330.99,180.97
359.08,329.99,181.59
358.54,329.88,182.51
359.88,330.69,180.22
359.85,329.64,180.26
359.75,329.54,180.43
359.47,330.49,180.93
359.78,330.78,180.39
359.56,330.24,180.78
358.69,330.65,182.33
358.98,329.92,181.77
0.16,329.12,179.74
0.16,330.50,179.72
359.99,330.91,180.01
359.85,329.64,180.26
0.06,329.61,179.90
0.89,330.56,178.42
1.22,330.13,177.87
359.66,329.60,180.59
359.46,330.05,180.94
0.60,331.10,178.91
359.54,330.91,180.82
358.48,329.70,182.61
0.66,329.76,178.87
1.21,330.79,177.83
0.17,331.10,179.70
0.04,330.03,179.93
359.56,330.69,180.78
0.62,330.90,178.89
359.60,330.26,180.69
0.15,330.31,179.73
359.96,331.14,180.07
359.64,330.22,180.63
0.46,330.10,179.20
359.71,331.19,180.53
359.70,330.66,180.53
359.28,329.61,181.23
359.90,330.39,180.18
0.48,330.32,179.16
0.93,329.70,178.41
359.81,329.73,180.32
359.42,331.14,181.06
0.31,330.11,179.45
359.93,329.77,180.12
1.00,330.69,178.23
0.25,329.92,179.57
0.11,328.93,179.82
0.80,329.89,178.62
0.84,330.59,178.52
0.58,330.11,179.00
0.01,329.80,179.98
0.07,330.02,179.87
0.94,330.64,178.32
1.03,330.92,178.15
359.09,330.37,181.60
359.41,329.91,181.02
1.25,330.00,177.83
1.10,330.59,178.06
0.86,331.00,178.45
359.88,330.10,180.21
0.32,329.54,179.46
359.93,330.19,180.12
359.96,329.91,180.07
1.19,329.53,177.98
1.64,330.82,177.06
0.25,331.05,179.55
358.87,329.65,181.93
0.07,330.32,179.87
0.29,330.58,179.49
0.17,329.55,179.71
0.06,329.61,179.90
0.84,331.01,178.49
0.90,330.46,178.40
0.77,330.03,178.66
0.67,330.75,178.81
0.06,329.98,179.90
0.28,330.08,179.51
0.62,329.79,178.93
1.29,330.14,177.75
1.37,330.39,177.60
0.51,330.41,179.10
0.33,330.50,179.41
0.26,330.77,179.53
1.38,330.72,177.54
0.54,329.87,179.07
0.90,328.93,178.50
1.84,329.83,176.84
0.76,330.45,178.65
359.91,329.70,180.16
0.60,329.55,178.98
1.73,330.75,176.92
1.52,330.86,177.27
1.02,329.98,178.23
1.46,330.35,177.44
359.55,330.51,180.80
1.50,329.60,177.45
1.71,329.21,177.13
0.48,329.74,179.18
1.12,330.58,178.02
1.34,331.04,177.58
0.73,330.64,178.69
0.09,330.31,179.84
1.14,330.70,177.96
1.30,330.67,177.69
0.28,330.35,179.51
1.51,329.64,177.42
2.23,330.21,176.10
1.66,330.50,177.07
1.57,331.18,177.15
359.45,330.79,180.98
359.59,330.65,180.73
0.30,330.91,179.46
0.39,330.98,179.29
2.20,330.85,176.06
1.47,330.51,177.40
1.38,330.04,177.60
1.31,330.57,177.69
1.70,330.94,176.94
0.72,329.86,178.76
358.89,330.25,181.94
1.22,330.84,177.81
2.07,331.70,176.16
1.58,330.45,177.21
1.41,330.39,177.53
0.98,330.94,178.24
1.19,329.79,177.96
1.15,329.92,178.02
1.39,330.15,177.59
1.08,329.75,178.15
1.16,329.63,178.02
1.43,331.14,177.40
1.94,331.14,176.49
359.85,329.99,180.27
359.98,330.14,180.04
1.09,331.72,177.98
0.77,331.05,178.61
0.83,330.00,178.56
0.81,330.47,178.56
1.05,330.76,178.12
1.28,330.24,177.77
359.99,330.38,180.01
0.45,330.10,179.23
1.40,330.43,177.53
1.57,330.74,177.20
0.35,330.14,179.39
359.98,330.09,180.04
0.81,330.95,178.54
1.55,331.31,177.17
1.35,330.46,177.62
0.28,330.60,179.50
0.06,329.86,179.90
0.32,330.08,179.44
0.62,330.24,178.92
0.54,330.67,179.04
0.77,329.93,178.67
1.27,330.84,177.73
1.01,331.26,178.16
359.42,329.53,180.98
0.11,329.83,179.82
1.35,330.75,177.58
1.27,330.37,177.76
0.06,330.25,179.90
0.27,330.97,179.52
0.44,330.94,179.20
359.85,330.47,180.27
0.36,330.84,179.36
1.73,330.97,176.89
0.67,330.16,178.83
0.61,329.74,178.95
0.23,330.64,179.59
0.38,330.58,179.33
0.74,329.41,178.74
0.96,330.80,178.29
0.49,331.24,179.11
0.59,331.04,178.94
0.84,330.61,178.51
0.82,330.49,178.56
359.86,329.78,180.24
1.34,330.49,177.64
1.53,330.98,177.24
0.78,330.67,178.61
0.89,330.66,178.41
0.99,331.19,178.19
1.12,331.23,177.97
0.65,330.63,178.84
0.45,331.03,179.20
0.79,331.30,178.55
0.98,330.27,178.28
0.06,330.40,179.90
0.27,331.19,179.51
0.61,330.29,178.92
1.69,330.85,176.97
2.47,331.85,175.40
2.45,332.17,175.36
0.84,330.96,178.49
1.19,331.69,177.80
0.77,330.98,178.62
359.39,329.44,181.03
359.75,329.72,180.43
1.44,331.05,177.39
2.41,330.73,175.70
1.03,329.97,178.22
359.99,330.77,180.01
0.47,331.13,179.15
1.00,330.37,178.24
0.96,330.85,178.29
0.48,331.92,179.10
1.02,330.96,178.16
359.86,330.92,180.25
359.12,331.44,181.62
359.19,331.51,181.49
1.53,330.74,177.27
1.20,330.94,177.84
359.13,331.41,181.59
359.67,330.28,180.58
359.94,331.32,180.10
0.37,332.14,179.29
0.70,331.51,178.71
0.19,330.49,179.67
0.14,331.03,179.75
0.52,331.93,179.02
0.36,330.29,179.37
0.39,330.90,179.30
359.88,331.74,180.22
0.07,330.75,179.87
0.90,331.36,178.35
0.55,331.47,178.99
359.37,331.22,181.14
0.04,331.33,179.93
0.57,331.64,178.95
0.91,332.29,178.26
1.08,331.19,178.03
359.47,331.27,180.97
359.65,332.27,180.67
0.07,330.76,179.87
0.11,330.51,179.81
1.01,331.27,178.15
0.01,331.69,179.98
0.82,331.42,178.50
1.13,331.57,177.92
359.79,331.89,180.40
358.30,331.08,183.08
359.30,330.52,181.25
1.38,331.88,177.41
0.96,332.07,178.20
0.41,330.97,179.27
359.20,331.34,181.47
2.07,332.91,175.96
359.53,331.79,180.87
358.11,330.79,183.37
359.98,331.44,180.05
0.33,332.80,179.36
0.69,331.51,178.73
1.04,331.96,178.05
0.89,332.26,178.30
359.40,331.53,181.11
359.96,330.44,180.07
359.34,331.18,181.20
0.77,332.56,178.51
0.76,332.27,178.56
359.34,331.57,181.21
0.97,332.26,178.15
359.96,332.48,180.07
0.58,331.61,178.93
0.41,331.25,179.26
359.52,332.05,180.91
0.21,332.10,179.60
0.95,331.79,178.22
0.18,332.06,179.65
359.84,332.42,180.31
359.95,331.81,180.10
359.45,331.20,180.99
359.94,332.22,180.10
0.80,332.04,178.50
359.05,331.63,181.76
359.21,332.58,181.53
0.81,332.43,178.45
359.85,332.00,180.28
359.75,332.23,180.47
359.85,331.69,180.28
359.71,332.55,180.55
0.37,333.37,179.25
359.47,331.83,180.99
359.34,331.94,181.23
0.12,332.52,179.77
359.91,332.25,180.17
359.50,331.80,180.93
359.47,332.21,181.01
358.58,332.25,182.70
0.06,332.28,179.89
0.07,332.36,179.86
359.18,331.97,181.55
359.28,331.64,181.33
0.25,332.07,179.53
0.31,332.47,179.40
359.42,332.42,181.10
358.93,331.67,181.98
359.70,331.98,180.57
1.24,332.64,177.61
0.15,332.31,179.71
358.53,331.58,182.71
358.97,332.04,181.94
359.66,332.11,180.64
0.23,331.62,179.57
359.79,332.20,180.40
359.98,332.53,180.05
359.07,331.79,181.73
358.12,331.53,183.47
0.42,332.10,179.20
0.18,331.71,179.66
0.12,331.69,179.77
359.01,332.03,181.86
358.83,332.05,182.19
358.60,332.23,182.66
359.58,332.09,180.79
359.11,332.16,181.69
359.57,331.48,180.80
359.19,331.30,181.47
0.31,332.73,179.39
359.07,331.58,181.72
357.64,331.62,184.36
358.95,331.82,181.95
0.54,333.75,178.90
0.29,332.71,179.44
358.39,331.98,183.02
358.77,332.27,182.33
358.52,332.08,182.80
358.92,331.54,181.99
359.75,331.71,180.47
0.61,332.86,178.80
359.21,332.73,181.54
357.95,331.87,183.84
357.92,332.14,183.93
359.16,332.72,181.63
0.07,332.31,179.86
359.98,332.04,180.05
358.62,332.59,182.66
359.50,332.42,180.95
358.98,331.70,181.89
358.65,333.17,182.66
0.36,332.83,179.30
359.42,331.70,181.08
358.41,331.46,182.93
358.52,332.28,182.82
358.70,332.54,182.50
359.48,332.53,181.01
359.04,331.90,181.80
358.49,330.67,182.68
358.98,331.62,181.90
359.43,332.57,181.10
359.82,332.54,180.35
357.96,331.68,183.78
358.59,331.81,182.63
359.12,332.10,181.67
359.45,332.22,181.04
358.42,331.87,182.95
359.46,331.90,181.02
359.68,331.90,180.61
358.39,332.22,183.06
357.55,330.65,184.35
359.66,331.31,180.63
0.87,332.49,178.34
359.38,331.67,181.14
358.68,331.34,182.42
358.95,332.11,181.99
359.00,331.91,181.88
358.42,331.08,182.85
359.10,331.13,181.64
0.06,332.23,179.89
0.94,332.58,178.19
357.93,331.72,183.84
357.68,331.55,184.28
359.94,332.33,180.11
359.18,331.97,181.53
359.24,331.12,181.38
359.64,331.60,180.67
359.49,332.28,180.98
359.37,331.82,181.17
357.72,331.91,184.27
359.09,331.78,181.70
359.33,331.22,181.23
0.10,332.07,179.81
359.00,331.78,181.86
358.77,331.76,182.28
359.80,332.51,180.38
0.10,332.36,179.80
358.85,331.18,182.09
357.86,332.19,184.06
359.90,332.93,180.20
359.14,332.37,181.64
358.85,331.43,182.11
358.95,331.89,181.96
359.74,331.94,180.49
359.76,332.38,180.47
358.21,332.78,183.47
357.56,332.03,184.59
357.71,331.08,184.14
0.06,332.35,179.89
0.56,333.11,178.89
358.68,332.19,182.50
357.26,331.29,184.99
358.04,332.02,183.68
358.93,331.95,182.01
359.57,332.12,180.82
358.52,332.86,182.88
359.52,332.78,180.93
358.15,331.91,183.47
357.58,332.03,184.54
357.99,331.92,183.77
358.67,332.09,182.51
359.91,332.48,180.17
359.29,332.96,181.39
357.16,331.90,185.31
357.24,331.85,185.15
358.25,332.27,183.33
359.47,332.65,181.02
359.11,332.02,181.67
357.34,331.81,184.95
357.06,332.39,185.61
358.40,332.44,183.07
358.32,332.38,183.21
357.98,332.26,183.85
358.93,332.67,182.07
358.57,332.52,182.75
358.04,332.38,183.73
357.27,331.65,185.06
357.90,332.12,183.96
359.07,331.98,181.74
358.84,332.62,182.24
357.94,332.08,183.89
358.21,331.91,183.35
358.42,333.50,183.16
359.63,333.17,180.72
357.62,330.92,184.27
356.77,331.66,185.98
358.52,332.90,182.88
358.76,332.49,182.39
357.79,332.51,184.24
357.77,333.23,184.41
358.26,332.87,183.40
356.81,331.90,185.96
357.82,331.89,184.08
358.35,332.16,183.12
357.95,332.54,183.94
357.95,333.17,184.04
357.17,332.48,185.42
357.06,333.36,185.84
357.89,333.22,184.17
357.25,332.02,185.16
358.29,332.19,183.24
359.19,332.87,181.59
358.70,331.90,182.42
357.43,331.88,184.81
357.61,332.69,184.62
358.63,332.60,182.65
359.25,332.72,181.45
358.94,333.50,182.13
357.40,332.87,185.06
358.31,331.60,183.13
359.82,332.64,180.35
359.03,332.65,181.88
358.01,331.70,183.69
358.69,332.77,182.55
359.30,333.50,181.41
357.25,332.35,185.24
357.39,332.09,184.91
359.22,332.34,181.50
0.50,333.01,179.02
358.98,332.53,181.95
357.08,332.52,185.61
357.96,332.64,183.94
357.53,332.57,184.76
359.44,332.41,181.07
359.09,332.26,181.74
359.35,332.75,181.26
358.63,332.14,182.59
357.02,331.67,185.52
358.58,332.63,182.74
359.60,332.86,180.78
359.28,332.38,181.37
358.18,332.21,183.45
359.71,333.08,180.57
358.11,332.60,183.64
357.86,332.04,184.03
359.64,332.64,180.70
0.25,333.08,179.52
358.99,332.22,181.91
358.01,331.62,183.69
358.73,332.77,182.46
359.95,332.70,180.11
359.33,331.64,181.25
358.58,332.62,182.74
358.98,333.55,182.06
359.57,332.13,180.82
358.51,331.54,182.75
358.46,332.41,182.94
0.17,332.28,179.68
359.77,332.35,180.44
359.77,333.28,180.45
358.50,332.76,182.92
358.17,331.88,183.43
359.77,332.31,180.44
0.14,332.49,179.74
0.14,332.04,179.74
359.16,331.93,181.58
358.74,332.75,182.45
359.21,332.07,181.49
359.38,332.22,181.18
359.10,332.55,181.73
359.55,332.65,180.86
0.60,331.97,178.88
359.35,331.96,181.22
359.43,332.14,181.08
359.43,331.79,181.06
359.14,332.62,181.66
359.35,333.23,181.28
359.23,332.71,181.50
359.17,331.97,181.56
359.23,332.30,181.46
0.09,332.68,179.83
0.07,332.22,179.86
359.50,332.31,180.94
358.84,331.94,182.17
359.71,332.67,180.56
358.89,332.91,182.16
358.91,332.08,182.06
359.68,331.54,180.60
0.15,331.84,179.72
359.96,332.47,180.08
359.74,332.16,180.50
358.16,332.20,183.48
357.21,332.15,185.28
359.47,332.93,181.03
0.06,333.10,179.89
359.83,332.49,180.32
358.18,332.53,183.50
358.58,333.11,182.80
359.05,331.89,181.78
358.58,331.36,182.61
359.18,332.57,181.57
0.21,333.26,179.57
359.08,332.69,181.78
358.71,332.55,182.48
358.92,332.82,182.10
359.51,331.91,180.92
0.55,331.55,178.98
359.58,331.95,180.78
358.29,332.48,183.28
359.07,332.25,181.77
358.19,332.73,183.50
359.54,332.40,180.89
359.34,332.26,181.25
358.96,331.93,181.95
359.35,331.88,181.22
359.46,331.98,181.02
358.74,332.43,182.41
359.04,333.06,181.89
359.05,332.76,181.84
358.77,332.91,182.41
359.82,332.81,180.35
358.88,331.61,182.07
358.30,331.48,183.12
359.17,332.48,181.59
359.68,332.47,180.62
358.92,332.68,182.08
358.58,332.31,182.70
359.50,332.10,180.95
358.24,332.46,183.37
358.88,332.25,182.14
0.15,331.52,179.72
359.18,332.62,181.59
358.59,332.10,182.66
358.44,331.40,182.86
359.50,332.06,180.94
0.10,333.20,179.80
359.86,331.95,180.25
359.19,332.15,181.54
358.20,332.75,183.49
359.52,332.49,180.92
359.38,332.54,181.19
358.89,332.29,182.11
359.32,332.39,181.29
359.12,332.28,181.67
359.17,332.40,181.60
357.88,331.90,183.97
359.61,333.27,180.77
358.72,332.22,182.42
359.66,331.68,180.63
359.66,332.55,180.66
357.76,332.21,184.25
357.21,331.60,185.16
359.98,332.98,180.05
359.93,333.25,180.14
359.42,332.21,181.10
357.95,332.31,183.90
358.28,333.26,183.40
357.98,332.98,183.97
359.48,333.14,181.03
359.54,333.14,180.92
358.55,331.88,182.71
357.99,332.11,183.79
358.65,332.48,182.60
358.50,332.92,182.94
359.28,333.21,181.43
358.46,332.80,183.00
358.40,332.31,183.04
359.18,332.93,181.61
359.88,333.09,180.23
358.29,333.23,183.39
357.64,332.41,184.51
358.18,332.83,183.55
359.58,333.53,180.85
359.80,332.13,180.38
358.40,332.45,183.06
359.23,333.70,181.56
358.33,332.79,183.24
358.18,332.11,183.43
359.20,333.46,181.61
359.56,333.16,180.88
358.57,332.96,182.81
357.63,333.52,184.76
358.75,333.28,182.48
359.53,332.64,180.91
357.79,333.15,184.37
358.30,333.45,183.39
359.57,333.21,180.86
358.86,332.92,182.23
358.79,332.89,182.36
358.04,333.26,183.89
359.52,332.96,180.94
358.56,332.58,182.78
359.49,333.26,181.00
359.55,333.34,180.89
357.67,332.28,184.43
358.42,332.84,183.09
0.24,333.76,179.51
359.17,333.37,181.66
358.07,332.69,183.73
358.22,333.05,183.50
358.13,332.89,183.64
358.71,332.74,182.49
359.14,333.33,181.71
358.95,333.04,182.06
357.70,332.55,184.43
359.26,333.08,181.46
359.96,333.74,180.08
358.29,332.93,183.34
358.77,332.83,182.40
358.58,333.85,182.89
359.59,333.66,180.83
358.96,332.89,182.04
358.55,333.18,182.87
358.96,333.58,182.10
358.29,332.84,183.33
358.37,333.15,183.21
359.21,333.42,181.57
359.99,334.47,180.01
359.70,333.76,180.60
357.83,333.20,184.29
358.91,333.08,182.14
358.95,333.55,182.11
359.90,332.94,180.20
359.57,332.63,180.84
359.11,333.77,181.80
358.59,333.41,182.82
357.47,332.97,184.96
359.87,333.42,180.27
0.39,333.13,179.24
359.35,332.34,181.25
359.34,331.79,181.24
358.19,332.92,183.53
358.05,333.87,183.98
359.21,333.77,181.61
359.18,333.42,181.63
359.04,332.73,181.86
358.87,332.12,182.14
359.15,332.68,181.64
359.46,333.11,181.06
358.92,333.43,182.17
358.34,333.06,183.26
358.37,333.13,183.22
358.69,333.10,182.57
358.55,332.37,182.76
359.66,332.39,180.65
359.88,332.37,180.22
359.08,332.11,181.74
359.04,332.90,181.88
358.04,332.01,183.69
358.40,332.36,183.06
359.54,332.44,180.89
358.56,332.27,182.73
359.59,332.58,180.80
358.97,332.99,182.03
359.27,333.04,181.43
359.53,332.01,180.88
357.84,332.28,184.11
359.06,332.53,181.80
359.14,332.20,181.64
359.02,332.37,181.86
359.52,332.53,180.93
358.82,332.75,182.28
357.48,332.13,184.76
359.17,332.18,181.57
0.06,332.12,179.89
358.92,332.59,182.09
358.89,331.73,182.07
358.19,331.00,183.26
359.55,332.40,180.87
359.38,332.39,181.19
359.09,331.77,181.69
358.46,332.22,182.93
0.55,331.98,178.97
359.35,332.20,181.24
359.06,331.21,181.70
359.94,331.16,180.10
359.52,331.99,180.90
358.84,331.63,182.16
359.34,331.75,181.22
358.66,332.24,182.54
0.12,332.02,179.77
358.87,330.88,182.03
358.93,331.28,181.95
359.46,331.12,180.98
0.01,331.52,179.98
358.86,332.43,182.18
359.29,331.85,181.33
358.34,331.82,183.09
359.21,331.62,181.46
359.86,331.28,180.25
359.00,331.58,181.85
0.14,331.99,179.74
359.02,331.50,181.80
358.80,331.62,182.23
359.05,331.78,181.76
359.03,331.21,181.77
359.93,331.61,180.13
359.38,332.21,181.18
359.58,331.45,180.77
358.73,331.23,182.30
359.93,332.18,180.13
359.50,331.66,180.93
359.40,330.76,181.08
359.13,331.99,181.64
0.15,332.33,179.71
0.36,332.33,179.32
358.03,331.49,183.62
357.59,331.17,184.37
0.07,330.98,179.87
0.51,332.01,179.04
0.40,332.51,179.24
357.22,331.62,185.13
356.59,330.89,186.10
356.54,331.64,186.39
355.29,331.43,188.60
357.51,331.84,184.65
352.84,331.14,192.85
349.99,330.03,197.02
352.61,327.47,191.50
355.88,328.94,186.82
357.81,332.08,184.14
358.81,335.28,182.57