346.79,41.62,345.20
347.20,41.50,345.60
346.84,42.09,345.49
346.62,42.20,345.30
346.28,41.55,344.60
347.26,42.07,345.94
347.45,41.77,346.01
347.43,41.76,345.97
346.78,41.78,345.27
346.48,41.68,344.89
347.73,43.04,346.89
346.41,41.11,344.52
346.31,41.50,344.60
347.20,41.34,345.52
347.24,41.70,345.74
347.06,41.73,345.55
347.37,41.85,345.96
347.76,41.83,346.38
347.55,41.90,346.18
347.57,41.85,346.18
347.70,42.50,346.62
348.10,40.84,346.30
347.54,42.20,346.30
348.02,41.85,346.67
347.99,40.84,346.18
347.90,41.45,346.36
348.33,41.27,346.75
346.95,41.78,345.46
346.87,41.32,345.14
346.78,41.35,345.05
347.04,41.11,345.23
347.58,41.50,346.02
348.04,41.65,346.60
347.03,41.13,345.23
347.81,41.00,346.04
348.11,41.72,346.71
347.16,41.28,345.45
346.85,40.63,344.77
346.36,41.81,344.82
346.51,41.73,344.95
346.18,40.54,343.96
346.67,40.69,344.59
345.96,41.56,344.24
347.17,40.77,345.21
346.64,41.32,344.88
348.15,41.06,346.45
347.25,40.82,345.33
347.32,41.01,345.49
348.00,41.66,346.56
347.19,41.23,345.45
347.63,41.51,346.09
347.35,40.46,345.26
347.03,41.37,345.35
348.05,41.23,346.43
347.46,40.95,345.62
346.61,41.45,344.91
347.61,40.93,345.79
347.28,41.96,345.90
347.18,40.58,345.13
347.63,40.84,345.76
346.71,40.91,344.75
347.56,40.76,345.65
347.46,41.45,345.86
347.23,41.14,345.46
347.26,41.48,345.65
348.14,41.23,346.52
346.78,40.49,344.62
346.98,41.37,345.29
347.51,41.33,345.86
348.47,41.61,347.07
348.03,41.44,346.50
348.32,41.28,346.75
346.87,40.49,344.73
346.70,40.97,344.77
346.72,41.39,345.00
347.61,41.48,346.04
347.76,41.67,346.30
348.23,41.08,346.56
347.75,40.58,345.77
346.61,40.54,344.44
347.62,41.34,345.99
347.55,41.32,345.90
347.53,41.19,345.82
347.64,41.19,345.94
348.02,40.88,346.23
347.84,40.46,345.82
347.42,41.14,345.67
347.37,40.64,345.37
347.68,41.50,346.14
347.73,41.14,346.02
347.74,40.58,345.76
347.88,40.30,345.79
347.51,41.78,346.08
347.60,41.70,346.14
347.76,41.84,346.38
347.46,41.67,345.97
348.10,41.00,346.37
348.10,41.12,346.42
348.44,40.82,346.67
347.85,41.11,346.14
347.64,41.13,345.91
348.07,40.85,346.27
348.32,41.23,346.73
347.31,41.60,345.76
347.73,40.93,345.92
348.21,41.87,346.89
348.37,41.28,346.81
348.22,40.96,346.49
348.28,41.10,346.62
348.43,41.25,346.86
347.71,41.43,346.13
348.37,41.10,346.73
347.82,41.42,346.25
348.08,41.09,346.39
347.47,40.90,345.61
347.18,41.83,345.73
348.06,41.40,346.51
347.37,41.02,345.55
348.51,40.98,346.83
348.35,41.41,346.84
347.31,41.20,345.57
347.72,41.18,346.03
347.51,41.21,345.81
348.34,41.13,346.71
348.54,40.61,346.70
348.41,41.30,346.87
347.19,40.28,344.98
347.44,41.32,345.78
348.08,40.70,346.21
348.45,40.62,346.60
348.06,41.39,346.51
347.71,40.65,345.77
348.31,41.17,346.69
347.63,40.96,345.83
348.68,41.42,347.21
347.87,41.25,346.22
347.46,40.85,345.58
347.59,41.26,345.92
347.64,40.68,345.70
347.95,40.82,346.11
348.84,41.51,347.44
348.29,40.65,346.42
348.10,41.18,346.45
348.19,40.79,346.37
347.56,41.37,345.94
347.97,41.76,346.58
347.43,40.98,345.61
347.77,40.81,345.91
347.29,41.66,345.78
346.87,41.22,345.09
347.75,41.10,346.02
347.80,40.94,346.01
346.14,41.51,344.42
347.41,41.49,345.82
348.16,40.95,346.41
347.53,40.94,345.70
347.70,41.36,346.09
348.35,41.02,346.66
347.38,40.85,345.48
348.31,41.10,346.66
348.54,40.77,346.77
347.57,40.76,345.66
347.93,40.60,345.99
347.85,40.53,345.86
348.32,41.46,346.83
348.04,40.86,346.24
348.43,40.92,346.71
349.06,40.86,347.40
347.68,40.69,345.75
348.37,41.43,346.87
348.67,40.77,346.92
348.16,40.82,346.36
347.70,41.66,346.23
348.53,41.08,346.90
347.72,41.16,346.02
347.50,41.99,346.17
348.41,40.74,346.61
347.96,41.49,346.45
347.79,41.25,346.14
347.85,41.45,346.30
348.61,41.39,347.12
348.62,41.74,347.29
348.32,41.05,346.65
348.10,40.97,346.35
348.05,41.82,346.69
348.81,40.67,347.04
348.56,40.97,346.89
348.06,41.17,346.40
348.21,41.40,346.68
348.34,41.54,346.89
348.56,41.86,347.28
348.40,41.29,346.84
347.90,41.09,346.19
348.24,41.52,346.77
347.24,41.71,345.74
348.63,40.70,346.85
348.62,41.22,347.06
347.90,40.45,345.89
348.33,41.04,346.66
348.56,41.06,346.92
348.20,40.98,346.48
348.25,41.36,346.70
348.93,41.19,347.40
348.23,40.90,346.48
348.06,41.57,346.59
348.12,41.95,346.83
348.39,41.52,346.93
347.88,41.13,346.19
347.29,41.82,345.85
348.59,41.17,347.01
347.66,41.87,346.28
348.05,41.35,346.47
348.89,41.83,347.63
347.33,42.06,346.01
348.28,40.99,346.58
348.33,40.68,346.48
347.80,41.35,346.20
348.26,41.82,346.93
348.37,41.27,346.80
347.98,41.57,346.50
348.07,41.12,346.39
348.09,41.34,346.52
348.39,41.11,346.76
347.34,41.58,345.80
348.13,41.81,346.78
348.43,41.98,347.19
347.86,41.65,346.40
347.54,41.31,345.88
347.46,40.80,345.55
347.82,40.78,345.95
348.35,41.96,347.08
347.98,41.49,346.46
347.25,41.03,345.42
348.00,41.22,346.36
348.61,40.91,346.92
347.23,41.41,345.58
348.19,41.45,346.68
348.06,41.56,346.58
347.13,41.73,345.63
348.21,41.05,346.52
348.15,41.04,346.45
347.99,41.79,346.61
347.86,41.23,346.21
348.18,40.94,346.44
347.27,41.19,345.52
348.65,40.99,347.00
348.22,41.21,346.61
347.75,41.51,346.21
348.42,40.88,346.68
348.09,41.31,346.51
347.56,41.50,346.00
348.24,41.60,346.80
348.52,41.40,347.03
347.95,41.07,346.23
347.34,41.16,345.59
348.45,41.22,346.87
348.59,41.09,346.97
347.67,41.57,346.15
348.05,40.95,346.30
348.21,41.54,346.75
348.24,41.40,346.72
348.36,40.97,346.65
347.77,41.58,346.27
348.36,41.46,346.87
348.12,41.30,346.53
347.39,41.28,345.70
349.12,41.61,347.79
348.57,41.15,346.97
347.41,41.00,345.59
348.51,41.53,347.08
347.54,42.10,346.26
348.00,41.32,346.41
348.05,41.36,346.48
347.02,42.05,345.66
347.20,41.65,345.66
348.26,41.46,346.76
348.43,41.85,347.12
347.88,41.50,346.36
348.17,41.06,346.48
348.35,41.10,346.70
348.09,41.30,346.50
348.32,41.26,346.74
348.27,40.94,346.53
347.87,40.52,345.88
348.46,41.36,346.95
348.18,41.03,346.47
348.50,41.13,346.88
348.85,41.47,347.43
348.33,41.50,346.86
348.17,41.12,346.51
348.29,41.38,346.77
347.95,41.13,346.26
348.24,41.91,346.94
348.82,41.24,347.29
348.49,41.61,347.08
347.51,41.51,345.95
347.52,41.90,346.14
348.01,41.30,346.42
348.45,41.61,347.05
348.85,41.30,347.35
348.19,40.61,346.29
348.76,41.09,347.17
348.32,41.17,346.70
347.21,41.68,345.70
348.44,40.77,346.65
348.38,41.29,346.83
348.43,40.80,346.65
348.72,40.93,347.05
347.85,41.70,346.41
348.07,40.83,346.27
347.63,41.08,345.88
348.48,41.01,346.81
348.57,41.31,347.04
347.97,40.93,346.19
348.22,41.56,346.76
347.29,41.67,345.78
347.78,41.42,346.20
347.80,41.41,346.22
347.56,41.21,345.86
348.16,40.93,346.42
348.09,41.17,346.44
347.94,41.35,346.35
347.29,41.23,345.57
348.21,40.98,346.49
347.48,41.40,345.87
347.65,40.85,345.79
347.95,41.41,346.39
347.64,41.08,345.89
348.24,41.81,346.89
348.16,41.17,346.52
348.03,41.26,346.42
347.97,41.11,346.28
347.76,41.78,346.35
348.33,41.12,346.69
348.11,41.14,346.46
347.28,41.28,345.59
348.22,41.80,346.87
348.17,41.12,346.51
347.37,42.03,346.04
347.92,40.97,346.15
347.93,41.66,346.48
348.12,41.20,346.49
348.53,41.12,346.92
348.50,41.29,346.95
347.80,41.38,346.21
348.01,41.57,346.54
347.34,41.08,345.55
347.77,41.16,346.08
347.61,41.15,345.89
347.93,40.78,346.08
347.73,41.23,346.06
348.40,40.82,346.63
347.92,41.10,346.22
347.83,41.46,346.28
347.89,41.51,346.38
347.67,40.97,345.87
348.47,40.72,346.66
348.80,41.74,347.49
348.57,40.73,346.78
347.96,41.27,346.34
347.49,41.02,345.69
347.73,41.10,346.01
348.48,40.87,346.74
348.47,41.39,346.96
347.93,41.11,346.23
348.93,40.97,347.30
348.49,40.92,346.78
347.69,41.59,346.18
348.19,41.76,346.82
348.47,41.91,347.19
347.98,41.05,346.26
348.23,41.36,346.69
348.00,41.36,346.43
348.26,40.57,346.36
348.91,41.21,347.39
347.70,41.78,346.28
348.39,41.58,346.96
348.77,40.83,347.06
347.35,41.47,345.75
348.09,41.02,346.37
349.11,41.50,347.73
347.95,41.19,346.29
348.23,41.37,346.69
347.08,41.71,345.57
348.16,41.35,346.60
347.72,41.70,346.27
348.04,41.32,346.45
348.29,41.73,346.92
348.30,41.68,346.90
348.14,41.68,346.73
347.57,41.17,345.86
348.23,40.53,346.31
347.97,41.15,346.30
347.76,41.13,346.05
347.70,40.75,345.80
348.21,41.52,346.74
348.52,41.30,346.98
347.48,41.01,345.67
347.60,41.70,346.14
347.13,41.27,345.41
347.89,40.95,346.12
348.41,41.77,347.07
348.39,42.12,347.20
347.78,41.24,346.13
346.93,41.00,345.05
347.27,40.35,345.11
347.47,40.43,345.38
347.77,40.28,345.65
347.98,40.95,346.21
347.32,40.16,345.08
348.04,40.58,346.11
347.57,40.09,345.32
346.39,41.24,344.56
347.10,41.21,345.34
347.45,40.67,345.47
346.81,41.50,345.16
346.80,40.94,344.87
347.00,41.92,345.59
347.58,41.93,346.23
347.12,41.58,345.55
346.04,41.78,344.45
345.25,41.98,343.69
345.59,41.38,343.74
344.96,41.75,343.25
346.27,42.54,345.09
345.48,42.88,344.42
345.05,42.67,343.84
346.12,42.31,344.81
345.58,41.61,343.85
345.01,42.60,343.76
345.60,42.18,344.18
344.67,41.64,342.86
346.16,41.95,344.67
346.43,41.90,344.94
346.73,41.45,345.05
345.43,41.31,343.53
346.02,42.42,344.75
347.18,41.49,345.57
348.05,41.08,346.36
346.41,41.86,344.90
345.81,41.50,344.05
347.57,42.12,346.31
347.37,41.77,345.91
346.14,41.95,344.64
345.87,42.39,344.58
346.28,42.01,344.84
346.36,41.52,344.67
346.53,41.61,344.91
345.67,42.07,344.19
346.29,41.24,344.46
346.25,41.43,344.51
346.90,41.90,345.46
347.45,41.11,345.69
346.23,41.38,344.45
346.96,42.19,345.67
346.93,41.62,345.36
347.18,41.89,345.77
347.60,41.59,346.09
347.25,41.14,345.48
347.21,41.51,345.61
346.73,41.98,345.32
346.52,41.40,344.78
346.50,41.80,344.97
347.20,41.01,345.36
346.53,41.73,344.97
346.40,41.40,344.66
346.25,41.87,344.73
346.91,41.86,345.45
346.27,40.70,344.14
347.46,41.52,345.90
346.44,42.21,345.11
345.92,41.88,344.38
346.47,42.03,345.06
346.75,41.35,345.02
346.80,41.03,344.91
347.06,41.03,345.21
346.68,41.77,345.15
346.75,41.68,345.19
346.58,41.86,345.09
347.34,42.05,346.01
346.93,41.69,345.39
347.05,42.04,345.69
347.24,41.33,345.56
346.45,41.74,344.89
346.69,41.39,344.97
346.01,41.90,344.48
347.45,42.13,346.17
347.15,41.76,345.67
346.83,41.94,345.41
346.93,41.61,345.35
345.94,41.78,344.35
346.92,41.06,345.07
347.53,42.36,346.37
346.67,41.76,345.13
347.08,41.35,345.39
346.65,42.09,345.28
347.40,42.21,346.16
347.52,41.97,346.18
346.62,41.39,344.90
347.04,41.96,345.64
346.35,41.53,344.66
346.30,41.86,344.79
346.04,41.45,344.28
347.07,41.49,345.44
345.76,42.29,344.41
346.37,41.67,344.76
346.92,41.80,345.43
346.41,41.95,344.95
346.29,41.86,344.77
347.71,41.23,346.04
346.44,41.60,344.81
346.72,41.11,344.87
346.91,41.39,345.21
347.32,41.40,345.68
346.09,41.30,344.26
346.43,41.51,344.74
347.06,41.89,345.63
347.04,41.82,345.57
346.12,41.27,344.28
347.17,41.86,345.74
347.66,41.03,345.89
346.50,41.20,344.66
347.26,41.14,345.49
346.96,42.26,345.70
346.23,41.47,344.51
347.42,41.33,345.77
347.25,41.97,345.88
345.97,42.42,344.71
345.86,41.71,344.21
346.78,42.42,345.59
346.25,42.19,344.89
344.65,42.14,343.12
344.00,42.36,342.55
346.01,42.68,344.88
348.20,42.57,347.19
344.72,42.44,343.36
345.09,42.85,343.98
346.00,42.46,344.75
348.02,42.00,346.74
347.12,41.47,345.50
346.16,41.37,344.37
345.27,41.70,343.56
347.19,42.05,345.85
347.03,41.90,345.61
346.87,42.35,345.65
345.74,42.29,344.39
346.80,41.60,345.20
347.41,41.86,346.01
347.56,42.74,346.57
346.26,42.35,344.98
345.93,42.90,344.90
346.24,43.28,345.43
346.87,44.03,346.44
346.28,42.96,345.31
346.22,42.93,345.23
345.90,42.79,344.82
346.99,42.33,345.77
347.75,42.02,346.45
348.69,43.25,348.00
347.59,41.93,346.24
347.91,41.97,346.60
349.15,43.41,348.54
347.63,42.11,346.36
349.04,41.89,347.81
348.82,42.22,347.71
347.97,41.91,346.64
349.43,41.66,348.15
349.51,41.93,348.36
349.33,42.07,348.21
349.11,42.06,347.97
349.61,41.99,348.49
348.80,42.00,347.60
348.96,41.95,347.75
349.48,41.89,348.30
348.67,41.99,347.45
348.30,41.69,346.91
348.75,41.95,347.52
348.64,42.35,347.57
348.98,42.56,348.03
348.67,43.03,347.89
348.23,42.22,347.06
348.96,41.78,347.69
349.37,43.06,348.65
348.28,41.86,346.97
348.44,42.15,347.26
348.64,42.45,347.61
347.67,43.37,346.97
349.11,42.70,348.23
348.32,42.78,347.41
347.61,43.46,346.95
347.86,42.89,346.96
348.05,43.58,347.46
346.96,42.60,345.87
347.40,42.97,346.51
347.92,43.14,347.14
347.70,43.19,346.92
347.91,42.98,347.06
348.31,42.88,347.43
347.59,42.63,346.56
349.05,42.32,348.01
347.94,42.47,346.86
348.41,43.51,347.81
348.31,42.73,347.38
349.02,42.35,347.98
348.64,42.65,347.69
347.15,43.42,346.45
347.40,42.83,346.44
348.57,42.99,347.76
347.07,43.53,346.41
347.30,43.80,346.78
347.43,42.66,346.40
346.74,42.87,345.76
347.69,43.67,347.13
347.04,43.20,346.23
347.11,43.23,346.31
347.16,42.50,346.04
347.57,43.03,346.71
347.15,43.05,346.28
347.69,43.07,346.86
347.40,42.59,346.33
347.49,42.90,346.57
348.33,43.33,347.65
348.27,42.98,347.44
346.86,43.18,346.03
347.52,43.39,346.82
346.66,43.34,345.90
347.33,43.21,346.55
345.97,43.25,345.12
346.75,42.83,345.74
346.75,42.47,345.58
347.84,42.30,346.68
347.10,42.76,346.09
347.29,43.00,346.40
347.42,42.95,346.51
347.68,43.34,346.97
347.91,43.11,347.11
348.03,42.46,346.95
346.76,43.59,346.11
347.52,42.56,346.45
347.47,43.28,346.72
346.81,43.26,346.02
347.67,43.84,347.17
347.90,43.39,347.22
347.67,42.58,346.62
346.79,41.94,345.36
346.68,42.97,345.73
346.81,43.11,345.94
346.28,42.21,344.94
346.72,41.98,345.30
347.02,41.52,345.41
347.49,42.16,346.23
348.65,41.00,347.00
349.12,40.83,347.47
349.67,41.64,348.42
348.61,41.11,347.00
348.57,41.21,347.00
349.17,41.48,347.79
347.93,39.54,345.47
348.02,40.00,345.81
347.38,41.09,345.60
348.38,41.12,346.75
347.06,41.27,345.33
347.80,40.46,345.78
347.45,42.17,346.19
347.66,42.07,346.37
347.93,41.49,346.41
347.84,40.92,346.04
347.96,41.47,346.44
347.61,40.92,345.78
348.07,40.84,346.27
347.07,41.25,345.33
348.60,41.75,347.27
349.45,41.87,348.26
347.87,41.40,346.30
348.09,42.15,346.89
348.28,41.88,346.97
348.65,41.96,347.42
347.29,42.31,346.08
348.59,42.28,347.49
348.08,41.32,346.50
347.80,41.46,346.25
347.81,42.00,346.51
349.17,41.69,347.88
348.07,42.00,346.79
347.17,41.52,345.57
348.49,42.24,347.36
347.37,41.90,345.98
347.07,42.34,345.86
347.99,41.65,346.55
347.60,41.82,346.20
348.02,41.92,346.70
348.39,41.45,346.90
348.31,41.50,346.84
347.34,41.47,345.74
348.58,42.49,347.56
348.66,41.20,347.09
348.12,42.27,346.97
347.13,42.02,345.76
346.81,42.08,345.45
346.63,41.67,345.05
348.13,41.70,346.72
348.24,42.33,347.13
347.70,42.84,346.77
348.69,42.81,347.81
347.71,42.43,346.60
347.92,42.32,346.77
346.98,41.30,345.25
348.85,41.35,347.38
348.69,40.59,346.86
349.22,41.32,347.78
345.97,41.29,344.12
348.28,41.79,346.93
348.55,42.09,347.36
346.81,41.89,345.36
348.88,41.59,347.52
348.34,42.16,347.16
347.09,41.63,345.54
347.83,42.59,346.80
347.68,42.60,346.64
346.89,42.46,345.72
348.16,42.89,347.28
347.39,42.95,346.49
346.90,42.77,345.87
346.55,43.46,345.83
346.56,42.55,345.41
348.12,42.67,347.14
346.50,43.10,345.62
346.30,43.01,345.36
347.32,43.63,346.72
347.20,43.35,346.46
347.11,43.64,346.50
346.23,43.24,345.39
347.43,42.55,346.35
347.20,43.31,346.45
348.39,43.00,347.58
347.95,43.63,347.38
347.21,43.75,346.66
347.76,42.57,346.71
347.37,42.96,346.47
347.63,42.59,346.58
346.96,42.87,345.99
345.64,43.85,345.08
347.45,42.56,346.37
346.00,42.85,344.95
347.74,43.01,346.89
347.09,42.04,345.74
346.31,42.34,345.03
347.09,41.82,345.63
346.99,41.99,345.61
348.22,42.35,347.11
348.37,42.33,347.27
346.93,42.56,345.81
347.42,42.05,346.11
349.28,42.21,348.21
348.13,43.03,347.31
347.17,41.64,345.63
348.01,42.53,346.96
346.69,42.62,345.58
347.50,41.80,346.07
347.11,42.49,345.97
347.29,42.45,346.14
348.35,43.21,347.62
345.87,42.60,344.70
348.76,42.60,347.81
347.84,43.08,347.03
346.98,42.78,345.97
347.18,42.69,346.14
347.14,42.54,346.02
346.77,42.32,345.52
347.39,43.34,346.66
346.20,42.51,345.00
347.46,41.96,346.11
347.07,42.77,346.06
346.99,42.37,345.79
346.79,42.54,345.65
345.96,42.70,344.83
347.12,42.32,345.90
348.06,42.54,347.02
346.83,42.47,345.66
347.70,42.61,346.66
347.40,42.03,346.08
346.43,42.12,345.06
347.30,43.00,346.42
347.10,41.96,345.71
347.59,42.05,346.29
346.68,42.57,345.54
346.53,42.54,345.37
348.45,42.61,347.48
346.94,42.29,345.70
347.12,42.90,346.18
346.77,42.31,345.52
347.60,42.32,346.42
346.91,42.59,345.81
347.20,42.20,345.93
346.80,42.66,345.72
347.03,42.58,345.93
346.54,42.82,345.52
346.98,43.09,346.11
346.88,42.88,345.91
346.95,42.81,345.95
346.63,42.96,345.68
346.91,42.71,345.87
346.74,42.95,345.80
346.71,43.20,345.88
346.63,43.10,345.75
345.56,43.02,344.58
346.44,42.96,345.48
347.83,43.00,346.98
348.31,42.62,347.33
346.71,42.93,345.75
345.90,42.46,344.65
346.56,42.98,345.62
346.65,42.53,345.49
346.82,43.20,346.00
346.54,42.66,345.44
347.18,42.88,346.23
346.73,42.62,345.63
346.28,42.75,345.20
347.44,42.83,346.49
347.13,42.64,346.06
346.84,42.22,345.55
346.42,42.18,345.08
348.21,41.96,346.93
347.84,41.50,346.31
346.33,42.79,345.28
347.55,42.25,346.34
346.69,42.10,345.33
347.65,42.75,346.67
347.19,42.54,346.08
346.79,42.79,345.77
346.87,42.92,345.92
346.36,42.52,345.17
346.34,43.00,345.39
347.15,42.87,346.19
346.24,42.37,344.98
346.18,42.14,344.79
346.32,42.57,345.15
346.91,42.62,345.82
348.14,42.27,346.99
347.58,42.58,346.52
347.40,42.62,346.34
347.99,42.94,347.13
347.40,42.44,346.26
347.47,42.78,346.49
346.78,42.56,345.65
346.77,43.10,345.90
347.30,42.47,346.16
348.07,42.54,347.03
347.54,42.37,346.38
347.55,42.34,346.38
347.96,42.54,346.92
348.20,42.25,347.04
347.04,43.44,346.34
346.65,42.93,345.69
346.77,42.34,345.53
347.00,42.64,345.93
346.55,43.41,345.81
347.38,42.62,346.33
345.58,43.00,344.59
346.19,43.50,345.48
347.70,42.40,346.57
346.98,42.43,345.81
344.78,43.33,343.91
346.61,43.41,345.87
346.96,42.60,345.87
346.72,43.11,345.85
345.20,43.70,344.55
346.29,43.31,345.49
346.10,41.68,344.46
346.46,43.37,345.70
345.75,42.95,344.75
345.72,43.68,345.08
346.53,43.12,345.65
345.72,43.33,344.90
348.25,42.55,347.23
346.55,43.18,345.70
346.65,42.15,345.30
347.48,41.84,346.07
346.89,42.91,345.94
347.85,43.02,347.00
347.75,43.28,347.01
347.71,42.55,346.65
347.86,41.75,346.45
347.72,42.13,346.47
347.69,42.14,346.44
348.23,41.80,346.88
348.90,43.36,348.26
347.77,42.40,346.64
347.27,42.59,346.19
347.44,42.40,346.29
348.62,42.53,347.62
347.67,42.39,346.53
347.42,42.93,346.51
347.94,42.52,346.88
347.28,42.98,346.39
348.13,42.91,347.26
347.52,42.98,346.64
346.82,43.08,345.94
347.16,43.15,346.34
347.75,42.62,346.73
347.10,42.47,345.96
346.59,42.93,345.63
347.86,43.64,347.29
347.61,42.04,346.30
347.34,42.75,346.34
347.75,42.81,346.81
347.16,42.48,346.03
348.64,42.81,347.76
347.57,42.50,346.47
347.27,42.14,345.98
348.59,42.89,347.74
347.71,42.68,346.71
347.89,42.82,346.97
347.73,42.29,346.56
347.55,42.99,346.67
346.61,42.70,345.54
347.51,42.28,346.31
347.48,43.26,346.72
347.18,42.53,346.07
347.67,42.54,346.60
347.61,42.85,346.67
347.51,42.38,346.36
347.38,42.59,346.31
347.12,42.91,346.17
348.11,42.05,346.86
348.11,42.39,347.01
347.40,42.88,346.47
347.71,42.86,346.79
348.24,42.29,347.11
347.87,42.77,346.92
348.14,42.17,346.95
348.49,42.27,347.37
347.68,41.10,345.94
348.50,42.15,347.33
346.77,41.71,345.22
348.54,42.25,347.42
348.99,41.19,347.46
347.93,41.29,346.32
348.37,41.17,346.76
349.27,40.98,347.70
348.09,41.11,346.41
348.33,40.33,346.32
349.14,40.28,347.25
348.17,40.09,346.03
348.39,39.83,346.17
348.77,39.67,346.53
348.81,40.51,346.97
349.17,39.77,347.05
349.98,38.68,347.55
349.80,39.12,347.53
350.62,39.65,348.73
349.44,38.14,346.65
349.99,40.42,348.29
349.50,38.73,346.98
350.72,38.71,348.48
351.10,38.54,348.88
350.07,38.63,347.65
349.92,38.19,347.27
351.18,38.82,349.08
350.90,37.60,348.25
350.26,38.32,347.75
350.92,37.62,348.28
350.84,38.34,348.47
351.59,38.58,349.50
349.61,37.23,346.44
351.41,37.47,348.85
350.41,38.49,348.01
351.21,37.74,348.71
350.50,38.59,348.16
350.25,38.36,347.75
351.00,37.23,348.22
351.51,37.50,348.99
349.50,37.46,346.41
350.20,37.86,347.47
349.72,38.30,347.07
349.52,38.14,346.74
350.89,37.17,348.05
350.71,38.26,348.28
350.76,37.56,348.06
350.32,37.82,347.61
349.87,38.07,347.15
351.26,38.57,349.08
350.01,38.27,347.41
350.27,37.31,347.32
350.30,37.79,347.57
350.48,37.31,347.58
350.84,38.17,348.41
350.73,38.05,348.22
350.30,38.07,347.69
350.17,38.04,347.51
351.12,38.32,348.81
350.62,37.63,347.91
350.66,38.70,348.39
350.32,38.38,347.84
351.13,37.54,348.52
348.95,38.73,346.31
350.51,38.93,348.30
351.09,37.93,348.63
349.90,39.32,347.74
350.74,38.39,348.37
350.10,38.52,347.63
349.96,39.01,347.67
349.56,37.79,346.64
350.08,38.98,347.80
349.64,38.95,347.26
350.71,38.36,348.32
350.74,38.77,348.53
349.82,39.69,347.79
349.60,38.70,347.10
350.00,39.19,347.79
349.91,39.26,347.71
349.96,38.83,347.59
350.61,38.33,348.19
349.05,39.45,346.77
349.30,38.89,346.81
350.59,39.07,348.46
349.42,39.55,347.25
348.84,40.73,347.09
348.14,38.18,345.04
348.39,38.11,345.32
348.83,40.17,346.84
349.09,40.03,347.08
348.57,39.41,346.18
349.52,40.25,347.67
348.07,40.82,346.26
349.79,41.37,348.45
350.32,40.71,348.78
351.23,40.19,349.65
349.75,41.20,348.33
348.48,41.32,346.95
349.45,39.56,347.30
350.23,40.76,348.70
349.60,40.34,347.81
348.67,39.07,346.14
348.89,40.08,346.86
349.28,39.95,347.27
349.46,40.07,347.53
350.57,40.34,348.94
349.36,40.68,347.67
348.81,40.36,346.90
349.64,41.22,348.22
350.65,41.36,349.41
349.19,39.37,346.90
349.77,40.98,348.27
349.72,40.39,347.96
349.16,39.54,346.94
348.91,41.33,347.43
348.37,42.21,347.21
348.00,40.69,346.11
346.76,40.26,344.47
347.03,40.84,345.07
348.11,42.09,346.88
343.53,39.90,340.52
345.90,43.11,344.98
345.68,43.57,344.97
344.73,46.05,345.25
342.63,46.32,343.36
340.53,47.61,342.11
339.54,47.20,340.94
342.91,48.84,344.96
342.24,50.14,345.02
338.98,51.88,343.22
338.66,51.58,342.78
336.94,53.92,342.77
334.32,56.22,342.17
325.50,54.51,333.89
335.75,59.73,345.27
325.75,61.89,340.01
332.78,66.79,347.56
327.72,55.26,336.34
327.83,61.73,341.31
308.07,70.20,335.32
316.61,65.91,337.09
319.59,66.12,339.34
316.36,68.42,339.33
304.50,72.59,335.48
310.10,70.94,337.69
304.23,73.35,336.28
304.07,75.27,338.75
304.82,75.13,339.11
307.30,74.14,339.55
297.86,78.14,338.33
293.54,78.57,335.11
301.13,76.72,338.65
295.28,79.07,337.76
296.19,79.68,339.68
291.29,80.90,337.65
291.26,80.41,336.53
292.36,80.14,337.09
287.62,83.72,340.88
285.67,83.55,338.06
282.58,84.53,336.75
283.05,84.16,336.17
285.43,83.62,337.96
285.80,83.80,339.00
285.17,83.75,338.00
288.21,82.40,337.92
284.64,83.59,336.75
282.42,84.86,337.80
283.07,84.37,336.98
283.04,84.53,337.52
283.46,84.35,337.56
285.65,83.52,337.92
281.66,85.09,337.41
282.96,84.64,337.83
282.13,84.93,337.57
284.88,83.74,337.56
283.41,84.37,337.54
281.70,85.11,337.53
282.54,84.78,337.67
283.09,84.57,337.78
282.25,84.85,337.45
281.81,85.16,337.96
282.30,84.90,337.76
284.83,83.74,337.51
283.50,84.48,338.09
282.26,84.81,337.34
283.48,84.56,338.32
282.57,84.92,338.27
283.23,84.61,338.14
280.00,85.98,338.25
283.99,84.25,338.01
283.88,84.26,337.85
283.46,84.44,337.86
288.09,82.81,338.90
286.36,83.67,339.29
286.64,83.50,339.15
289.93,82.01,338.83
290.67,81.81,339.13
287.84,83.04,339.24
292.40,81.36,339.76
294.20,80.92,340.43
297.05,79.43,339.92
300.67,78.63,341.26
291.80,81.75,340.08
303.82,76.80,340.71
305.98,76.10,341.18
307.13,75.76,341.47
309.76,74.58,341.66
307.92,74.63,340.57
312.79,72.89,341.60
314.77,71.78,341.65
323.03,68.66,343.61
323.86,67.20,342.93
321.07,68.97,342.75
329.66,66.19,345.52
330.96,62.60,343.94
327.19,63.87,342.45
337.17,61.45,347.10
336.91,60.17,346.27
342.23,57.37,348.41
338.39,55.83,344.95
341.24,55.53,346.87
343.06,55.33,348.11
341.02,54.14,346.04
343.82,53.40,347.84
346.06,51.68,348.90
345.46,50.13,347.78
348.38,50.53,350.39
348.67,47.48,349.59
347.83,45.73,348.13
345.36,44.39,345.06
347.78,46.12,348.24
350.17,45.85,350.46
347.41,44.12,347.02
347.14,43.65,346.54
350.24,43.94,349.88
345.80,43.69,345.16
346.93,41.51,345.30
351.17,42.58,350.40
349.42,41.37,348.02
349.82,40.60,348.16
349.20,40.84,347.56
348.69,40.64,346.88
352.66,42.26,351.93
351.11,40.73,349.71
349.97,39.94,348.07
350.50,41.28,349.21
350.64,41.65,349.50
350.96,40.79,349.55
349.78,41.26,348.38
351.12,41.29,349.91
348.58,41.29,347.04
350.03,41.53,348.78
348.84,41.08,347.25
349.23,43.24,348.56
349.70,42.21,348.67
349.92,43.23,349.29
350.64,42.22,349.71
350.94,42.39,350.09
350.19,42.26,349.23
350.86,41.67,349.75
351.08,41.97,350.10
349.30,44.06,348.96
349.08,41.88,347.86
350.58,42.66,349.80
351.52,43.24,350.99
350.31,42.51,349.45
350.13,42.01,349.07
349.54,43.87,349.13
350.17,42.05,349.12
349.62,43.29,348.99
350.29,43.23,349.69
349.77,42.72,348.94
349.34,43.37,348.73
350.06,43.06,349.38
349.24,43.25,348.58
350.26,43.53,349.76
349.64,44.00,349.28
349.75,42.88,348.99
350.04,42.66,349.21
350.41,43.55,349.92
349.72,43.15,349.05
349.86,43.39,349.29
350.52,43.80,350.12
350.19,42.41,349.28
349.86,43.40,349.29
349.59,43.79,349.15
351.30,42.28,350.44
349.92,43.27,349.31
350.91,43.48,350.42
350.92,41.57,349.78
349.58,43.59,349.07
349.91,43.14,349.25
349.74,42.27,348.74
349.48,43.18,348.81
350.37,42.34,349.45
350.70,42.97,350.03
349.25,42.63,348.35
349.88,42.28,348.90
350.13,42.54,349.26
350.41,43.48,349.89
350.78,42.72,350.03
349.10,42.82,348.26
349.54,42.75,348.71
350.47,42.44,349.60
350.24,42.55,349.39
350.91,43.41,350.40
349.59,41.83,348.40
350.73,43.01,350.08
350.46,42.84,349.73
350.47,42.20,349.51
350.01,43.78,349.59
350.83,42.89,350.14
351.40,42.82,350.74
350.02,42.17,349.00
349.70,42.35,348.72
350.64,42.72,349.88
350.92,42.97,350.27
350.55,42.41,349.67
350.56,42.48,349.71
350.92,42.88,350.24
350.82,42.89,350.13
350.40,42.78,349.65
350.01,42.94,349.28
351.76,42.77,351.10
350.54,42.94,349.85
350.99,43.34,350.46
351.51,42.58,350.77
349.73,43.37,349.15
351.11,42.55,350.32
350.65,43.29,350.08
350.39,42.83,349.64
350.18,43.02,349.49
350.68,42.98,350.02
351.15,43.13,350.56
350.47,43.23,349.87
352.17,42.76,351.54
350.78,42.79,350.05
350.54,42.90,349.83
349.88,42.74,349.06
350.34,41.89,349.26
351.48,43.01,350.88
350.54,42.54,349.71
351.53,42.62,350.81
350.27,42.87,349.54
350.56,43.05,349.90
350.31,43.46,349.79
350.89,42.44,350.05
350.54,42.79,349.79
349.70,43.14,349.02
351.07,42.34,350.21
350.71,43.25,350.13
350.03,43.65,349.56
349.88,43.01,349.17
350.67,43.77,350.27
350.71,42.80,349.99
350.89,43.40,350.37
350.09,43.05,349.41
350.57,43.62,350.12
350.77,42.53,349.96
351.22,42.91,350.56
350.78,43.42,350.26
350.32,42.62,349.50
351.37,43.64,350.95
349.77,43.22,349.12
350.86,42.68,350.11
351.26,43.06,350.66
349.82,43.19,349.16
350.45,42.14,349.47
350.82,43.68,350.39
350.28,43.37,349.72
350.62,43.56,350.15
350.84,42.36,349.97
350.28,43.94,349.92
351.19,42.93,350.54
350.91,43.33,350.38
350.28,43.19,349.66
350.41,42.98,349.73
350.37,43.16,349.75
350.80,43.05,350.16
349.85,43.48,349.31
351.42,43.39,350.93
350.20,43.01,349.51
350.09,43.53,349.58
351.70,43.35,351.21
350.71,42.06,349.72
350.98,43.24,350.42
350.79,43.75,350.38
350.89,42.36,350.03
350.38,43.30,349.80
350.72,43.70,350.30
350.66,42.24,349.73
350.86,43.22,350.28
350.94,43.37,350.42
350.87,42.80,350.15
350.29,43.04,349.62
350.85,43.90,350.50
350.61,43.25,350.03
351.09,43.56,350.64
350.01,43.29,349.41
350.56,42.79,349.82
350.63,42.70,349.86
351.00,42.91,350.33
351.29,42.93,350.65
351.19,43.25,350.64
350.70,43.48,350.21
351.38,42.49,350.60
351.11,43.56,350.66
350.53,43.57,350.06
350.97,43.01,350.33
350.98,42.57,350.19
350.97,42.94,350.31
350.62,43.69,350.19
350.88,42.87,350.19
351.47,43.42,351.00
350.91,43.43,350.40
350.96,43.51,350.49
351.16,43.80,350.78
350.77,42.92,350.09
350.89,42.92,350.22
350.62,43.89,350.26
350.82,43.25,350.25
351.04,43.48,350.56
350.63,43.64,350.19
350.47,43.72,350.04
350.82,43.64,350.38
350.92,42.67,350.16
350.38,42.93,349.67
351.08,43.73,350.68
351.31,43.51,350.86
351.15,42.74,350.43
350.90,42.92,350.23
350.93,43.32,350.39
351.20,43.67,350.79
350.82,43.28,350.26
349.90,42.86,349.13
351.17,44.15,350.91
350.60,43.02,349.94
351.70,42.78,351.04
350.58,43.49,350.08
350.91,43.22,350.33
350.31,42.81,349.56
350.71,43.53,350.23
351.16,43.39,350.66
351.09,43.00,350.46
350.93,43.42,350.42
351.50,42.78,350.83
351.03,42.53,350.23
352.24,43.76,351.90
350.94,42.49,350.13
351.44,43.09,350.86
351.02,43.01,350.38
351.44,42.92,350.80
350.93,43.36,350.41
351.01,42.82,350.31
349.96,43.46,349.42
350.32,42.94,349.61
352.06,43.25,351.57
350.09,43.52,349.57
350.60,43.33,350.04
350.57,42.55,349.74
350.78,43.67,350.35
350.50,43.04,349.84
350.92,43.38,350.40
350.86,43.08,350.23
351.51,43.39,351.02
350.81,43.46,350.31
350.61,42.57,349.80
350.78,43.20,350.19
351.07,43.41,350.57
350.88,42.66,350.11
350.91,42.60,350.13
351.25,43.10,350.66
350.75,43.31,350.20
351.85,42.66,351.16
350.73,43.49,350.24
350.77,42.81,350.05
352.44,42.74,351.83
349.78,43.09,349.09
351.20,42.80,350.51
352.09,43.28,351.61
351.00,42.47,350.18
351.64,42.45,350.88
351.13,42.65,350.38
350.97,42.23,350.06
350.80,43.67,350.37
351.77,42.24,350.95
350.79,42.96,350.13
351.40,42.41,350.60
351.91,42.28,351.11
351.35,42.95,350.71
351.43,43.28,350.91
351.64,42.65,350.93
351.41,42.53,350.65
351.64,43.18,351.10
351.45,42.11,350.56
351.62,43.41,351.15
351.63,43.42,351.16
352.14,41.85,351.24
352.07,42.67,351.41
352.27,42.41,351.55
352.49,42.88,351.92
352.15,42.68,351.50
352.15,42.15,351.34
351.70,42.98,351.10
352.20,42.88,351.61
351.79,42.76,351.13
351.02,42.20,350.11
351.86,41.88,350.94
351.84,41.64,350.84
351.78,43.13,351.23
351.77,42.63,351.06
351.51,42.24,350.67
350.56,41.92,349.51
352.07,42.43,351.34
351.24,42.38,350.41
351.67,42.37,350.88
351.83,42.72,351.17
351.49,41.36,350.36
351.49,42.18,350.63
351.77,43.14,351.22
350.64,41.86,349.58
351.03,41.64,349.94
351.57,42.68,350.87
351.63,41.09,350.43
351.61,42.38,350.81
350.72,42.62,349.93
351.68,41.85,350.72
352.86,42.07,352.10
349.99,42.05,348.93
352.67,41.86,351.83
351.32,41.85,350.33
351.65,42.40,350.87
351.54,42.25,350.70
351.58,42.63,350.87
352.96,42.18,352.24
351.10,42.51,350.30
351.97,43.15,351.44
351.49,42.95,350.87
350.83,41.71,349.73
352.33,41.99,351.49
353.07,41.45,352.16
351.89,42.55,351.18
351.80,41.94,350.89
352.65,42.95,352.11
351.29,41.89,350.31
350.98,42.16,350.06
352.12,42.32,351.36
351.41,42.81,350.74
351.40,42.20,350.53
351.12,41.80,350.09
351.70,42.18,350.85
352.93,42.63,352.33
352.04,41.63,351.05
351.38,42.18,350.50
351.21,42.59,350.45
351.60,41.96,350.67
351.28,42.02,350.34
351.90,42.57,351.20
352.10,42.01,351.24
351.35,42.77,350.66
351.76,42.53,351.03
352.82,42.74,352.24
351.24,42.06,350.31
351.92,41.83,350.99
352.07,42.65,351.40
352.42,42.39,351.71
352.93,42.15,352.20
351.52,42.39,350.73
351.46,41.94,350.52
351.59,42.81,350.93
351.75,42.58,351.04
352.27,42.43,351.55
352.11,42.25,351.33
351.91,42.01,351.04
351.35,42.58,350.60
350.75,42.74,350.00
352.60,42.69,351.98
351.17,42.04,350.22
352.75,41.78,351.89
351.71,41.86,350.76
351.40,42.99,350.78
351.85,42.48,351.11
352.37,42.56,351.70
351.27,42.56,350.51
352.91,42.28,352.21
351.81,42.01,350.92
351.97,42.34,351.20
351.78,42.33,350.99
353.15,42.28,352.48
351.69,42.35,350.90
352.56,42.79,351.97
351.86,42.25,351.05
351.47,41.56,350.40
352.14,42.39,351.40
351.86,42.40,351.10
352.46,42.06,351.66
352.18,42.00,351.32
351.67,42.24,350.84
352.38,42.55,351.71
352.33,42.49,351.64
351.06,42.24,350.17
352.44,42.80,351.85
352.64,42.41,351.95
351.40,41.84,350.41
351.73,42.59,351.02
351.94,42.57,351.24
352.16,42.29,351.39
350.88,41.95,349.87
351.13,42.53,350.34
352.33,42.49,351.63
352.76,42.30,352.05
352.15,42.71,351.51
351.60,42.38,350.80
353.08,41.78,352.26
352.51,42.00,351.69
352.36,42.47,351.67
352.09,42.37,351.33
351.60,42.47,350.84
352.56,42.10,351.77
351.71,42.87,351.08
351.98,41.52,350.96
352.39,42.49,351.70
351.08,42.17,350.17
351.73,42.22,350.90
351.88,42.57,351.17
351.52,42.36,350.71
351.89,42.17,351.06
350.75,42.40,349.89
352.19,43.16,351.68
351.84,41.53,350.80
352.08,42.84,351.47
352.24,42.84,351.64
351.29,42.66,350.56
352.14,42.51,351.43
352.06,42.47,351.33
350.04,42.19,349.03
351.96,42.19,351.14
351.19,42.48,350.40
352.03,42.65,351.36
351.41,42.93,350.78
351.96,42.86,351.35
351.43,42.49,350.66
350.36,42.68,349.56
351.23,43.57,350.79
351.27,43.27,350.74
352.03,43.45,351.59
351.78,43.84,351.44
351.99,43.61,351.60
352.29,42.96,351.73
352.22,42.98,351.66
350.88,42.52,350.07
351.78,43.59,351.37
351.47,43.70,351.08
352.30,43.85,351.99
350.90,43.17,350.31
351.25,43.66,350.83
351.55,43.55,351.12
351.44,43.49,350.99
351.04,43.92,350.70
352.17,43.82,351.84
350.54,44.46,350.36
350.47,43.87,350.10
350.09,44.39,349.88
349.59,45.14,349.64
351.80,45.60,351.97
347.28,43.67,346.69
346.33,45.73,346.66
346.59,47.55,347.70
340.03,45.50,340.35
347.49,50.43,349.61
344.98,53.63,348.82
347.21,52.31,350.05
342.21,57.61,348.49
340.67,59.59,348.37
333.70,58.85,343.37
337.43,59.28,346.13
335.01,61.68,345.90
331.82,64.31,345.55
338.20,67.11,350.42
323.86,68.97,344.31
326.71,71.33,347.49
316.46,76.18,346.84
317.50,73.37,344.70
314.55,75.94,345.72
312.36,75.29,343.94
308.53,75.33,341.80
310.65,77.95,346.04
299.08,81.40,344.78
297.78,81.48,344.13
285.53,84.38,340.51
275.14,88.15,340.28
284.68,85.21,342.27
281.40,86.91,345.00
283.55,84.98,339.96
285.14,85.38,343.38
283.68,85.45,341.91
279.06,87.31,343.60
276.50,87.72,340.71
282.10,86.19,342.74
278.67,87.33,342.99
273.53,88.87,342.29
274.70,88.27,339.82
276.37,87.91,341.89
273.94,88.66,341.21
275.26,88.16,340.77
273.81,88.52,338.75
265.15,92.02,337.46
267.69,90.87,339.37
273.13,88.85,339.79
271.36,89.53,340.76
270.23,89.92,341.69
269.51,90.16,341.77
273.22,88.94,341.74
271.66,89.41,340.56
265.99,91.48,339.76
268.63,90.49,340.27
269.79,90.08,340.00
266.60,91.22,340.34
268.63,90.51,339.73
267.87,90.75,340.55
270.33,89.88,339.66
269.45,90.21,339.47
268.61,90.48,340.78
267.82,90.73,341.59
269.05,90.34,340.22
269.65,90.12,341.03
268.45,90.56,340.27
267.85,90.79,339.94
269.94,90.02,339.89
265.84,91.44,340.90
270.90,89.68,340.29
270.23,89.92,340.99
271.05,89.64,341.15
269.21,90.27,340.96
267.12,91.02,340.53
270.53,89.81,340.04
268.50,90.54,340.04
269.98,90.01,340.50
268.52,90.53,340.45
268.50,90.53,340.69
267.81,90.83,339.17
269.16,90.30,339.99
270.14,89.95,340.19
267.91,90.76,340.12
270.31,89.89,340.52
269.33,90.23,340.72
269.86,90.05,340.58
268.37,90.60,339.69
271.25,89.55,340.41
267.78,90.80,340.17
270.32,89.89,341.40
269.50,90.18,340.71
266.78,91.13,340.72
272.91,89.03,341.52
272.50,89.08,339.78
272.05,89.26,340.24
269.60,90.15,339.66
269.49,90.19,339.49
267.19,91.04,339.70
272.26,89.27,342.02
272.39,89.13,340.05
272.96,88.85,338.80
269.91,90.04,339.39
269.16,90.33,338.92
271.49,89.39,337.68
270.23,89.91,338.50
273.15,88.66,337.00
272.76,88.91,338.45
273.92,88.37,337.40
281.44,84.92,336.27
278.04,86.91,339.06
287.92,82.23,337.12
291.36,80.55,336.95
289.58,81.30,336.73
293.12,78.85,335.22
292.11,79.41,335.27
295.04,77.37,334.37
299.01,76.38,336.39
303.21,73.39,335.50
305.50,73.30,337.19
306.05,70.25,333.74
313.99,66.61,335.87
315.32,67.71,337.93
314.01,66.89,336.16
320.73,62.63,337.06
322.31,61.93,337.61
328.77,60.68,341.19
325.75,59.88,338.44
328.99,54.03,336.43
330.60,54.61,338.18
332.06,54.39,339.20
333.54,53.04,339.47
335.98,49.88,339.41
338.50,50.77,342.17
343.69,48.77,345.62
336.61,43.89,335.80
340.85,44.80,340.72
340.76,42.29,339.01
345.66,41.78,344.04
345.12,41.99,343.56
345.06,40.05,342.39
347.45,38.45,344.34
344.20,36.08,338.77
347.54,37.99,344.21
347.01,36.76,342.84
346.42,37.66,342.62
347.31,37.24,343.49
347.01,35.36,342.00
347.74,39.09,345.02
345.84,36.47,341.15
346.82,38.39,343.54
346.54,35.81,341.65
347.62,37.26,343.91
348.92,39.38,346.58
348.90,35.23,344.47
350.93,35.18,347.24
347.11,35.49,342.21
348.89,35.49,344.61
345.82,34.38,339.72
350.41,36.53,347.15
349.91,35.57,346.03
346.65,35.00,341.28
349.58,35.97,345.78
351.05,35.36,347.48
351.04,35.15,347.37
347.50,35.24,342.58
347.12,33.01,340.61
347.16,35.29,342.14
345.88,34.74,340.07
347.78,35.38,343.04
352.02,34.67,348.55
346.00,34.25,339.89
346.10,33.97,339.83
346.48,34.35,340.61
347.82,33.72,342.09
348.13,34.33,342.90
348.49,32.71,342.40
346.20,32.62,339.01
345.99,31.84,338.11
347.37,31.21,339.71
347.87,31.45,340.64
350.44,31.07,344.39
348.08,28.09,338.41
350.32,30.22,343.68
350.29,28.81,342.71
350.54,27.06,341.94
350.33,26.36,341.02
350.89,27.50,342.89
353.34,27.50,347.37
351.67,25.07,342.61
350.39,25.75,340.66
349.84,27.06,340.66
350.72,27.15,342.32
348.95,26.61,338.71
349.80,27.31,340.80
349.86,28.29,341.63
349.90,28.64,341.94
350.27,27.66,341.87
349.41,27.02,339.87
348.73,28.58,339.91
347.92,28.49,338.48
349.18,28.20,340.38
350.65,29.02,343.47
351.69,28.44,344.91
349.78,27.42,340.83
350.02,27.70,341.47
350.31,29.53,343.23
353.83,31.00,349.80
349.59,29.46,341.99
348.16,29.12,339.37
349.23,29.98,341.75
352.41,30.41,347.21
349.91,30.16,342.97
347.71,29.97,339.30
348.17,30.98,340.77
350.49,31.68,344.81
349.73,33.23,344.54
347.08,33.41,340.83
348.53,32.81,342.53
348.80,34.31,343.82
347.99,33.48,342.17
349.45,33.66,344.38
351.22,33.69,346.95
349.53,34.33,344.86
349.21,34.34,344.41
351.08,34.22,347.01
349.17,34.62,344.51
350.37,34.39,346.08
350.49,34.58,346.35
351.64,34.76,348.04
348.83,34.58,344.01
349.67,34.88,345.35
350.46,35.22,346.61
348.92,34.80,344.26
350.76,35.34,347.08
349.46,35.20,345.23
349.44,35.44,345.32
349.43,35.18,345.18
350.47,34.83,346.44
349.66,34.87,345.33
349.90,35.17,345.82
349.49,35.70,345.52
350.94,34.69,347.02
349.56,34.58,345.03
349.39,34.98,345.01
349.97,34.79,345.71
350.66,34.94,346.76
349.77,35.18,345.64
349.79,35.43,345.79
350.37,35.20,346.47
350.06,35.35,346.13
349.72,34.73,345.33
349.63,34.74,345.22
349.62,35.12,345.40
350.55,35.24,346.74
349.94,34.92,345.74
350.03,35.18,346.00
350.95,35.12,347.23
351.24,34.03,347.14
349.10,35.55,344.92
350.28,35.47,346.48
350.68,34.89,346.76
349.57,35.44,345.49
350.78,34.94,346.92
350.18,34.56,345.90
349.92,34.84,345.67
349.74,35.81,345.92
351.12,35.46,347.63
350.25,34.88,346.15
350.61,35.10,346.76
349.69,35.21,345.54
349.33,35.88,345.40
350.22,35.47,346.40
350.45,35.73,346.84
350.80,35.36,347.14
350.24,35.08,346.24
351.39,35.90,348.19
350.26,35.62,346.53
349.84,35.42,345.85
349.82,35.85,346.04
350.75,35.71,347.24
349.24,35.62,345.14
350.35,35.81,346.74
350.68,35.88,347.22
349.32,35.41,345.14
350.12,36.47,346.74
350.43,35.52,346.70
349.96,35.60,346.12
350.73,36.02,347.35
350.31,35.16,346.37
350.88,35.84,347.46
350.18,35.84,346.52
350.51,34.68,346.42
350.14,35.18,346.15
350.81,35.95,347.43
350.57,35.45,346.86
351.30,35.69,347.98
350.17,35.50,346.34
349.51,35.68,345.54
350.80,35.29,347.11
350.59,36.11,347.20
350.73,35.90,347.30
350.93,35.85,347.54
351.51,35.89,348.35
349.78,35.50,345.81
349.45,35.62,345.43
351.17,35.50,347.71
351.76,36.62,348.97
350.64,36.18,347.31
350.27,36.05,346.75
351.50,36.04,348.39
351.10,36.10,347.88
350.36,35.63,346.67
349.77,35.35,345.73
351.98,36.61,349.26
349.94,36.93,346.72
349.71,36.58,346.25
352.87,36.65,350.46
349.73,35.97,345.98
349.92,36.46,346.47
351.65,36.62,348.82
350.53,36.14,347.14
349.87,36.84,346.59
350.02,36.96,346.83
349.32,36.80,345.85
350.56,37.30,347.69
351.57,37.60,349.11
350.05,35.68,346.27
350.65,36.62,347.51
350.79,37.36,348.01
350.91,36.66,347.86
350.51,37.37,347.65
350.55,36.35,347.25
350.89,36.52,347.78
350.21,37.28,347.23
352.16,37.16,349.71
350.68,35.87,347.21
351.64,37.89,349.31
351.27,36.49,348.27
350.59,36.33,347.30
350.32,37.03,347.26
351.61,37.67,349.18
351.05,36.01,347.78
350.95,37.42,348.25
350.89,36.93,347.96
349.99,36.00,346.34
350.92,36.99,348.02
352.00,37.69,349.69
351.10,36.49,348.04
351.37,36.54,348.43
351.73,37.53,349.29
349.47,36.56,345.93
351.23,36.34,348.15
351.98,37.06,349.44
351.40,37.03,348.66
351.86,36.37,349.01
351.33,36.23,348.24
351.54,37.45,349.01
350.06,36.67,346.75
350.84,36.15,347.56
352.49,36.83,350.02
351.65,36.50,348.78
351.50,36.09,348.42
350.42,36.02,346.92
351.94,35.91,348.93
351.52,36.51,348.61
350.98,36.49,347.89
350.55,35.23,346.74
352.19,36.40,349.46
350.79,36.01,347.42
351.91,36.61,349.17
351.54,35.49,348.21
351.95,35.94,348.96
351.19,36.19,348.04
351.36,36.41,348.36
351.87,35.39,348.63
352.35,35.87,349.48
350.86,36.02,347.52
351.92,36.93,349.30
351.71,35.29,348.37
350.78,36.83,347.78
350.60,36.09,347.21
351.96,35.56,348.82
351.52,35.91,348.36
351.23,35.97,348.00
350.80,35.78,347.33
351.56,35.83,348.39
351.22,36.13,348.05
351.63,36.23,348.65
351.97,36.52,349.22
351.53,36.08,348.46
351.90,36.21,349.00
350.88,35.45,347.29
351.51,35.63,348.23
351.66,36.16,348.66
351.98,36.49,349.22
350.89,36.31,347.68
351.42,36.72,348.57
351.30,36.04,348.12
352.21,35.04,348.96
352.30,36.93,349.80
351.67,35.43,348.38
352.20,36.08,349.35
352.38,35.78,349.49
351.94,35.17,348.63
351.48,35.65,348.20
351.48,35.42,348.11
352.35,34.94,349.12
352.48,35.52,349.53
351.28,36.38,348.24
351.42,35.99,348.27
351.76,35.70,348.60
352.44,36.05,349.67
352.15,37.32,349.75
350.53,35.32,346.75
353.35,35.78,350.81
352.61,36.06,349.89
350.62,35.87,347.14
351.31,35.87,348.06
351.59,36.19,348.58
351.29,35.31,347.80
351.73,36.02,348.70
350.93,37.12,348.09
350.99,37.15,348.19
352.00,36.44,349.23
351.70,36.58,348.88
351.55,36.59,348.68
351.71,35.41,348.43
352.42,36.38,349.77
351.52,36.98,348.79
350.87,36.01,347.53
350.68,36.26,347.39
351.62,36.68,348.81
351.38,35.56,348.03
350.85,35.88,347.44
352.30,35.47,349.26
351.38,36.77,348.53
351.12,36.15,347.94
352.94,36.49,350.50
350.91,35.66,347.43
350.98,36.12,347.72
352.33,36.66,349.74
352.11,35.67,349.08
351.13,35.70,347.75
351.25,36.13,348.09
350.97,35.92,347.62
351.96,35.80,348.92
351.33,35.99,348.14
351.37,36.85,348.56
352.11,36.28,349.31
351.32,35.96,348.12
351.08,36.86,348.17
351.91,35.86,348.87
351.19,36.49,348.16
350.96,37.19,348.16
352.04,35.87,349.06
352.23,35.80,349.29
351.14,36.49,348.10
351.47,36.87,348.69
352.33,36.46,349.68
351.73,35.94,348.66
351.49,37.74,349.05
351.13,36.91,348.26
352.02,37.16,349.53
351.82,35.88,348.76
352.12,36.11,349.26
351.63,36.52,348.75
351.71,36.85,349.00
352.48,36.75,349.98
351.43,36.12,348.33
351.93,36.95,349.32
351.74,36.99,349.10
352.11,36.37,349.35
351.27,36.22,348.15
351.31,37.32,348.67
351.91,37.01,349.32
352.35,36.60,349.75
352.24,36.29,349.48
351.98,37.03,349.42
351.21,36.52,348.20
351.21,36.78,348.31
352.29,36.65,349.69
352.73,36.92,350.37
351.75,37.06,349.13
351.83,37.37,349.35
351.54,36.57,348.66
351.88,37.60,349.51
351.24,37.16,348.51
351.85,36.80,349.16
351.99,36.76,349.32
351.10,37.63,348.52
351.35,37.00,348.59
351.98,37.22,349.49
352.72,37.36,350.51
351.78,36.45,348.93
352.29,37.35,349.95
352.28,37.51,349.99
352.03,37.03,349.49
352.01,36.89,349.41
352.26,37.33,349.89
351.60,37.32,349.04
351.99,37.49,349.60
351.91,37.27,349.43
351.69,37.80,349.34
351.31,36.50,348.33
352.66,37.41,350.44
351.44,36.82,348.63
351.69,37.13,349.08
352.10,37.63,349.79
351.52,37.46,348.98
350.80,37.90,348.25
351.84,37.22,349.31
352.07,37.64,349.76
352.31,37.61,350.06
351.93,36.29,349.07
351.50,37.39,348.94
352.01,36.82,349.38
352.23,37.26,349.83
351.82,37.49,349.39
351.70,36.82,348.97
351.12,37.56,348.52
351.98,38.30,349.89
352.18,36.97,349.67
352.36,37.41,350.06
352.13,37.55,349.80
351.66,37.60,349.22
352.23,37.19,349.80
351.10,37.64,348.52
351.67,38.06,349.41
352.36,37.33,350.03
352.32,37.64,350.08
351.03,37.42,348.35
352.85,36.82,350.49
352.47,37.55,350.25
351.50,37.96,349.15
353.01,37.50,350.92
351.62,37.30,349.05
351.59,37.61,349.13
352.54,37.69,350.38
353.15,37.36,351.06
351.99,37.61,349.65
351.64,37.78,349.27
352.70,37.87,350.65
352.10,38.16,349.99
351.82,38.37,349.71
352.57,37.31,350.29
352.91,37.80,350.89
351.87,37.90,349.60
353.37,37.30,351.33
352.57,37.43,350.33
351.90,38.26,349.77
353.05,36.98,350.80
352.57,37.38,350.31
352.14,37.95,349.97
352.28,37.34,349.92
352.55,37.05,350.17
352.88,37.43,350.74
351.44,38.03,349.10
352.04,37.35,349.62
352.28,37.13,349.85
354.06,37.99,352.41
351.51,38.07,349.20
351.96,37.37,349.52
353.05,37.33,350.92
352.04,36.53,349.31
352.67,37.29,350.42
352.23,38.07,350.11
352.45,37.12,350.07
352.34,37.22,349.96
352.19,37.64,349.91
351.87,38.08,349.67
352.63,37.54,350.45
352.95,37.97,351.00
351.25,37.29,348.57
353.00,37.38,350.87
352.22,37.84,350.03
351.93,38.07,349.74
352.13,37.20,349.68
351.94,37.43,349.52
352.70,38.47,350.84
351.59,37.89,349.25
352.19,37.34,349.80
352.36,37.97,350.25
352.36,37.79,350.19
351.89,37.24,349.38
352.22,37.36,349.86
352.69,37.79,350.61
352.11,38.18,350.00
351.70,37.58,349.26
351.79,38.04,349.55
352.54,38.84,350.76
351.91,37.86,349.63
353.63,39.06,352.16
350.26,37.89,347.56
349.85,36.23,346.27
352.36,36.66,349.78
351.89,38.42,349.81
349.23,37.50,346.08
351.22,37.74,348.72
352.51,38.42,350.59
351.15,37.77,348.64
352.38,37.70,350.18
352.61,37.33,350.35
350.25,37.96,347.58
351.94,37.56,349.57
352.32,37.90,350.17
351.80,37.06,349.20
351.43,37.26,348.79
351.27,37.50,348.69
352.63,36.86,350.22
351.90,37.55,349.52
351.41,37.52,348.87
351.95,36.91,349.33
352.30,37.60,350.04
351.83,36.85,349.16
351.42,36.86,348.62
352.20,37.00,349.69
350.96,37.60,348.33
350.75,36.79,347.72
353.01,36.51,350.60
351.82,37.53,349.40
351.19,38.09,348.81
352.65,36.76,350.20
351.95,37.28,349.48
351.57,37.46,349.06
351.79,37.94,349.51
351.57,36.89,348.83
350.73,37.05,347.80
352.20,37.90,350.02
351.37,37.35,348.76
350.97,36.64,347.94
350.78,36.48,347.62
350.66,36.52,347.48
352.36,36.97,349.89
352.15,37.30,349.75
351.35,36.87,348.54
351.53,37.29,348.94
350.86,37.11,347.99
352.62,36.78,350.17
350.72,36.90,347.72
351.57,37.27,348.98
352.26,36.83,349.72
350.67,36.80,347.61
351.27,36.96,348.47
351.17,36.16,348.00
351.18,37.14,348.42
351.73,36.47,348.87
350.95,36.85,348.01
351.45,37.09,348.75
351.25,37.58,348.69
351.46,35.89,348.28
351.58,36.47,348.67
352.34,37.12,349.93
350.31,36.07,346.80
351.09,37.14,348.31
350.92,36.38,347.76
351.09,36.30,347.95
351.06,36.70,348.09
350.94,36.30,347.75
350.71,37.51,347.97
351.91,36.27,349.04
350.50,35.96,347.01
350.42,36.67,347.23
351.87,36.67,349.14
351.32,36.66,348.41
350.61,36.56,347.43
351.39,37.18,348.71
351.31,36.12,348.17
350.91,36.88,347.96
351.14,37.02,348.32
350.55,36.72,347.43
351.19,36.46,348.15
350.85,36.35,347.65
351.34,36.83,348.50
351.78,35.53,348.57
349.94,36.48,346.50
351.47,36.82,348.67
351.68,36.17,348.69
351.00,36.87,348.07
351.34,35.10,347.77
351.34,36.54,348.38
350.71,36.91,347.71
351.32,36.78,348.46
351.23,36.40,348.19
350.89,36.75,347.88
351.11,36.28,347.97
351.27,35.66,347.91
351.30,36.04,348.13
351.13,36.71,348.18
350.90,36.51,347.79
351.48,36.40,348.51
351.85,35.86,348.79
351.44,35.94,348.27
351.73,36.21,348.77
351.10,36.05,347.86
351.99,36.73,349.32
350.88,36.28,347.66
351.82,35.90,348.77
351.18,36.87,348.31
351.19,36.68,348.24
351.84,35.95,348.82
352.18,36.66,349.54
351.54,36.44,348.61
352.23,35.66,349.23
352.18,36.19,349.36
351.38,37.15,348.69
351.91,36.56,349.15
351.35,35.97,348.16
351.24,36.35,348.17
352.01,35.90,349.02
352.33,36.28,349.60
351.08,36.49,348.02
351.04,36.56,348.00
352.16,36.38,349.41
352.08,36.33,349.28
351.78,35.99,348.75
352.37,36.83,349.86
352.78,36.70,350.36
352.01,36.00,349.06
352.49,35.99,349.71
351.72,35.67,348.54
352.45,35.98,349.66
351.88,36.37,349.04
351.65,36.05,348.60
352.15,36.07,349.28
352.22,36.28,349.45
351.63,36.32,348.69
352.40,36.09,349.63
352.27,36.51,349.61
352.16,35.89,349.23
352.25,35.73,349.28
352.20,36.71,349.58
351.79,36.37,348.92
351.87,35.38,348.63
352.17,36.00,349.28
352.48,36.31,349.82
352.53,36.14,349.82
352.82,35.88,350.12
351.89,36.40,349.06
351.79,35.69,348.65
351.97,35.84,348.95
352.12,36.56,349.43
351.78,36.03,348.77
352.11,35.27,348.92
351.68,36.35,348.76
352.45,35.98,349.66
352.37,36.77,349.84
352.22,35.72,349.24
353.12,35.98,350.56
352.61,36.60,350.10
352.41,36.47,349.78
352.75,36.20,350.13
352.65,36.16,349.99
353.24,35.46,350.55
351.89,36.09,348.95
352.60,36.29,349.97
352.82,36.52,350.35
352.39,36.29,349.69
352.62,36.64,350.11
352.76,36.12,350.13
351.71,36.08,348.70
352.78,36.65,350.34
352.79,36.70,350.37
352.61,36.79,350.16
352.95,36.68,350.58
352.68,36.65,350.20
352.19,36.53,349.51
352.41,36.37,349.75
353.03,36.64,350.67
352.60,36.48,350.04
352.31,36.54,349.67
352.49,36.40,349.86
352.32,36.46,349.66
352.96,36.31,350.47
351.91,36.73,349.22
352.58,36.83,350.13
352.77,36.13,350.14
352.68,35.83,349.91
352.05,36.54,349.33
353.20,36.35,350.79
352.56,36.46,349.98
351.78,36.42,348.92
353.05,36.59,350.68
352.90,36.56,350.47
351.74,35.72,348.58
352.63,36.32,350.02
352.15,36.23,349.35
352.50,36.60,349.94
352.12,36.16,349.27
352.35,36.40,349.67
352.68,36.35,350.10
352.30,35.55,349.28
352.76,35.52,349.91
352.15,36.28,349.36
352.46,36.50,349.86
351.77,36.57,348.97
351.87,37.15,349.32
353.18,36.24,350.73
352.40,35.82,349.53
351.73,36.33,348.82
352.50,36.32,349.85
352.42,35.83,349.55
352.00,36.25,349.15
352.86,36.22,350.30
352.48,35.61,349.55
352.28,36.49,349.62
351.90,36.05,348.93
352.52,35.85,349.70
352.54,35.65,349.66
353.30,35.96,350.79
352.41,36.01,349.61
351.79,35.72,348.66
352.98,36.06,350.40
352.77,35.16,349.79
352.74,35.32,349.81
352.44,36.16,349.70
352.70,35.56,349.85
352.41,36.21,349.68
352.64,36.04,349.93
351.95,35.02,348.59
352.19,35.65,349.18
352.74,35.92,350.03
352.80,35.66,350.01
352.60,35.89,349.83
352.74,35.65,349.93
352.47,35.49,349.49
352.10,35.56,349.02
353.08,36.07,350.55
352.60,34.91,349.46
353.19,36.12,350.71
353.14,35.23,350.33
352.12,34.76,348.72
352.74,36.33,350.17
352.28,35.37,349.19
352.67,35.47,349.76
352.44,35.15,349.33
352.76,35.63,349.95
352.78,35.23,349.82
352.96,35.63,350.23
352.90,35.93,350.25
351.86,35.74,348.75
352.57,35.68,349.71
352.83,35.10,349.85
352.62,35.19,349.59
352.37,35.60,349.40
352.87,36.25,350.31
351.86,34.70,348.33
352.91,35.69,350.18
352.01,35.16,348.73
352.77,34.81,349.66
353.02,34.55,349.92
352.52,35.45,349.55
352.90,35.40,350.06
352.54,35.20,349.48
352.41,34.77,349.14
353.06,34.83,350.07
351.63,35.34,348.27
352.94,35.67,350.21
352.08,34.49,348.56
351.57,35.84,348.41
352.19,35.89,349.27
352.34,36.04,349.53
352.27,34.56,348.85
351.93,35.25,348.65
352.71,35.84,349.95
351.85,35.73,348.74
351.59,35.42,348.25
352.21,35.93,349.30
352.71,35.79,349.94
352.77,35.49,349.91
352.32,36.16,349.55
351.69,35.73,348.53
351.82,35.57,348.64
352.19,35.38,349.07
352.20,35.58,349.16
352.10,35.01,348.80
353.47,36.06,351.06
352.10,35.27,348.91
352.06,35.71,349.02
352.62,35.02,349.52
352.24,35.39,349.14
352.19,35.81,349.24
352.21,36.23,349.42
352.43,34.71,349.14
351.43,36.33,348.42
352.83,35.81,350.11
351.87,35.36,348.61
352.04,36.01,349.11
352.32,35.80,349.41
351.79,35.54,348.58
352.42,35.58,349.46
352.57,36.45,349.99
352.38,35.80,349.49
351.78,35.54,348.56
352.82,35.62,350.03
352.16,35.80,349.19
352.25,35.46,349.18
352.22,36.65,349.59
351.81,35.62,348.64
352.25,36.06,349.41
352.32,36.33,349.61
352.37,36.56,349.77
352.21,35.93,349.31
351.51,35.79,348.31
352.62,37.20,350.32
352.39,36.62,349.82
352.51,36.39,349.88
352.34,35.96,349.50
352.80,36.35,350.26
352.69,35.49,349.80
351.05,36.43,347.95
352.24,36.61,349.61
352.86,36.34,350.33
352.26,36.13,349.46
352.18,36.43,349.46
352.14,35.77,349.15
351.58,36.91,348.86
352.12,36.82,349.53
352.59,36.53,350.05
352.62,36.07,349.92
352.26,35.87,349.35
352.31,37.21,349.92
351.46,35.87,348.27
353.06,36.60,350.69
353.18,36.96,350.96
352.63,36.87,350.22
352.29,36.39,349.59
351.69,35.97,348.63
351.96,36.93,349.36
352.70,36.54,350.20
351.62,36.37,348.68
351.78,36.26,348.86
352.83,35.85,350.12
351.98,36.52,349.23
352.83,37.03,350.53
352.51,35.99,349.74
352.05,36.98,349.49
351.47,36.84,348.68
352.42,36.44,349.79
352.38,36.01,349.58
353.11,36.41,350.70
351.81,36.55,349.01
352.93,36.18,350.38
352.44,36.42,349.80
351.73,35.94,348.67
352.88,35.93,350.21
352.44,37.06,350.04
352.13,36.72,349.50
352.10,35.70,349.07
352.35,36.66,349.78
352.26,36.64,349.64
352.51,36.27,349.85
352.53,36.37,349.90
352.96,36.54,350.54
352.58,35.81,349.77
351.69,36.41,348.80
352.00,36.75,349.34
352.84,36.59,350.39
352.48,36.64,349.94
353.27,36.37,350.90
352.41,36.45,349.77
351.54,36.37,348.58
352.82,36.62,350.38
352.81,37.19,350.56
352.22,36.30,349.47
352.44,36.17,349.72
352.65,36.14,349.98
352.92,37.10,350.68
352.41,35.89,349.56
352.38,36.58,349.79
352.38,36.47,349.74
352.93,36.45,350.46
352.79,35.78,350.04
351.97,37.00,349.40
352.48,36.25,349.79
352.83,36.86,350.48
351.96,36.77,349.30
352.09,36.03,349.18
352.87,35.93,350.20
352.54,36.68,350.03
352.50,36.08,349.76
353.43,36.66,351.21
352.59,36.75,350.12
352.47,36.68,349.93
352.46,36.35,349.81
352.58,36.33,349.96
352.43,36.27,349.74
352.33,36.49,349.68
352.60,36.73,350.12
352.64,36.37,350.05
352.25,36.96,349.75
352.91,35.95,350.27
352.80,36.75,350.40
352.28,36.36,349.57
352.35,36.45,349.69
352.54,36.53,349.98
352.65,36.29,350.03
352.55,36.15,349.85
352.58,36.43,350.00
352.65,35.63,349.79
352.30,35.80,349.38
352.88,36.39,350.38
352.51,36.04,349.75
353.23,36.54,350.89
352.01,36.30,349.18
352.69,36.34,350.11
352.83,35.33,349.93
351.99,36.35,349.18
353.02,35.99,350.43
353.12,35.86,350.52
352.20,36.16,349.39
352.08,35.85,349.10
353.01,35.91,350.40
351.67,36.09,348.65
353.00,35.87,350.36
352.07,36.34,349.28
351.77,35.33,348.46
352.13,35.64,349.09
351.82,36.04,348.82
351.48,36.62,348.60
351.94,36.04,348.99
352.32,35.42,349.26
352.01,35.29,348.79
352.09,35.72,349.07
352.86,36.12,350.26
351.76,35.38,348.48
351.91,35.57,348.75
353.09,36.96,350.85
352.14,35.55,349.07
352.81,35.13,349.83
352.57,36.18,349.89
351.41,34.58,347.64
352.81,36.45,350.30
351.99,36.05,349.06
352.49,36.00,349.71
351.77,35.94,348.72
351.43,35.55,348.09
352.53,35.94,349.74
352.93,35.62,350.18
351.85,34.81,348.36
351.50,36.07,348.40
351.36,36.62,348.44
352.72,35.87,349.99
352.36,36.14,349.59
351.23,35.51,347.80
353.00,35.39,350.20
352.81,36.20,350.22
352.17,35.76,349.19
352.03,36.23,349.18
352.24,35.13,349.04
351.76,35.36,348.46
352.54,36.15,349.83
351.88,34.89,348.44
352.65,35.90,349.89
352.57,34.79,349.37
352.06,35.28,348.85
351.66,35.47,348.37
353.03,36.20,350.52
351.16,36.13,347.97
351.83,35.77,348.73
352.24,35.54,349.20
352.34,36.20,349.59
352.15,35.41,349.02
351.36,36.47,348.38
352.42,36.22,349.71
351.12,35.89,347.82
351.90,35.41,348.68
352.26,35.59,349.24
351.09,35.17,347.45
351.76,36.22,348.82
351.72,35.41,348.43
352.23,34.89,348.93
352.16,35.84,349.20
351.27,35.56,347.87
351.52,35.38,348.14
351.74,36.82,349.02
351.42,35.94,348.24
352.45,36.03,349.67
351.77,35.81,348.67
351.60,36.01,348.51
352.65,35.48,349.75
351.24,36.00,348.03
351.76,36.12,348.77
352.53,35.80,349.69
352.09,35.21,348.86
351.76,35.98,348.72
351.78,36.44,348.93
351.27,36.05,348.09
352.16,35.88,349.22
351.61,35.72,348.41
351.55,35.84,348.38
351.88,35.16,348.54
351.63,36.07,348.57
352.11,36.45,349.38
352.44,35.79,349.57
352.62,36.20,349.96
351.76,36.55,348.95
351.94,36.02,348.98
352.39,35.51,349.39
352.02,35.93,349.05
352.71,36.42,350.16
351.68,36.34,348.75
351.48,36.55,348.58
352.52,35.70,349.65
352.23,35.35,349.11
351.91,36.15,348.99
351.95,35.67,348.85
352.51,35.87,349.70
352.37,36.35,349.68
352.16,35.64,349.13
352.11,35.83,349.13
352.44,35.79,349.57
351.59,35.95,348.47
351.95,36.24,349.08
352.50,36.06,349.76
351.75,35.53,348.51
352.02,35.85,349.02
352.62,36.29,350.00
352.19,35.96,349.30
352.24,35.93,349.35
352.59,35.52,349.67
351.44,36.10,348.33
352.66,36.26,350.03
351.55,35.88,348.39
351.94,36.61,349.22
351.89,36.16,348.97
352.07,36.21,349.23
352.16,35.73,349.17
351.92,36.28,349.05
352.12,36.21,349.30
351.71,36.75,348.96
351.45,36.20,348.39
351.84,35.99,348.83
352.24,36.67,349.63
352.59,36.29,349.96
351.86,36.27,348.97
351.70,36.77,348.96
351.93,36.51,349.15
351.89,36.39,349.06
352.72,36.41,350.17
352.88,36.77,350.51
351.93,36.15,349.02
351.89,36.67,349.16
353.00,36.88,350.71
352.94,36.51,350.50
351.89,36.31,349.03
352.63,36.69,350.15
352.50,36.37,349.86
352.19,36.01,349.32
352.74,37.68,350.64
352.13,36.28,349.33
352.80,36.57,350.34
351.99,37.31,349.54
352.61,36.71,350.13
352.29,35.73,349.33
351.94,37.35,349.49
352.20,35.51,349.13
351.95,36.00,348.98
352.38,36.69,349.82
351.62,37.26,349.04
352.83,36.05,350.20
352.05,36.37,349.27
352.08,36.57,349.38
351.75,36.09,348.74
351.45,36.37,348.46
352.70,36.57,350.21
351.64,36.30,348.69
352.51,36.11,349.78
352.12,36.54,349.42
352.88,36.75,350.50
351.60,36.55,348.74
351.33,36.68,348.44
351.78,37.33,349.27
352.01,37.41,349.60
351.60,36.87,348.86
350.82,36.81,347.82
348.08,35.60,343.57
348.70,37.04,345.18
349.25,37.31,346.01
347.70,37.37,344.07
346.07,38.13,342.46
350.22,41.11,348.82
346.25,39.53,343.49
346.50,41.07,344.60
342.45,40.39,339.60
339.90,44.89,339.83
344.34,47.55,345.62
344.11,46.10,344.68
335.00,49.17,338.06
336.47,50.99,340.57
333.28,54.29,340.10
341.12,53.05,345.57
331.69,56.04,340.06
335.14,57.68,343.66
334.07,58.47,343.39
327.29,61.46,340.74
330.28,58.55,340.75
323.22,67.50,342.80
326.59,69.58,346.21
320.67,65.18,339.25
317.78,66.36,338.34
304.12,75.04,338.48
320.57,72.40,345.38
309.93,77.35,344.99
303.13,74.76,337.33
308.53,72.00,337.81
305.83,74.19,338.58
306.49,75.65,340.93
310.14,76.34,343.92
291.06,81.83,339.54
293.59,79.58,337.16
296.86,78.87,338.78
292.95,79.67,336.71
289.12,82.39,338.92
295.27,80.98,341.41
294.71,80.02,339.08
295.72,79.56,339.06
278.05,86.45,336.31
289.78,81.64,337.79
286.68,82.80,337.13
291.49,81.54,339.31
286.07,83.55,338.56
288.69,82.37,338.39
288.51,82.78,339.29
289.75,82.76,340.52
289.82,84.43,344.85
287.73,82.55,337.74
279.69,86.20,338.72
287.59,82.83,338.34
285.85,83.74,338.86
283.88,84.43,338.48
284.40,84.64,339.93
285.46,84.16,339.70
280.41,85.80,338.20