[1,1,1,1,1,16.52,59.73,9.82,198.40,242.54,189.81],
[1,1,1,1,1,17.14,61.38,9.55,198.01,241.75,189.91],
[1,1,1,1,1,17.02,62.33,9.12,198.82,243.35,189.71],
[1,1,1,1,1,19.51,59.98,11.57,201.78,241.63,192.18],
[1,1,1,1,1,15.32,61.53,8.45,199.80,241.28,191.16],
[1,1,1,1,1,17.97,61.87,9.84,199.03,241.83,190.46],
[1,1,1,1,1,15.35,61.36,8.53,202.73,241.53,192.80],
[1,1,1,1,1,16.06,60.78,9.15,200.82,241.56,191.64],
[1,1,1,1,1,17.47,62.48,9.31,198.04,242.03,189.81],
[1,1,1,1,1,19.09,62.02,10.42,197.65,243.46,189.03],
[1,1,1,1,1,16.00,62.04,8.65,201.29,240.84,192.26],
[1,1,1,1,1,16.39,61.34,9.13,201.74,241.65,192.14],
[1,1,1,1,1,15.88,63.01,8.24,199.30,240.90,191.03],
[1,1,1,1,1,17.64,62.94,9.23,201.62,242.31,191.75],
[1,1,1,1,1,17.15,62.25,9.22,200.35,242.26,191.03],
[1,1,1,1,1,14.18,62.18,7.60,201.53,241.76,191.96],
[1,1,1,1,1,15.68,62.57,8.29,201.55,241.91,191.90],
[1,1,1,1,1,15.26,61.88,8.29,200.72,241.56,191.57],
[1,1,1,1,1,15.55,62.04,8.40,200.14,241.60,191.21],
[1,1,1,1,1,16.79,63.56,8.53,198.58,240.74,190.67],
[1,1,1,1,1,15.33,62.88,7.99,201.58,241.12,192.31],
[1,1,1,1,1,16.17,61.11,9.09,201.33,241.80,191.83],
[1,1,1,1,1,16.79,63.42,8.59,200.62,241.70,191.46],
[1,1,1,1,1,18.86,62.31,10.16,200.30,241.45,191.38],
[1,1,1,1,1,16.66,63.26,8.58,200.72,242.72,191.04],
[1,1,1,1,1,13.92,62.47,7.36,201.58,241.92,191.92],
[1,1,1,1,1,16.47,63.89,8.24,201.85,242.96,191.57],
[1,1,1,1,1,14.40,62.44,7.63,202.42,242.49,192.13],
[1,1,1,1,1,13.19,62.83,6.86,202.79,242.08,192.55],
[1,1,1,1,1,15.71,64.44,7.66,203.56,241.58,193.28],
[1,1,1,1,1,19.54,62.94,10.28,202.55,242.72,192.08],
[1,1,1,1,1,12.84,62.05,6.90,202.80,241.94,192.63],
[1,1,1,1,1,11.11,62.12,5.93,200.65,240.93,191.83],
[1,1,1,1,1,14.56,63.70,7.32,200.92,241.43,191.76],
[1,1,1,1,1,16.78,61.25,9.40,202.77,242.15,192.50],
[1,1,1,1,1,17.82,62.02,9.69,203.53,242.99,192.51],
[1,1,1,1,1,15.03,64.57,7.27,203.51,242.27,192.88],
[1,1,1,1,1,15.67,63.68,7.90,201.65,241.71,192.06],
[1,1,1,1,1,16.48,64.56,8.01,202.74,241.95,192.59],
[1,1,1,1,1,16.65,63.65,8.43,203.36,241.83,193.02],
[1,1,1,1,1,13.95,63.23,7.14,203.46,242.61,192.67],
[1,1,1,1,1,15.27,64.02,7.58,202.22,242.42,192.04],
[1,1,1,1,1,16.63,62.81,8.73,203.42,241.55,193.21],
[1,1,1,1,1,14.33,62.63,7.54,202.16,241.78,192.33],
[1,1,1,1,1,16.11,63.01,8.37,202.07,242.31,192.01],
[1,1,1,1,1,16.18,63.59,8.20,202.99,242.28,192.57],
[1,1,1,1,1,54.54,67.27,30.47,216.30,244.12,199.61],
[1,1,1,1,1,55.84,67.34,31.59,217.44,244.11,200.39],
[1,1,1,1,1,58.87,68.75,32.78,216.84,243.43,200.54],
[1,1,1,1,1,56.22,67.06,32.33,216.88,244.56,199.65],
[1,1,1,1,1,57.73,67.46,33.32,216.57,244.68,199.34],
[1,1,1,1,1,55.94,66.92,32.22,215.86,243.83,199.55],
[1,1,1,1,1,54.44,66.37,31.47,218.36,244.41,200.76],
[1,1,1,1,1,56.87,68.05,31.69,217.83,244.00,200.74],
[1,1,1,1,1,53.24,66.31,30.43,217.76,243.94,200.74],
[1,1,1,1,1,51.34,65.12,30.11,217.98,244.19,200.69],
[1,1,1,1,1,54.73,66.78,31.24,219.17,243.86,201.79],
[1,1,1,1,1,55.16,66.07,32.52,217.75,243.80,200.86],
[1,1,1,1,1,58.80,65.88,36.47,216.63,244.21,199.76],
[1,1,1,1,1,56.56,64.80,35.48,214.56,243.81,198.71],
[1,1,1,1,1,56.16,61.72,38.75,213.40,244.93,197.14],
[1,1,1,1,1,55.97,58.71,42.00,214.23,246.10,196.78],
[1,1,1,1,1,59.28,60.04,44.12,215.64,246.47,197.34],
[1,1,1,1,1,59.51,63.96,39.69,214.72,246.35,196.88],
[1,1,1,1,1,56.95,61.69,39.62,216.57,247.76,196.88],
[1,1,1,1,1,51.48,60.67,35.21,216.46,247.33,197.16],
[1,1,1,1,1,52.53,62.50,34.18,217.02,247.40,197.43],
[1,1,1,1,1,54.30,62.12,36.36,215.94,246.68,197.35],
[1,1,1,1,1,50.39,61.12,33.69,217.31,247.07,197.87],
[1,1,1,1,1,49.44,60.40,33.57,215.36,245.82,197.67],
[1,1,1,1,1,49.19,59.91,33.86,215.96,245.96,197.94],
[1,1,1,1,1,52.72,61.38,35.63,216.09,246.10,197.90],
[1,1,1,1,1,51.72,60.65,35.48,215.02,245.96,197.36],
[1,1,1,1,1,51.39,59.98,35.90,215.27,245.98,197.50],
[1,1,1,1,1,51.74,60.05,36.15,214.59,246.32,196.83],
[1,1,1,1,1,49.17,59.23,34.57,214.26,245.83,197.00],
[1,1,1,1,1,48.67,59.38,33.94,214.43,244.49,198.12],
[1,1,1,1,1,50.37,59.77,35.13,215.20,245.85,197.55],
[1,1,1,1,1,49.07,58.80,34.93,215.10,245.21,197.98],
[1,1,1,1,1,47.81,59.25,33.27,215.72,245.39,198.23],
[1,1,1,1,1,48.79,59.62,33.80,215.82,245.51,198.20],
[1,1,1,1,1,48.02,60.24,32.44,216.06,244.86,198.87],
[1,1,1,1,1,50.49,61.72,33.13,217.68,245.78,199.16],
[1,1,1,1,1,48.66,61.49,31.70,216.12,244.86,198.91],
[1,1,1,1,1,46.47,59.04,32.27,213.00,243.93,197.62],
[1,1,1,1,1,46.56,59.72,31.66,214.83,243.65,199.02],
[1,1,1,1,1,45.16,58.89,31.25,214.68,243.60,198.96],
[1,1,1,1,1,44.55,58.24,31.36,214.21,244.14,198.24],
[1,1,1,1,1,46.60,59.03,32.40,213.36,243.49,198.18],
[1,1,1,1,1,46.91,60.06,31.63,213.96,243.69,198.42],
[1,1,1,1,1,46.47,59.83,31.46,215.11,243.80,199.08],
[1,1,1,1,1,44.44,58.59,30.92,215.85,244.46,199.05],
[1,1,1,1,1,44.59,59.28,30.36,214.82,244.12,198.64],
[1,1,1,1,1,32.16,51.57,26.52,212.08,241.15,199.05],
[1,1,1,1,1,32.49,51.76,26.65,211.49,241.67,198.28],
[1,1,1,1,1,32.81,51.76,26.93,213.24,241.89,199.29],
[1,1,1,1,1,34.45,51.44,28.68,212.96,241.87,199.12],
[1,1,1,1,1,35.45,52.53,28.62,212.88,241.53,199.32],
[1,1,1,1,1,32.51,52.16,26.34,212.76,242.75,198.34],
[1,1,1,1,1,36.57,51.37,30.66,212.34,241.72,198.81],
[1,1,1,1,1,33.74,54.69,25.32,212.57,242.16,198.65],
[1,1,1,1,1,28.01,46.09,27.12,214.02,242.53,199.34],
[1,1,1,1,1,45.10,73.38,16.67,215.21,244.55,198.56],
[1,1,1,1,1,22.33,40.80,25.45,209.28,240.39,197.67],
[1,1,1,1,1,18.31,42.66,19.75,195.05,238.80,189.25],
[1,1,1,1,1,37.92,27.29,56.49,187.12,239.40,184.23],
[1,1,1,1,1,47.79,23.88,68.12,189.93,237.77,186.30],
[1,1,1,1,1,12.65,36.38,16.94,186.16,242.78,183.18],
[1,1,1,1,1,18.08,45.56,17.75,187.10,239.57,184.18],
[1,1,1,1,1,28.36,36.39,36.22,187.65,238.35,184.73],
[1,1,1,1,1,22.23,35.54,29.78,190.23,239.03,186.18],
[1,1,1,1,1,17.03,40.40,19.79,190.09,240.65,185.72],
[1,1,1,1,1,23.91,35.77,31.61,187.80,240.27,184.47],
[1,1,1,1,1,28.62,38.62,34.33,192.53,240.77,187.09],
[1,1,1,1,1,19.22,38.27,23.85,193.53,240.99,187.60],
[1,1,1,1,1,27.34,40.87,30.86,190.60,240.75,185.98],
[1,1,1,1,1,27.67,38.85,33.06,190.78,241.78,185.83],
[1,1,1,1,1,23.97,40.05,27.87,190.86,241.64,185.91],
[1,1,1,1,1,28.25,40.76,31.93,193.61,241.48,187.50],
[1,1,1,1,1,26.47,39.90,30.77,191.60,241.15,186.45],
[1,1,1,1,1,23.52,40.05,27.37,192.54,240.67,187.12],
[1,1,1,1,1,23.29,39.59,27.49,194.74,241.10,188.27],
[1,1,1,1,1,25.96,40.92,29.33,195.04,241.46,188.31],
[1,1,1,1,1,24.83,41.39,27.70,194.71,241.61,188.08],
[1,1,1,1,1,24.28,41.60,26.93,196.29,241.56,188.99],
[1,1,1,1,1,25.87,40.87,29.26,194.76,242.02,187.97],
[1,1,1,1,1,26.11,40.81,29.58,196.18,242.65,188.54],
[1,1,1,1,1,25.25,42.54,27.20,196.29,242.17,188.77],
[1,1,1,1,1,27.84,41.95,30.45,195.89,241.72,188.71],
[1,1,1,1,1,25.55,41.40,28.46,195.84,241.81,188.65],
[1,1,1,1,1,25.26,41.16,28.35,193.50,242.04,187.26],
[1,1,1,1,1,25.62,41.36,28.58,195.88,241.42,188.81],
[1,1,1,1,1,27.00,41.05,30.33,194.77,241.60,188.12],
[1,1,1,1,1,26.48,41.60,29.29,194.76,242.89,187.68],
[1,1,1,1,1,29.45,41.97,32.12,198.08,242.41,189.68],
[1,1,1,1,1,37.12,44.08,38.01,195.93,243.16,188.22],
[1,1,1,1,1,35.78,45.25,35.54,196.75,243.70,188.46],
[1,1,1,1,1,32.41,43.45,33.82,197.62,243.38,189.04],
[1,1,1,1,1,30.50,42.49,32.75,195.68,243.48,187.97],
[1,1,1,1,1,30.04,42.46,32.29,197.86,243.32,189.20],
[1,1,1,1,1,4.61,49.22,3.98,188.44,239.35,185.02],
[1,1,1,1,1,11.77,49.19,10.19,190.16,240.81,185.72],
[1,1,1,1,1,8.55,49.56,7.30,188.75,241.20,184.84],
[1,1,1,1,1,12.82,49.75,10.91,190.85,242.72,185.64],
[1,1,1,1,1,9.25,50.95,7.53,189.87,241.91,185.30],
[1,1,1,1,1,9.65,49.41,8.29,189.36,241.55,185.10],
[1,1,1,1,1,8.82,50.36,7.32,191.42,239.85,186.69],
[1,1,1,1,1,5.39,51.83,4.25,192.18,240.67,186.91],
[1,1,1,1,1,3.13,50.21,2.61,191.54,238.52,187.13],
[1,1,1,1,1,354.65,50.97,355.66,190.60,240.27,186.10],
[1,1,1,1,1,21.37,45.64,20.94,191.16,240.02,186.50],
[1,1,1,1,1,15.25,47.31,14.12,189.34,241.25,185.16],
[1,1,1,1,1,8.22,49.96,6.92,187.51,241.61,184.08],
[1,1,1,1,1,10.77,48.38,9.59,188.37,241.42,184.58],
[1,1,1,1,1,10.93,47.94,9.89,192.05,239.99,187.03],
[1,1,1,1,1,11.40,48.87,9.98,192.49,240.81,187.05],
[1,1,1,1,1,8.81,49.27,7.60,191.47,240.79,186.47],
[1,1,1,1,1,9.40,49.64,8.01,191.44,240.96,186.41],
[1,1,1,1,1,11.82,49.00,10.31,191.79,241.18,186.55],
[1,1,1,1,1,11.83,48.57,10.47,191.06,241.08,186.16],
[1,1,1,1,1,11.29,49.61,9.64,192.58,241.28,186.97],
[1,1,1,1,1,11.35,48.32,10.13,190.64,241.22,185.89],
[1,1,1,1,1,11.40,47.51,10.47,192.03,241.41,186.63],
[1,1,1,1,1,10.70,49.40,9.20,192.18,240.81,186.88],
[1,1,1,1,1,10.10,49.09,8.77,192.33,241.54,186.76],
[1,1,1,1,1,10.86,49.32,9.36,192.79,241.58,187.00],
[1,1,1,1,1,10.69,49.02,9.31,191.98,241.34,186.62],
[1,1,1,1,1,12.09,49.38,10.41,193.94,242.02,187.51],
[1,1,1,1,1,10.42,49.20,9.02,193.17,241.42,187.26],
[1,1,1,1,1,11.27,48.34,10.05,192.11,240.94,186.80],
[1,1,1,1,1,12.38,49.79,10.51,194.00,241.69,187.65],
[1,1,1,1,1,12.03,49.07,10.47,193.26,242.06,187.12],
[1,1,1,1,1,11.22,48.14,10.08,193.28,241.99,187.15],
[1,1,1,1,1,10.47,47.57,9.59,192.25,242.06,186.57],
[1,1,1,1,1,10.44,48.13,9.37,191.27,241.77,186.11],
[1,1,1,1,1,11.59,48.59,10.26,190.58,241.28,185.84],
[1,1,1,1,1,10.07,47.96,9.10,193.63,242.25,187.27],
[1,1,1,1,1,10.09,48.73,8.88,191.98,242.18,186.39],
[1,1,1,1,1,12.05,48.11,10.84,192.39,242.09,186.64],
[1,1,1,1,1,11.59,48.04,10.45,191.82,241.87,186.39],
[1,1,1,1,1,9.77,47.62,8.92,191.99,241.54,186.56],
[1,1,1,1,1,10.87,48.18,9.75,192.35,241.67,186.73],
[1,1,1,1,1,11.19,48.33,9.99,193.06,241.72,187.12],
[1,1,1,1,1,11.87,47.75,10.80,194.17,241.61,187.77],
[1,1,1,1,1,11.08,47.45,10.19,193.09,241.92,187.07],
[1,1,1,1,1,11.84,47.96,10.70,192.17,241.73,186.61],
[1,1,1,1,1,22.74,53.60,17.17,194.88,241.36,188.25],
[1,1,1,1,1,23.99,54.05,17.88,194.62,241.62,188.02],
[1,1,1,1,1,23.32,53.66,17.60,194.86,241.92,188.06],
[1,1,1,1,1,23.93,53.75,18.03,195.67,241.57,188.64],
[1,1,1,1,1,23.33,53.76,17.54,195.49,241.73,188.48],
[1,1,1,1,1,23.90,53.35,18.25,195.28,242.02,188.25],
[1,1,1,1,1,23.57,53.76,17.73,194.82,241.98,188.01],
[1,1,1,1,1,24.47,54.50,17.98,194.16,241.45,187.82],
[1,1,1,1,1,23.66,54.56,17.32,194.83,241.61,188.14],
[1,1,1,1,1,22.95,52.86,17.78,194.84,241.81,188.08],
[1,1,1,1,1,23.54,53.63,17.79,193.32,242.08,187.15],
[1,1,1,1,1,21.63,53.00,16.63,195.85,241.08,188.92],
[1,1,1,1,1,23.21,53.78,17.43,195.23,241.03,188.57],
[1,1,1,1,1,21.90,53.29,16.69,195.44,241.78,188.43],
[1,1,1,1,1,22.61,52.62,17.65,195.75,241.62,188.66],
[1,1,1,1,1,23.26,53.14,17.86,194.18,241.35,187.86],
[1,1,1,1,1,23.42,54.05,17.44,195.33,241.55,188.45],
[1,1,1,1,1,22.46,52.35,17.69,194.10,241.42,187.79],
[1,1,1,1,1,22.77,53.12,17.48,195.44,241.88,188.39],
[1,1,1,1,1,22.18,53.02,17.06,195.84,241.58,188.73],
[1,1,1,1,1,23.57,53.99,17.60,195.71,242.34,188.38],
[1,1,1,1,1,22.07,53.43,16.74,194.74,241.67,188.07],
[1,1,1,1,1,22.64,53.72,17.03,196.01,241.50,188.85],
[1,1,1,1,1,23.65,52.94,18.30,194.50,241.61,187.96],
[1,1,1,1,1,22.73,53.63,17.14,195.47,241.11,188.69],
[1,1,1,1,1,21.67,53.21,16.54,195.80,241.51,188.73],
[1,1,1,1,1,22.64,53.51,17.14,194.95,241.93,188.11],
[1,1,1,1,1,22.01,52.99,16.95,195.00,241.48,188.28],
[1,1,1,1,1,20.49,52.34,16.08,196.00,242.00,188.67],
[1,1,1,1,1,22.80,52.85,17.66,195.19,241.93,188.24],
[1,1,1,1,1,22.37,53.63,16.86,195.06,241.54,188.30],
[1,1,1,1,1,20.95,52.52,16.36,194.71,241.52,188.11],
[1,1,1,1,1,22.88,52.72,17.81,195.63,241.26,188.72],
[1,1,1,1,1,23.86,53.58,18.08,196.32,241.53,189.02],
[1,1,1,1,1,20.83,52.39,16.34,196.08,241.69,188.83],
[1,1,1,1,1,22.11,53.49,16.73,195.78,241.75,188.63],
[1,1,1,1,1,22.73,53.30,17.34,195.35,241.66,188.42],
[1,1,1,1,1,20.75,51.94,16.53,196.29,241.92,188.86],
[1,1,1,1,1,21.70,53.32,16.51,196.36,241.46,189.07],
[1,1,1,1,1,21.46,52.44,16.82,196.17,241.62,188.90],
[1,1,1,1,1,20.76,53.24,15.81,196.19,242.43,188.62],
[1,1,1,1,1,21.94,52.56,17.14,196.40,241.52,189.07],
[1,1,1,1,1,21.66,53.70,16.26,197.23,242.79,189.06],
[1,1,1,1,1,22.78,52.53,17.85,194.93,241.93,188.09],
[1,1,1,1,1,22.08,53.51,16.71,195.45,241.79,188.43],
[1,1,1,1,1,22.07,53.07,16.95,196.52,242.07,188.94],
[1,1,1,1,1,20.79,54.77,15.01,195.27,244.25,187.50],
[1,1,1,1,1,24.15,54.89,17.49,197.52,245.08,188.34],
[1,1,1,1,1,24.97,53.42,19.06,196.86,244.81,188.11],
[1,1,1,1,1,21.67,53.33,16.48,195.69,243.52,187.96],
[1,1,1,1,1,19.85,52.83,15.31,195.30,244.03,187.59],
[1,1,1,1,1,23.08,53.56,17.47,195.48,243.75,187.78],
[1,1,1,1,1,24.65,53.15,18.98,196.47,244.63,187.98],
[1,1,1,1,1,20.04,52.50,15.63,194.79,244.72,187.11],
[1,1,1,1,1,18.79,51.58,15.10,195.14,243.42,187.71],
[1,1,1,1,1,19.24,52.24,15.13,195.04,243.83,187.52],
[1,1,1,1,1,22.91,53.25,17.51,195.62,244.64,187.55],
[1,1,1,1,1,23.05,53.28,17.61,194.77,244.14,187.28],
[1,1,1,1,1,21.70,52.33,17.08,195.98,244.47,187.79],
[1,1,1,1,1,19.19,52.00,15.21,193.11,244.46,186.35],
[1,1,1,1,1,21.98,52.01,17.49,195.81,244.75,187.60],
[1,1,1,1,1,21.82,52.92,16.84,193.92,244.54,186.73],
[1,1,1,1,1,21.45,52.03,17.04,194.94,244.96,187.11],
[1,1,1,1,1,22.60,52.08,17.97,193.26,245.15,186.23],
[1,1,1,1,1,22.06,52.68,17.17,193.93,244.83,186.65],
[1,1,1,1,1,22.01,51.50,17.82,194.80,244.94,187.04],
[1,1,1,1,1,21.66,51.68,17.43,196.68,245.13,187.91],
[1,1,1,1,1,21.78,51.66,17.54,194.33,244.33,187.00],
[1,1,1,1,1,22.42,52.41,17.62,195.21,244.58,187.36],
[1,1,1,1,1,23.37,52.32,18.46,195.74,245.25,187.40],
[1,1,1,1,1,22.89,51.85,18.35,195.67,245.01,187.45],
[1,1,1,1,1,21.95,53.15,16.81,195.77,244.42,187.70],
[1,1,1,1,1,20.03,52.09,15.85,197.25,245.80,187.95],
[1,1,1,1,1,20.91,51.58,16.86,194.33,244.66,186.90],
[1,1,1,1,1,21.50,51.68,17.29,193.71,244.34,186.69],
[1,1,1,1,1,21.37,51.03,17.57,193.46,244.70,186.46],
[1,1,1,1,1,22.09,51.61,17.83,191.83,244.22,185.78],
[1,1,1,1,1,21.32,51.50,17.24,192.91,243.80,186.44],
[1,1,1,1,1,19.32,51.74,15.46,193.40,243.69,186.72],
[1,1,1,1,1,18.00,49.77,15.37,193.46,243.94,186.68],
[1,1,1,1,1,22.98,52.21,18.20,194.17,244.48,186.87],
[1,1,1,1,1,18.79,49.42,16.25,194.67,244.33,187.17],
[1,1,1,1,1,20.29,51.98,16.12,195.03,244.28,187.37],
[1,1,1,1,1,19.03,50.86,15.68,195.88,243.75,187.99],
[1,1,1,1,1,18.49,50.08,15.63,193.59,244.98,186.44],
[1,1,1,1,1,21.26,51.69,17.08,195.08,244.00,187.48],
[1,1,1,1,1,20.05,50.73,16.61,195.00,244.44,187.30],
[1,1,1,1,1,19.98,50.46,16.70,195.39,244.40,187.51],
[1,1,1,1,1,19.20,51.43,15.52,195.61,244.66,187.54],
[1,1,1,1,1,19.63,50.98,16.13,195.93,244.53,187.74],
[1,1,1,1,1,17.97,50.41,15.02,196.16,244.38,187.91],
[1,1,1,1,1,19.87,50.06,16.84,194.55,243.86,187.26],
[1,1,1,1,1,355.45,69.30,358.28,236.47,250.28,208.41],
[1,1,1,1,1,353.84,68.99,357.63,236.91,250.65,208.33],
[1,1,1,1,1,355.49,68.49,358.22,236.58,250.51,208.21],
[1,1,1,1,1,355.10,69.58,358.17,237.97,250.84,209.05],
[1,1,1,1,1,355.63,67.52,358.19,236.78,250.26,208.71],
[1,1,1,1,1,355.79,69.05,358.39,237.23,251.16,207.93],
[1,1,1,1,1,355.90,68.93,358.42,236.82,250.83,208.00],
[1,1,1,1,1,355.96,69.02,358.45,238.52,251.51,208.64],
[1,1,1,1,1,357.60,68.98,359.08,236.99,250.54,208.54],
[1,1,1,1,1,354.22,70.28,357.92,237.59,250.76,208.79],
[1,1,1,1,1,355.80,68.60,358.35,237.63,250.79,208.80],
[1,1,1,1,1,358.27,69.54,359.36,237.49,251.03,208.33],
[1,1,1,1,1,357.89,68.27,359.16,237.50,250.62,208.91],
[1,1,1,1,1,354.51,69.63,357.96,237.40,250.82,208.54],
[1,1,1,1,1,355.39,69.81,358.30,238.00,250.89,209.01],
[1,1,1,1,1,354.51,68.42,357.82,238.21,251.24,208.71],
[1,1,1,1,1,358.50,69.82,359.45,237.72,250.73,208.97],
[1,1,1,1,1,357.72,68.70,359.11,237.42,250.83,208.55],
[1,1,1,1,1,352.61,69.04,357.16,237.45,250.76,208.67],
[1,1,1,1,1,357.41,68.89,359.00,237.31,250.57,208.80],
[1,1,1,1,1,354.43,69.04,357.86,236.79,250.58,208.31],
[1,1,1,1,1,354.67,68.77,357.92,236.87,250.49,208.50],
[1,1,1,1,1,358.36,68.35,359.35,236.58,250.21,208.60],
[1,1,1,1,1,353.69,67.95,357.44,237.20,250.44,208.87],
[1,1,1,1,1,354.03,68.79,357.68,236.86,250.49,208.49],
[1,1,1,1,1,354.97,68.84,358.05,237.32,250.96,208.28],
[1,1,1,1,1,357.38,68.70,358.98,237.92,251.00,208.79],
[1,1,1,1,1,355.39,68.47,358.18,235.90,250.21,207.99],
[1,1,1,1,1,353.18,68.37,357.28,237.98,251.02,208.81],
[1,1,1,1,1,354.39,69.34,357.88,236.62,250.18,208.68],
[1,1,1,1,1,353.79,69.24,357.64,237.07,250.60,208.53],
[1,1,1,1,1,354.94,68.82,358.04,236.78,250.23,208.76],
[1,1,1,1,1,353.39,68.48,357.38,236.52,250.76,207.82],
[1,1,1,1,1,354.24,68.27,357.70,237.32,250.76,208.54],
[1,1,1,1,1,355.09,69.39,358.15,237.21,250.83,208.35],
[1,1,1,1,1,355.69,68.57,358.31,237.78,251.14,208.46],
[1,1,1,1,1,354.58,69.07,357.92,237.29,250.78,208.49],
[1,1,1,1,1,354.53,68.67,357.86,238.10,251.33,208.49],
[1,1,1,1,1,353.13,67.31,357.12,238.40,251.78,208.15],
[1,1,1,1,1,354.47,69.27,357.90,237.61,251.21,208.21],
[1,1,1,1,1,355.07,67.76,357.98,237.06,251.17,207.76],
[1,1,1,1,1,355.05,68.84,358.08,236.96,250.63,208.39],
[1,1,1,1,1,353.71,67.13,357.34,237.78,250.81,208.92],
[1,1,1,1,1,352.08,68.15,356.80,237.62,251.23,208.18],
[1,1,1,1,1,355.26,67.93,358.08,236.84,250.23,208.82],
[1,1,1,1,1,352.45,68.37,356.99,237.15,250.60,208.61],
[1,1,1,1,1,345.36,75.71,356.19,239.99,245.98,217.64],
[1,1,1,1,1,347.06,75.97,356.71,238.71,245.10,217.37],
[1,1,1,1,1,345.46,75.96,356.29,238.80,244.68,218.00],
[1,1,1,1,1,343.64,76.55,355.98,240.00,245.77,217.93],
[1,1,1,1,1,343.73,75.91,355.81,240.30,245.95,218.04],
[1,1,1,1,1,346.73,76.13,356.67,240.65,246.34,217.92],
[1,1,1,1,1,347.19,75.84,356.72,240.73,246.86,217.32],
[1,1,1,1,1,349.19,76.98,357.47,240.27,246.45,217.36],
[1,1,1,1,1,346.37,76.43,356.65,240.23,246.79,216.87],
[1,1,1,1,1,346.89,76.37,356.77,240.40,246.97,216.80],
[1,1,1,1,1,345.17,75.84,356.18,241.01,246.94,217.53],
[1,1,1,1,1,346.86,76.09,356.69,240.90,246.90,217.46],
[1,1,1,1,1,348.89,76.84,357.37,241.10,246.83,217.78],
[1,1,1,1,1,349.74,75.72,357.36,240.89,246.57,217.89],
[1,1,1,1,1,350.10,75.65,357.44,241.15,246.96,217.67],
[1,1,1,1,1,348.07,76.40,357.07,240.89,247.27,216.96],
[1,1,1,1,1,347.12,75.86,356.70,240.38,246.74,217.10],
[1,1,1,1,1,348.10,76.56,357.12,240.63,246.79,217.29],
[1,1,1,1,1,345.83,75.60,356.29,241.05,247.01,217.48],
[1,1,1,1,1,345.61,75.96,356.33,240.29,246.56,217.24],
[1,1,1,1,1,346.14,75.59,356.37,240.76,246.83,217.41],
[1,1,1,1,1,346.65,75.06,356.38,240.13,246.38,217.29],
[1,1,1,1,1,348.25,76.27,357.09,240.68,246.62,217.58],
[1,1,1,1,1,347.48,75.30,356.67,241.03,246.91,217.60],
[1,1,1,1,1,348.09,76.08,357.01,240.21,246.20,217.62],
[1,1,1,1,1,345.61,75.95,356.32,240.06,246.21,217.43],
[1,1,1,1,1,344.90,75.14,355.91,240.05,246.03,217.65],
[1,1,1,1,1,345.73,75.84,356.33,241.14,246.88,217.77],
[1,1,1,1,1,347.77,75.79,356.86,241.31,247.27,217.44],
[1,1,1,1,1,348.28,75.62,356.95,240.82,246.36,218.10],
[1,1,1,1,1,346.01,75.53,356.32,241.03,246.86,217.68],
[1,1,1,1,1,348.33,75.19,356.88,241.36,247.19,217.60],
[1,1,1,1,1,347.68,76.00,356.88,240.64,246.96,217.09],
[1,1,1,1,1,347.60,75.79,356.81,240.95,246.96,217.43],
[1,1,1,1,1,349.77,75.97,357.42,240.35,246.81,216.96],
[1,1,1,1,1,343.01,75.74,355.56,241.47,247.43,217.40],
[1,1,1,1,1,348.35,75.55,356.96,240.69,246.22,218.12],
[1,1,1,1,1,345.09,75.87,356.16,240.72,246.62,217.63],
[1,1,1,1,1,347.25,75.76,356.71,241.02,246.82,217.71],
[1,1,1,1,1,343.51,76.06,355.80,240.69,246.54,217.72],
[1,1,1,1,1,347.61,75.87,356.83,240.56,246.37,217.79],
[1,1,1,1,1,346.23,75.58,356.40,239.59,245.93,217.28],
[1,1,1,1,1,345.87,75.29,356.22,240.66,246.34,217.94],
[1,1,1,1,1,343.88,75.37,355.69,240.55,246.36,217.77],
[1,1,1,1,1,345.80,75.38,356.22,240.08,246.36,217.27],
[1,1,1,1,1,346.99,75.68,356.63,241.42,246.57,218.49],
[1,1,1,1,1,279.56,87.48,345.35,235.99,245.23,214.37],
[1,1,1,1,1,297.58,82.28,345.45,234.95,245.60,212.90],
[1,1,1,1,1,289.38,85.32,346.91,237.28,246.36,214.27],
[1,1,1,1,1,285.47,85.61,344.49,236.58,245.34,214.82],
[1,1,1,1,1,287.42,84.77,343.73,236.44,245.64,214.31],
[1,1,1,1,1,285.92,86.00,346.24,236.88,245.67,214.72],
[1,1,1,1,1,286.29,85.67,345.48,235.55,245.60,213.48],
[1,1,1,1,1,291.94,83.99,345.36,236.49,245.84,214.12],
[1,1,1,1,1,285.17,85.75,344.68,236.74,245.91,214.28],
[1,1,1,1,1,287.67,86.08,347.86,236.71,245.10,215.26],
[1,1,1,1,1,286.49,86.44,348.15,238.33,246.56,215.09],
[1,1,1,1,1,301.04,81.62,346.24,236.27,246.05,213.64],
[1,1,1,1,1,302.65,81.04,346.18,237.34,247.02,213.49],
[1,1,1,1,1,304.30,82.11,348.52,238.13,247.48,213.70],
[1,1,1,1,1,303.77,81.05,346.75,236.54,246.23,213.68],
[0,1,1,1,1,305.67,83.23,350.61,237.18,246.95,213.41],
[1,1,1,1,1,309.20,80.88,348.87,236.55,246.85,212.91],
[1,1,1,1,1,307.35,81.69,349.16,235.43,246.11,212.74],
[1,1,1,1,1,312.04,79.33,348.20,234.32,245.03,212.96],
[1,1,1,1,1,304.45,82.30,348.85,235.62,245.91,213.17],
[1,1,1,1,1,304.68,81.65,348.03,235.43,246.24,212.58],
[1,1,1,1,1,311.04,80.05,348.61,236.39,246.57,213.11],
[1,1,1,1,1,306.52,81.53,348.63,235.90,246.37,212.86],
[1,1,1,1,1,305.31,81.47,348.04,235.18,245.71,212.97],
[1,1,1,1,1,308.79,81.31,349.23,235.73,246.35,212.72],
[1,1,1,1,1,305.09,81.68,348.24,235.38,245.53,213.38],
[1,1,1,1,1,308.70,80.59,348.31,236.76,246.39,213.71],
[1,1,1,1,1,306.96,81.27,348.46,235.39,246.12,212.67],
[1,1,1,1,1,306.97,80.82,347.88,234.88,245.73,212.66],
[1,1,1,1,1,302.16,80.03,344.38,235.49,245.80,213.17],
[1,1,1,1,1,306.99,81.76,349.12,234.94,244.94,213.68],
[1,1,1,1,1,308.03,79.74,346.97,236.15,246.31,213.20],
[1,1,1,1,1,303.98,81.43,347.40,236.59,246.55,213.33],
[1,1,1,1,1,303.58,81.81,347.77,236.18,245.63,214.07],
[1,1,1,1,1,306.14,79.43,345.66,235.96,245.81,213.63],
[1,1,1,1,1,307.68,79.93,347.05,236.37,246.40,213.30],
[1,1,1,1,1,303.98,81.18,347.03,236.61,246.55,213.34],
[1,1,1,1,1,305.34,81.19,347.68,236.52,246.14,213.78],
[1,1,1,1,1,307.37,81.48,348.91,235.22,245.50,213.27],
[1,1,1,1,1,310.67,80.56,349.05,236.93,247.18,212.87],
[1,1,1,1,1,304.66,82.02,348.53,235.42,246.41,212.35],
[1,1,1,1,1,314.30,79.66,349.41,235.69,246.00,213.12],
[1,1,1,1,1,313.61,79.64,349.14,235.12,245.65,213.00],
[1,1,1,1,1,313.00,79.28,348.52,235.70,246.62,212.36],
[1,1,1,1,1,319.15,78.65,350.15,235.88,246.89,212.20],
[0,1,1,1,1,312.34,81.01,350.15,235.57,246.44,212.46],
[1,1,1,1,1,317.47,77.47,348.48,239.14,244.58,218.50],
[1,1,1,1,1,316.43,75.70,346.37,239.98,245.54,218.21],
[1,1,1,1,1,311.16,78.76,347.19,239.88,244.82,219.02],
[1,1,1,1,1,307.54,78.76,345.51,238.63,243.65,219.08],
[1,1,1,1,1,307.25,78.18,344.61,239.31,244.16,219.22],
[1,1,1,1,1,305.66,78.61,344.32,239.77,245.13,218.50],
[1,1,1,1,1,308.50,77.71,344.69,240.04,245.37,218.50],
[1,1,1,1,1,313.01,75.03,344.00,239.88,245.57,218.06],
[1,1,1,1,1,310.26,77.55,345.39,239.57,244.84,218.65],
[1,1,1,1,1,312.80,75.52,344.41,240.54,246.54,217.53],
[1,1,1,1,1,309.62,77.95,345.54,238.77,244.90,217.68],
[1,1,1,1,1,312.42,76.55,345.33,238.50,244.33,218.11],
[1,1,1,1,1,317.35,74.77,345.92,239.27,245.56,217.41],
[1,1,1,1,1,314.23,75.81,345.44,240.03,245.91,217.78],
[1,1,1,1,1,313.58,78.04,347.45,239.02,245.08,217.74],
[1,1,1,1,1,315.13,76.01,346.07,239.76,245.70,217.76],
[1,1,1,1,1,317.19,75.71,346.72,239.39,245.99,216.97],
[1,1,1,1,1,319.27,74.59,346.65,239.91,245.45,218.24],
[1,1,1,1,1,315.80,74.64,345.05,238.99,244.97,217.84],
[1,1,1,1,1,315.41,75.72,345.91,239.28,245.70,217.23],
[1,1,1,1,1,324.22,75.60,349.52,239.56,245.86,217.33],
[1,1,1,1,1,325.42,75.53,349.91,239.51,245.26,218.05],
[1,1,1,1,1,319.83,74.42,346.76,239.09,245.22,217.63],
[1,1,1,1,1,325.65,75.34,349.86,239.73,245.80,217.59],
[1,1,1,1,1,328.45,73.62,349.77,238.32,244.94,217.15],
[1,1,1,1,1,329.39,74.34,350.59,237.94,244.89,216.81],
[1,1,1,1,1,327.15,73.12,348.91,238.08,245.02,216.79],
[1,1,1,1,1,330.42,72.91,350.10,238.57,245.05,217.28],
[1,1,1,1,1,327.42,73.14,349.04,238.72,245.21,217.25],
[1,1,1,1,1,328.66,73.57,349.82,240.46,246.55,217.44],
[1,1,1,1,1,322.90,74.45,348.11,240.13,246.46,217.19],
[1,1,1,1,1,329.27,74.43,350.60,239.97,246.10,217.48],
[1,1,1,1,1,326.70,74.21,349.48,239.00,245.96,216.59],
[1,1,1,1,1,328.03,75.15,350.61,239.40,245.70,217.36],
[1,1,1,1,1,325.17,74.75,349.26,238.93,244.94,217.80],
[1,1,1,1,1,327.13,73.65,349.27,240.38,245.95,218.14],
[1,1,1,1,1,328.05,74.77,350.37,239.32,245.42,217.63],
[1,1,1,1,1,325.75,73.71,348.75,239.30,245.65,217.32],
[1,1,1,1,1,326.33,74.12,349.27,240.29,245.74,218.31],
[1,1,1,1,1,326.18,75.32,350.05,239.04,245.37,217.39],
[1,1,1,1,1,325.65,73.77,348.75,240.88,246.27,218.27],
[1,1,1,1,1,325.06,75.15,349.51,238.78,244.98,217.59],
[1,1,1,1,1,324.63,75.04,349.26,239.97,245.49,218.26],
[1,1,1,1,1,322.73,75.28,348.70,239.71,245.65,217.76],
[1,1,1,1,1,323.88,74.36,348.45,239.52,245.28,218.04],
[1,1,1,1,1,322.27,75.35,348.56,240.13,245.96,217.84],
[1,1,1,1,1,308.36,82.34,350.35,238.22,245.61,216.20],
[1,1,1,1,1,307.43,81.43,348.85,237.85,245.21,216.31],
[1,1,1,1,1,310.29,81.30,349.77,237.64,245.30,215.98],
[1,1,1,1,1,304.17,82.93,349.65,238.66,246.36,215.71],
[1,1,1,1,1,303.36,82.14,348.16,239.54,246.39,216.61],
[1,1,1,1,1,306.51,83.05,350.64,237.72,245.28,216.08],
[1,1,1,1,1,309.51,80.78,348.86,238.60,246.36,215.64],
[1,1,1,1,1,308.20,82.13,350.03,237.94,246.24,215.10],
[1,1,1,1,1,316.47,80.12,350.61,237.52,245.39,215.73],
[1,1,1,1,1,307.31,81.33,348.69,237.88,245.89,215.48],
[1,1,1,1,1,307.15,82.27,349.85,237.89,245.28,216.27],
[1,1,1,1,1,313.87,80.80,350.44,237.38,245.25,215.77],
[1,1,1,1,1,306.15,82.36,349.59,237.04,245.48,215.12],
[1,1,1,1,1,303.74,82.38,348.67,237.77,245.23,216.20],
[1,1,1,1,1,309.21,81.19,349.25,238.93,246.30,216.07],
[1,1,1,1,1,303.55,82.77,349.17,238.31,245.79,216.06],
[1,1,1,1,1,311.74,80.63,349.52,238.87,246.60,215.63],
[1,1,1,1,1,304.85,82.52,349.32,238.14,245.95,215.69],
[1,1,1,1,1,310.09,81.13,349.50,238.82,246.45,215.75],
[1,1,1,1,1,309.18,81.00,349.00,238.22,245.64,216.16],
[1,1,1,1,1,305.62,81.66,348.44,238.40,246.23,215.60],
[1,1,1,1,1,304.04,82.01,348.26,238.89,246.22,216.15],
[1,1,1,1,1,305.62,82.83,350.04,237.92,245.78,215.67],
[1,1,1,1,1,309.00,81.13,349.09,238.74,246.57,215.52],
[1,1,1,1,1,305.31,82.36,349.28,239.64,246.85,216.13],
[1,1,1,1,1,305.20,82.36,349.24,238.70,246.40,215.70],
[1,1,1,1,1,305.85,82.12,349.16,239.25,246.65,215.96],
[1,1,1,1,1,307.65,81.49,349.02,239.07,246.39,216.11],
[1,1,1,1,1,306.82,81.14,348.25,238.74,246.54,215.56],
[1,1,1,1,1,306.17,82.12,349.27,238.70,245.89,216.35],
[1,1,1,1,1,308.07,81.57,349.29,237.60,245.68,215.46],
[1,1,1,1,1,305.19,81.93,348.63,238.77,246.57,215.55],
[1,1,1,1,1,304.39,82.77,349.50,238.38,245.36,216.69],
[1,1,1,1,1,304.61,81.70,348.07,238.63,246.06,216.06],
[1,1,1,1,1,303.90,82.24,348.53,238.14,245.88,215.77],
[1,1,1,1,1,311.18,81.21,349.98,238.57,246.45,215.50],
[1,1,1,1,1,307.00,81.19,348.38,237.93,245.87,215.57],
[1,1,1,1,1,310.26,81.44,349.93,237.98,246.15,215.25],
[1,1,1,1,1,310.39,80.90,349.33,238.93,246.24,216.15],
[1,1,1,1,1,308.64,81.06,348.87,238.32,245.88,215.96],
[1,1,1,1,1,304.61,81.65,347.99,238.09,245.79,215.84],
[1,1,1,1,1,307.62,81.33,348.80,237.78,245.81,215.48],
[1,1,1,1,1,305.98,81.76,348.72,238.12,246.22,215.31],
[1,1,1,1,1,309.41,80.86,348.92,238.86,246.65,215.54],
[1,1,1,1,1,305.22,81.34,347.83,238.51,246.53,215.33],
[1,1,1,1,1,308.40,81.26,349.02,237.84,245.30,216.19],





