[1,1,1,1,1,16.45,50.22,13.81,235.51,236.32,224.13],
[1,1,1,1,1,16.41,50.39,13.70,234.94,235.48,224.43],
[1,1,1,1,1,16.84,49.68,14.41,235.42,235.45,224.97],
[1,1,1,1,1,15.99,49.88,13.57,235.65,235.95,224.68],
[1,1,1,1,1,16.41,49.97,13.89,235.71,236.57,224.07],
[1,1,1,1,1,16.75,50.64,13.87,235.91,236.19,224.69],
[1,1,1,1,1,15.60,50.63,12.90,236.43,236.61,224.80],
[1,1,1,1,1,16.19,49.69,13.83,235.44,236.77,223.56],
[1,1,1,1,1,16.90,50.26,14.18,235.18,235.59,224.57],
[1,1,1,1,1,16.12,49.88,13.69,235.45,235.58,224.86],
[1,1,1,1,1,16.01,49.26,13.89,235.48,236.06,224.37],
[1,1,1,1,1,14.88,49.40,12.83,235.62,235.62,225.00],
[1,1,1,1,1,15.79,48.72,13.94,235.70,235.74,224.96],
[1,1,1,1,1,15.19,49.75,12.95,234.82,235.26,224.54],
[1,1,1,1,1,15.37,49.65,13.15,235.73,235.54,225.21],
[1,1,1,1,1,13.97,49.25,12.10,235.56,235.85,224.68],
[1,1,1,1,1,14.72,49.00,12.87,234.16,234.13,225.03],
[1,1,1,1,1,13.86,48.54,12.30,234.53,234.87,224.63],
[1,1,1,1,1,15.42,48.59,13.68,235.03,235.07,224.96],
[1,1,1,1,1,14.43,48.65,12.76,235.30,235.58,224.70],
[1,1,1,1,1,15.29,48.59,13.55,235.70,235.47,225.25],
[1,1,1,1,1,14.48,48.89,12.70,234.81,234.82,224.99],
[1,1,1,1,1,14.92,48.78,13.14,234.96,235.54,224.38],
[1,1,1,1,1,15.01,48.25,13.46,234.39,235.16,224.19],
[1,1,1,1,1,14.92,48.64,13.20,235.10,234.74,225.38],
[1,1,1,1,1,14.42,48.57,12.78,234.67,234.77,224.90],
[1,1,1,1,1,16.26,47.92,14.75,235.67,235.84,224.81],
[1,1,1,1,1,14.73,48.67,13.02,235.02,234.93,225.10],
[1,1,1,1,1,14.45,48.35,12.91,235.06,235.03,225.03],
[1,1,1,1,1,14.68,47.73,13.39,235.46,235.21,225.27],
[1,1,1,1,1,13.33,48.74,11.74,235.00,235.37,224.61],
[1,1,1,1,1,15.38,48.46,13.69,235.44,235.16,225.29],
[1,1,1,1,1,13.34,48.04,12.04,235.83,235.74,225.10],
[1,1,1,1,1,14.39,48.47,12.80,235.81,235.54,225.29],
[1,1,1,1,1,12.85,48.03,11.59,235.54,235.60,224.93],
[1,1,1,1,1,15.29,48.68,13.51,235.67,235.01,225.71],
[1,1,1,1,1,11.58,46.94,10.84,236.66,236.61,225.06],
[1,1,1,1,1,12.04,50.87,9.84,236.87,234.83,227.20],
[1,1,1,1,1,12.06,46.37,11.51,236.57,235.85,225.77],
[1,1,1,1,1,13.34,48.87,11.70,236.54,235.18,226.47],
[1,1,1,1,1,10.14,48.36,9.03,237.71,235.58,227.33],
[1,1,1,1,1,8.63,47.00,8.05,237.89,235.20,227.93],
[1,1,1,1,1,9.13,48.31,8.14,237.92,234.96,228.21],
[1,1,1,1,1,11.35,47.70,10.35,238.01,235.98,227.22],
[1,1,1,1,1,10.83,47.72,9.87,237.61,235.59,227.19],
[1,1,1,1,1,9.05,47.94,8.18,236.95,235.97,226.07],

