[0, 0, 0, 0, 0, 310.5351, 50.98123, 316.6318, -4.274809, 4.59542, 0.1908397, 205.3966, 124.5534, 341.7188, -4.206107, 0.6183206, 2.480916],
[0, 0, 0, 0, 0, 310.258, 51.12129, 316.4948, -3.59542, 1.534351, 0.5572519, 205.6326, 124.402, 341.6349, -2.496183, 1.534351, 0.9770992],
[0, 0, 0, 0, 0, 310.6951, 51.07071, 316.8847, -2.778626, 3.007634, 0.5267176, 205.8147, 124.4941, 341.4367, -2.534351, 1.045802, 1.450382],
[0, 0, 0, 0, 0, 311.429, 49.2601, 315.7849, -4.374046, 2.70229, 0.8778625, 205.1037, 125.023, 341.6463, -3.473282, 1.954198, 1.450382],
[0, 0, 0, 0, 0, 310.8981, 49.87485, 315.8724, -6.129771, 4.290076, -1.885496, 206.1596, 124.1022, 341.4268, -5.70229, 2.343511, 3.946565],
[0, 0, 0, 0, 0, 311.0639, 49.49708, 315.6567, -2.687023, 0.9847328, -1.007634, 206.7519, 123.7972, 341.1772, -0.9923664, 0.8473283, 2.534351],
[0, 0, 0, 0, 0, 310.041, 49.21179, 314.3331, -3.473282, 3.633588, 3.748092, 204.8593, 124.5521, 342.1296, -3.961832, 0.9083969, -1.984733],
[0, 0, 0, 0, 0, 308.8779, 51.06979, 315.0381, -3.183206, 0.09923664, 0.4885496, 206.3869, 124.6817, 340.8741, -0.9847328, 2.183206, 0.9160305],
[0, 0, 0, 0, 0, 308.3449, 50.72363, 314.1381, -3.938931, 2.129771, -1.083969, 205.3344, 124.2959, 341.9291, -3.038168, 2.129771, 2.435115],
[0, 0, 0, 0, 0, 309.7989, 50.13985, 315.0283, -3.022901, 3.160305, 0.961832, 205.3627, 123.7238, 342.2671, -4.351145, 0.7709923, 1.0],
[0, 0, 0, 0, 0, 308.9778, 50.43764, 314.4947, -1.358779, 1.78626, 0.09923664, 205.5348, 124.1366, 341.878, -3.290076, 0.2366412, 0.8854962],
[0, 0, 0, 0, 0, 309.9567, 49.78632, 314.8295, -3.183206, 1.175573, 1.0, 205.4416, 124.1263, 341.955, -0.1908397, -0.3358779, 0.9847328],
[0, 0, 0, 0, 0, 309.067, 50.0706, 314.2124, -3.908397, 3.129771, 1.198473, 205.2295, 124.3077, 342.0012, -3.740458, 1.587786, 0.9541985],
[0, 0, 0, 0, 0, 309.1045, 50.18798, 314.3699, -4.473282, 3.274809, -1.328244, 204.862, 123.6487, 342.6857, -4.603054, 1.603053, 2.603053],
[0, 0, 0, 0, 0, 308.3243, 51.38711, 314.7958, -4.076336, 2.396947, 0.5038168, 205.4938, 123.2007, 342.4967, -5.732824, 1.442748, 0.9770992],
[0, 0, 0, 0, 0, 309.547, 50.81788, 315.4631, -3.557252, 3.083969, -1.122137, 205.2194, 123.4765, 342.5275, -3.419847, 0.7099237, 3.083969],
[0, 0, 0, 0, 0, 309.401, 49.40738, 313.8805, -6.053435, 1.59542, 1.091603, 201.7945, 126.6404, 343.264, 0.4122138, 8.0, 1.870229],
[0, 0, 0, 0, 0, 304.7592, 54.87532, 314.7088, -5.648855, 4.656488, 1.961832, 210.2, 121.0721, 340.4949, -4.534351, 1.0, -1.519084],
[0, 0, 0, 0, 0, 306.426, 52.79901, 314.2868, -0.5572519, 5.946565, 1.29771, 206.1417, 120.8346, 343.5021, -2.778626, -1.78626, 0.7022901],
[0, 0, 0, 0, 0, 307.8537, 50.63708, 313.5447, 0.2061069, 1.908397, -0.01526718, 205.5656, 123.383, 342.33, 0.7099237, -0.6870229, 2.0],
[0, 0, 0, 0, 0, 308.2801, 50.83373, 314.184, -1.068702, 1.099237, 1.251908, 204.6193, 123.2392, 343.1133, -1.648855, 1.122137, 0.2366412],
[0, 0, 0, 0, 0, 308.4369, 50.4401, 313.9434, -4.160306, 2.51145, -0.4656488, 205.6825, 123.2329, 342.3378, -4.19084, 1.305344, 2.137405],
[0, 0, 0, 0, 0, 307.5547, 51.14243, 313.7522, -3.900763, 2.160305, -1.229008, 204.4473, 123.253, 343.2304, -1.870229, 2.183206, 2.89313],
[0, 0, 0, 0, 0, 308.6801, 51.18921, 314.9579, -2.274809, 5.015267, 0.2519084, 205.7076, 122.6771, 342.6671, -6.740458, -0.519084, 1.572519],
[0, 0, 0, 0, 0, 307.3946, 53.01164, 315.5157, -3.610687, 0.259542, -2.381679, 205.9602, 122.739, 342.4452, -1.290076, 1.312977, 3.473282],
[0, 0, 0, 0, 0, 308.8657, 50.78805, 314.7375, -3.778626, 2.274809, 0.9236641, 205.6446, 122.8739, 342.5902, -2.70229, 0.7328244, 1.419847],
[0, 0, 0, 0, 0, 307.9856, 51.70449, 314.7736, -4.59542, -0.03053435, 1.129771, 205.8268, 123.6341, 341.9775, -3.19084, 2.21374, 0.480916],
[0, 0, 0, 0, 0, 308.3222, 51.07616, 314.475, -2.618321, 2.320611, 0.8396947, 204.6144, 124.0495, 342.6247, -1.656489, 1.175573, 1.587786],
[0, 0, 0, 0, 0, 308.9933, 50.53514, 314.6099, -3.114504, 1.061069, 0.4885496, 205.572, 123.4382, 342.2906, -2.022901, 1.587786, 1.167939],
[0, 0, 0, 0, 0, 308.903, 51.06832, 315.0622, -3.984733, 1.442748, 0.4885496, 205.5068, 123.4725, 342.3173, -2.625954, 1.870229, 1.19084],
[0, 0, 0, 0, 0, 308.931, 47.79418, 311.78, -5.29771, -0.8473283, 1.908397, 205.4533, 123.5328, 342.3193, -0.3740458, 2.931298, 0.09923664],
[0, 0, 0, 0, 0, 308.4708, 50.07731, 313.6092, -3.557252, 0.6335878, 1.557252, 203.9634, 123.3149, 343.546, -3.580153, 3.580153, 0.3969466],
[0, 0, 0, 0, 0, 308.6099, 50.6895, 314.375, -3.320611, 2.824427, -1.351145, 204.7957, 122.818, 343.2394, -4.832061, 1.725191, 2.396947],
[0, 0, 0, 0, 0, 308.2778, 51.29024, 314.6488, -2.900763, 2.122137, -1.114504, 204.9517, 123.0462, 342.9881, -3.312977, 0.961832, 2.587786],
[0, 0, 0, 0, 0, 308.3532, 51.56089, 315.0039, -2.885496, 0.4198473, 0.3358779, 206.5414, 123.4615, 341.5548, -0.4732824, 1.526718, 1.236641],
[0, 0, 0, 0, 0, 307.8892, 50.61499, 313.5587, -3.328244, 3.007634, 1.465649, 204.8595, 123.1679, 342.9812, -3.648855, 0.2900764, 0.3740458],
[0, 0, 0, 0, 0, 307.232, 52.06579, 314.3669, -4.770992, 2.847328, 0.03053435, 204.8893, 123.1714, 342.9573, -2.526718, 1.748092, 1.885496],
[0, 0, 0, 0, 0, 308.5374, 50.88325, 314.4986, -2.984733, 2.358779, -0.8625955, 204.2312, 123.1499, 343.449, -4.038168, 1.961832, 1.961832],
[0, 0, 0, 0, 0, 308.6602, 50.20151, 313.9295, -2.78626, 4.694656, 1.740458, 205.0573, 124.2062, 342.195, -3.80916, 0.2290076, -0.1526718],
[0, 0, 0, 0, 0, 308.1572, 50.28368, 313.4971, -4.229008, 2.061069, 1.717557, 203.2909, 124.0842, 343.59, -2.312977, 1.938931, 0.0610687],
[0, 0, 0, 0, 0, 308.2834, 49.68221, 313.0167, -1.832061, 2.137405, -0.7709923, 204.0686, 123.4602, 343.3834, -2.076336, 0.7022901, 2.267176],
[0, 0, 0, 0, 0, 308.9611, 49.12912, 313.1509, -4.320611, 1.083969, 1.51145, 203.811, 124.5586, 342.9208, -2.709924, 1.671756, 0.2061069],
[0, 0, 0, 0, 0, 306.7638, 51.35687, 313.1518, -2.78626, 2.885496, -1.412214, 204.3291, 122.8148, 343.5771, -2.748092, 1.587786, 3.442748],
[0, 0, 0, 0, 0, 309.2887, 49.76021, 314.1234, -2.969466, 3.351145, -1.320611, 204.5583, 123.0885, 343.2483, -4.717557, 1.709924, 2.862595],
[0, 0, 0, 0, 0, 307.9318, 50.93738, 313.9315, -1.450382, 4.38168, -0.6793893, 204.7271, 123.0548, 343.1461, -5.541985, -0.3969466, 2.015267],
[0, 0, 0, 0, 0, 309.0237, 50.69698, 314.806, -3.694656, 3.862595, -1.083969, 205.1596, 124.8459, 341.7152, -5.160306, 1.572519, 1.862595],
[0, 0, 0, 0, 0, 309.0637, 49.54588, 313.6768, -3.351145, 3.129771, 0.7099237, 205.0364, 123.735, 342.5032, -3.412214, 0.9541985, 0.7022901],
[0, 0, 0, 0, 0, 308.6181, 50.09838, 313.7815, -1.954198, 1.19084, 0.2824428, 204.6063, 123.6372, 342.8819, -0.8778625, 1.152672, 1.671756],
[0, 0, 0, 0, 0, 338.2476, 32.6781, 328.2234, -3.709924, 1.664122, 0.2442748, 199.2752, 145.0023, 333.225, -1.389313, 1.885496, 1.022901],
[0, 0, 0, 0, 0, 338.7852, 31.66142, 327.9227, -3.854962, 2.290076, -0.1374046, 199.2426, 144.6876, 333.5345, -3.305344, 1.412214, 1.435114],
[0, 0, 0, 0, 0, 339.0786, 32.10885, 328.7584, -3.40458, 2.48855, -0.5114504, 199.3653, 144.7115, 333.3577, -3.557252, 1.236641, 2.099237],
[0, 0, 0, 0, 0, 338.6514, 31.89253, 327.976, -4.030534, 1.908397, 0.07633588, 198.9404, 144.7517, 333.8668, -2.633588, 1.824428, 1.305344],
[0, 0, 0, 0, 0, 338.312, 32.48664, 328.1189, -3.59542, 0.5114504, 0.3282443, 198.9369, 144.4105, 334.1555, -2.458015, 1.70229, 1.534351],
[0, 0, 0, 0, 0, 338.2478, 31.99153, 327.5415, -3.541985, 1.198473, -0.5954198, 199.1079, 144.5565, 333.8163, -1.648855, 2.435115, 2.70229],
[0, 0, 0, 0, 0, 337.662, 32.64378, 327.4298, -4.923664, 0.9160305, 0.6412213, 199.051, 144.5997, 333.8527, -1.740458, 2.427481, 1.832061],
[0, 0, 0, 0, 0, 337.8643, 32.60425, 327.6524, -3.396947, 2.78626, -0.3435115, 199.0035, 144.2967, 334.1652, -3.519084, 0.778626, 2.045802],
[0, 0, 0, 0, 0, 337.9759, 32.07569, 327.2689, -4.343512, 2.244275, 0.5114504, 199.56, 144.1281, 333.6034, -3.526718, 1.045802, 1.641221],
[0, 0, 0, 0, 0, 338.2353, 32.65643, 328.1861, -3.526718, 1.580153, 0.2900764, 199.4056, 144.1078, 333.8145, -2.80916, 1.885496, 1.687023],
[0, 0, 0, 0, 0, 337.4775, 32.48628, 327.0339, -3.755725, 1.923664, 0.1984733, 199.2353, 144.2288, 333.9282, -1.954198, 1.656489, 1.458015],
[0, 0, 0, 0, 0, 337.7615, 32.23699, 327.1514, -3.129771, 2.557252, 0.4198473, 199.7875, 144.0591, 333.3763, -3.908397, 0.7328244, 1.152672],
[0, 0, 0, 0, 0, 336.9612, 32.18971, 326.0668, -4.114504, 2.442748, -0.3053435, 199.361, 144.4543, 333.5806, -3.206107, 1.053435, 2.053435],
[0, 0, 0, 0, 0, 336.9735, 32.19374, 326.0869, -3.778626, 1.801527, 0.610687, 198.9883, 144.0069, 334.4228, -1.419847, 1.267176, 1.076336],
[0, 0, 0, 0, 0, 336.8245, 32.61738, 326.3276, -3.358779, 1.366412, 0.5496183, 199.562, 144.5813, 333.2182, -1.78626, 1.839695, 1.160305],
[0, 0, 0, 0, 0, 337.1917, 32.54893, 326.7287, -3.709924, 2.251908, 0.2900764, 199.3548, 143.9129, 334.0398, -2.755725, 0.8931297, 1.29771],
[0, 0, 0, 0, 0, 337.274, 32.15947, 326.4398, -3.641221, 1.687023, 0.2519084, 198.3967, 144.3809, 334.868, -2.89313, 1.312977, 1.412214],
[0, 0, 0, 0, 0, 337.4751, 31.84854, 326.3831, -2.80916, 2.282443, -0.1908397, 199.1922, 144.1233, 334.0701, -3.458015, 1.175573, 1.923664],
[0, 0, 0, 0, 0, 338.2836, 31.09956, 326.6791, -3.10687, 2.129771, -0.3740458, 198.971, 144.1559, 334.3224, -3.656489, 1.870229, 2.312977],
[0, 0, 0, 0, 0, 337.1716, 31.98193, 326.1255, -3.687023, 0.351145, 0.3206107, 199.2306, 143.8341, 334.2602, -0.7099237, 2.076336, 1.267176],
[0, 0, 0, 0, 0, 336.5695, 32.20786, 325.5828, -2.78626, 2.152672, -0.5038168, 198.5485, 144.5221, 334.559, -3.175573, 1.091603, 1.557252],
[0, 0, 0, 0, 0, 336.7749, 32.45554, 326.0996, -3.282443, 2.946565, 0.1755725, 199.3852, 144.3182, 333.6642, -3.709924, 1.175573, 1.480916],
[0, 0, 0, 0, 0, 337.049, 32.32771, 326.321, -3.0, 2.503817, -0.1679389, 198.9486, 144.5544, 334.0212, -2.351145, 0.6793893, 2.335878],
[0, 0, 0, 0, 0, 336.8626, 32.15612, 325.9055, -4.328244, 1.610687, -1.503817, 199.7116, 143.1345, 334.2362, -3.389313, 1.21374, 3.267176],
[0, 0, 0, 0, 0, 337.2469, 31.98242, 326.2237, -4.908397, 1.274809, 0.2442748, 199.3131, 144.6587, 333.4689, -3.442748, 2.549618, 1.572519],
[0, 0, 0, 0, 0, 336.3937, 32.21762, 325.3682, -4.587786, 1.656489, -0.3358779, 199.7305, 143.6817, 333.7629, -3.175573, 3.030534, 1.007634],
[0, 0, 0, 0, 0, 336.4013, 32.30367, 325.4668, -4.419847, 1.221374, 0.6259542, 198.4775, 143.5283, 335.4484, -2.854962, 2.091603, 1.091603],
[0, 0, 0, 0, 0, 335.876, 32.07303, 324.5592, -2.458015, 1.732824, 0.3435115, 198.2288, 144.6617, 334.8551, -2.328244, 1.534351, 0.8931297],
[0, 0, 0, 0, 0, 337.1607, 32.32837, 326.4655, -3.015267, 1.625954, -0.3587786, 198.866, 143.7822, 334.7591, -1.29771, 1.969466, 2.236641],
[0, 0, 0, 0, 0, 336.6036, 32.70266, 326.1326, -2.648855, 3.229008, -3.335878, 199.2771, 143.4795, 334.4916, -3.793893, 1.099237, 4.541985],
[0, 0, 0, 0, 0, 336.8799, 32.69246, 326.4744, -7.305344, 0.2977099, 3.099237, 199.5672, 144.4748, 333.3021, -3.175573, 3.267176, -0.9007633],
[0, 0, 0, 0, 0, 336.1332, 32.0467, 324.8585, -1.251908, 2.312977, 1.0, 198.4464, 144.3402, 334.8377, -1.908397, 0.9236641, 0.389313],
[0, 0, 0, 0, 0, 336.7442, 32.91443, 326.5253, -2.083969, -0.9083969, 4.152672, 198.9553, 143.5685, 334.8199, -0.7099237, 0.4198473, -2.206107],
[0, 0, 0, 0, 0, 335.4425, 33.50649, 325.492, -3.229008, 1.671756, -0.5954198, 198.5404, 144.0398, 334.9613, -2.183206, 2.549618, 2.160305],
[0, 0, 0, 0, 0, 334.6349, 33.97877, 324.98, -3.732824, 0.6183206, -0.2137404, 198.6569, 143.907, 334.9212, -1.175573, 2.763359, 1.70229],
[0, 0, 0, 0, 0, 334.2152, 33.47282, 323.9526, -3.801527, 2.198473, -0.1374046, 198.3469, 143.0619, 335.9754, -2.824427, 1.877863, 1.717557],
[0, 0, 0, 0, 0, 334.8771, 34.00024, 325.2965, -2.679389, 1.816794, -0.4351145, 199.432, 143.0779, 334.6252, -3.206107, 1.015267, 1.618321],
[0, 0, 0, 0, 0, 335.2942, 33.32225, 325.1214, -3.29771, 1.236641, -0.5725191, 199.1999, 142.7217, 335.1932, -4.160306, 1.358779, 1.839695],
[0, 0, 0, 0, 0, 335.3227, 33.8178, 325.6583, -3.0, 2.938931, -0.4580153, 200.2365, 143.2886, 333.4656, -5.526718, 2.534351, 3.351145],
[0, 0, 0, 0, 0, 335.407, 32.22687, 324.1285, -6.114504, 0.519084, 0.6183206, 198.3125, 143.7814, 335.4554, -1.862595, 1.877863, 2.122137],
[0, 0, 0, 0, 0, 335.1291, 33.18362, 324.7755, -2.816794, 2.290076, 0.7022901, 199.6165, 143.296, 334.2214, -2.236641, 1.145038, 0.2671756],
[0, 0, 0, 0, 0, 334.9035, 32.43169, 323.7145, -3.038168, 1.282443, -0.5801527, 198.5231, 143.3694, 335.5168, -0.7022901, 1.587786, 2.541985],
[0, 0, 0, 0, 0, 334.1027, 33.63341, 323.9816, -4.770992, 1.412214, 0.4656488, 199.4067, 142.2853, 335.2857, -2.419847, 1.862595, 1.862595],
[0, 0, 0, 0, 0, 335.2792, 32.73633, 324.5003, -3.648855, -0.007633588, 1.160305, 199.1354, 143.2101, 334.8841, -2.290076, 3.229008, 0.9923664],
[0, 0, 0, 0, 0, 334.943, 33.30669, 324.6722, -3.664122, 1.778626, -0.1603053, 198.9516, 143.3895, 334.9681, -1.763359, 2.312977, 2.374046],
[0, 0, 0, 0, 0, 335.4205, 33.8619, 325.8229, -3.358779, -0.06870229, 1.305344, 199.5107, 143.3634, 334.2969, -2.351145, 2.267176, 0.09923664],
[0, 0, 0, 0, 0, 334.586, 32.44867, 323.3386, -3.610687, 1.793893, -1.198473, 198.7616, 142.9151, 335.578, -1.564886, 2.259542, 2.709924],
[0, 0, 0, 0, 0, 335.4551, 33.04867, 325.0414, -3.877863, 1.374046, -0.03053435, 199.8492, 142.697, 334.423, -1.824428, 1.473282, 1.664122],
[0, 0, 0, 0, 0, 331.5836, 38.65207, 326.0117, -2.908397, 2.48855, -0.5648855, 202.8829, 138.2224, 334.5005, -2.229008, 1.435114, 1.870229],
[0, 0, 0, 0, 0, 332.2733, 38.26104, 326.4094, -2.656489, 1.114504, -0.389313, 203.0612, 138.1502, 334.3648, -2.29771, 0.961832, 1.374046],
[0, 0, 0, 0, 0, 331.4865, 37.87592, 325.1606, -3.381679, 0.5267176, 0.2977099, 203.3264, 138.5322, 333.7759, -3.328244, 1.793893, 1.068702],
[0, 0, 0, 0, 0, 331.5657, 39.13867, 326.4512, -3.351145, 1.709924, 0.3129771, 203.4108, 138.2744, 333.8898, -2.78626, 1.129771, 0.9541985],
[0, 0, 0, 0, 0, 331.7465, 38.38079, 325.9347, -3.015267, 0.8931297, 0.7099237, 202.994, 138.124, 334.4577, -1.847328, 1.450382, 1.312977],
[0, 0, 0, 0, 0, 331.0357, 38.87451, 325.6179, -3.412214, 1.129771, 0.2519084, 203.6232, 137.5019, 334.2721, -4.091603, 1.824428, 1.427481],
[0, 0, 0, 0, 0, 331.3566, 38.44061, 325.5586, -3.526718, 1.938931, 0.610687, 202.423, 138.6632, 334.6562, -2.671756, 1.160305, 1.007634],
[0, 0, 0, 0, 0, 331.4451, 38.16917, 325.3968, -3.137405, 2.015267, 0.1221374, 203.187, 138.374, 334.0527, -4.290076, 2.145038, 2.083969],
[0, 0, 0, 0, 0, 331.8772, 38.01133, 325.728, -4.19084, 2.290076, 0.6564885, 202.7574, 138.7351, 334.2346, -3.015267, 1.19084, 1.40458],
[0, 0, 0, 0, 0, 331.5424, 38.42338, 325.7484, -3.221374, 3.19084, -0.7175572, 203.0003, 137.9912, 334.5545, -3.656489, 0.8244275, 2.10687],
[0, 0, 0, 0, 0, 331.7398, 38.41431, 325.9592, -3.114504, 1.51145, -0.4351145, 202.7679, 138.4417, 334.4537, -2.061069, 1.70229, 2.068702],
[0, 0, 0, 0, 0, 331.6822, 38.33283, 325.8175, -3.503817, 1.671756, 0.09160305, 202.9724, 138.3303, 334.3194, -3.442748, 1.732824, 1.343511],
[0, 0, 0, 0, 0, 331.7475, 38.11185, 325.6791, -3.458015, 1.625954, -0.6335878, 203.4382, 138.1793, 333.9357, -2.923664, 2.320611, 2.19084],
[0, 0, 0, 0, 0, 332.1144, 38.84703, 326.7839, -3.603053, 1.29771, -0.9770992, 203.6506, 138.1914, 333.6974, -2.473282, 1.19084, 2.435115],
[0, 0, 0, 0, 0, 331.0281, 39.12591, 325.8484, -3.038168, 1.381679, 0.3587786, 203.6158, 138.5261, 333.4668, -1.503817, 1.832061, 1.648855],
[0, 0, 0, 0, 0, 331.6592, 39.02569, 326.4481, -3.961832, 2.625954, -0.6946565, 203.9499, 137.6256, 333.8277, -3.763359, 1.908397, 2.656489],
[0, 0, 0, 0, 0, 331.3445, 38.87589, 325.9596, -3.541985, 2.48855, 0.2137404, 203.6845, 138.0131, 333.8031, -4.10687, 1.343511, 1.229008],
[0, 0, 0, 0, 0, 331.5297, 38.61372, 325.9154, -4.022901, 1.717557, 0.4961832, 203.4797, 137.8298, 334.1674, -3.358779, 1.458015, 1.076336],
[0, 0, 0, 0, 0, 330.2531, 39.91045, 325.7468, -3.572519, 2.687023, -0.3664122, 203.845, 137.8618, 333.7516, -2.465649, 0.8473283, 1.755725],
[0, 0, 0, 0, 0, 330.983, 38.67713, 325.3715, -3.282443, 2.0, -0.9465649, 203.9334, 138.2745, 333.3262, -3.267176, 1.358779, 1.839695],
[0, 0, 0, 0, 0, 330.745, 38.95598, 325.3762, -3.29771, 1.801527, -0.1221374, 203.7792, 137.9924, 333.718, -1.732824, 1.244275, 1.832061],
[0, 0, 0, 0, 0, 331.39, 38.36292, 325.5212, -2.938931, 2.48855, 0.9312977, 203.46, 138.3377, 333.7862, -3.832061, 0.7099237, 0.6259542],
[0, 0, 0, 0, 0, 331.7463, 38.76043, 326.2944, -3.10687, 2.381679, 0.3053435, 203.8368, 138.3119, 333.4002, -3.274809, 0.519084, 1.633588],
[0, 0, 0, 0, 0, 332.5768, 37.70247, 326.2204, -2.687023, 1.29771, 0.2442748, 202.9815, 138.5922, 334.1031, -5.694656, 0.832061, 1.977099],
[0, 0, 0, 0, 0, 331.3011, 38.48252, 325.5371, -3.129771, 1.763359, 2.061069, 202.6904, 138.3385, 334.6183, -2.885496, 0.4961832, 0.05343511],
[0, 0, 0, 0, 0, 331.614, 38.39551, 325.8014, -2.496183, 2.900763, 0.7938931, 203.4129, 138.9444, 333.3505, -4.38168, 0.8396947, -0.648855],
[0, 0, 0, 0, 0, 330.6521, 38.01105, 324.3623, -2.396947, 1.679389, 0.2977099, 202.9302, 138.6657, 334.1008, -1.908397, 1.862595, 1.40458],
[0, 0, 0, 0, 0, 332.6919, 37.46878, 326.1277, -7.282443, -0.01526718, -2.21374, 203.3291, 138.6555, 333.6744, -4.045802, 3.656489, 4.870229],
[0, 0, 0, 0, 0, 330.4661, 37.72044, 323.8714, 1.755725, -0.07633588, 2.541985, 201.9119, 138.4801, 335.3549, -0.1145038, -0.4503817, -1.961832],
[0, 0, 0, 0, 0, 331.1135, 37.79787, 324.668, -5.78626, 3.435115, 1.083969, 202.5469, 138.2243, 334.8621, -3.282443, 1.625954, 1.427481],
[0, 0, 0, 0, 0, 330.2941, 39.10592, 325.0262, -5.412214, 4.366412, -0.3053435, 202.5559, 138.7853, 334.4155, -7.129771, 0.9847328, 3.053435],
[0, 0, 0, 0, 0, 330.737, 37.7347, 324.1867, -5.59542, 1.748092, 0.5877862, 202.6091, 139.5217, 333.7727, -4.587786, 2.603053, 1.015267],
[0, 0, 0, 0, 0, 329.6189, 38.8078, 324.0016, -4.870229, 0.5572519, 1.854962, 202.3182, 138.4418, 334.9421, -1.572519, 0.5343512, 1.603053],
[0, 0, 0, 0, 0, 329.7404, 37.32382, 322.6731, -3.030534, 2.465649, 0.8396947, 201.8679, 139.5539, 334.5731, -4.610687, 2.732824, 0.7862596],
[0, 0, 0, 0, 0, 330.6286, 40.05412, 326.2876, -1.824428, 5.320611, -1.793893, 203.6851, 136.4623, 335.0124, -3.519084, -3.290076, 3.587786],
[0, 0, 0, 0, 0, 331.1133, 38.64422, 325.4839, 0.1832061, 4.473282, -0.1832061, 203.4528, 141.0503, 331.5544, -2.0, -4.145038, 1.236641],
[0, 0, 0, 0, 0, 330.9355, 37.64084, 324.3161, -0.6183206, 2.687023, -0.8244275, 202.5547, 138.6448, 334.5268, -3.160305, 0.04580153, 2.412214],
[0, 0, 0, 0, 0, 330.0426, 37.64138, 323.3236, -3.580153, 0.6641222, -0.5877862, 202.4994, 139.2388, 334.1199, -0.06870229, 2.648855, 1.396947],
[0, 0, 0, 0, 0, 331.954, 37.49991, 325.3223, -1.78626, 2.900763, 1.137405, 202.5002, 140.2167, 333.333, -1.671756, -0.6412213, 1.328244],
[0, 0, 0, 0, 0, 331.8259, 36.82657, 324.5206, -2.793893, 1.412214, -1.030534, 202.7005, 139.2636, 333.8779, -3.267176, 1.427481, 2.442748],
[0, 0, 0, 0, 0, 332.3895, 37.19402, 325.5197, -3.099237, 3.244275, 0.5114504, 203.0137, 140.7759, 332.288, -2.832061, 0.1832061, 0.9389313],
[0, 0, 0, 0, 0, 332.597, 36.6309, 325.2094, -3.358779, 1.931298, 0.259542, 203.1553, 140.3784, 332.46, -2.633588, 1.503817, 1.0],
[0, 0, 0, 0, 0, 331.2717, 37.1926, 324.2536, -4.045802, 1.366412, 0.1450382, 202.6663, 140.5271, 332.8904, -1.167939, 2.152672, 1.656489],
[0, 0, 0, 0, 0, 331.1726, 37.64396, 324.5843, -3.870229, 0.8015267, -0.3587786, 202.8293, 139.7934, 333.3078, -1.687023, 2.572519, 1.862595],
[0, 0, 0, 0, 0, 330.9789, 36.80467, 323.54, -4.694656, 0.9923664, -0.2977099, 202.4229, 139.5957, 333.9208, -2.587786, 2.725191, 1.557252],
[0, 0, 0, 0, 0, 331.1098, 37.42976, 324.3045, -3.244275, 0.740458, -0.4274809, 202.9968, 139.9047, 333.0297, -1.061069, 2.21374, 1.358779],
[0, 0, 0, 0, 0, 331.8763, 37.16652, 324.9106, -3.717557, 1.351145, -0.07633588, 203.1513, 139.9529, 332.8172, -3.175573, 2.045802, 2.015267],
[0, 0, 0, 0, 0, 330.9234, 37.75124, 324.4106, -3.732824, 2.137405, 1.40458, 202.8188, 139.8377, 333.2836, -3.564885, 1.541985, 0.1603053],
[0, 0, 0, 0, 0, 326.4285, 37.54441, 319.283, -2.671756, -1.099237, 1.19084, 208.987, 130.0597, 334.8225, 0.04580153, 1.152672, 1.580153],
[0, 0, 0, 0, 0, 326.1873, 36.9547, 318.4181, -3.259542, 3.122137, 0.2290076, 208.3601, 130.203, 335.2789, -2.610687, 0.5038168, 1.847328],
[0, 0, 0, 0, 0, 325.6364, 37.65971, 318.5538, -1.717557, 1.145038, -2.022901, 209.075, 129.6816, 335.0374, -2.687023, 0.4656488, 2.19084],
[0, 0, 0, 0, 0, 327.896, 36.17076, 319.4634, -2.969466, 2.358779, 1.381679, 208.131, 130.4713, 335.2809, -1.206107, 1.244275, 0.7022901],
[0, 0, 0, 0, 0, 326.5926, 37.13025, 319.0352, -1.580153, -0.5419847, -1.0, 208.5299, 131.1012, 334.4263, -1.473282, 1.007634, 0.6946565],
[0, 0, 0, 0, 0, 326.1249, 38.21537, 319.6411, -4.076336, 2.442748, -1.610687, 209.0049, 130.9239, 334.1273, -3.442748, 1.59542, 3.152672],
[0, 0, 0, 0, 0, 327.51, 38.39901, 321.3114, -4.038168, 4.21374, -0.6717557, 209.5445, 130.1783, 334.2234, -4.854962, 0.9083969, 2.641221],
[0, 0, 0, 0, 0, 327.0796, 38.01908, 320.4657, -3.946565, 1.061069, 0.6183206, 208.8988, 130.3115, 334.7059, -1.557252, 1.870229, 1.396947],
[0, 0, 0, 0, 0, 325.3461, 39.00616, 319.6141, -6.19084, 8.679389, -2.122137, 209.5888, 130.6919, 333.7739, -5.038168, 2.610687, 2.564885],
[0, 0, 0, 0, 0, 329.2647, 39.01123, 323.8141, 10.51145, -3.366412, -18.29008, 208.6982, 130.2704, 334.9203, -8.122137, 2.977099, 7.206107],
[0, 0, 0, 0, 0, 334.0151, 38.58746, 328.6706, -2.48855, -0.3587786, -9.267176, 209.8201, 130.0165, 334.1015, -7.78626, 6.206107, 9.236641],
[0, 0, 0, 0, 0, 331.9835, 39.23364, 327.0001, -16.51145, 1.885496, 12.55725, 208.9741, 130.0081, 334.8743, -4.244275, 0.5877862, -0.6717557],
[0, 0, 0, 0, 0, 331.0623, 38.54553, 325.333, -9.160305, 1.396947, 13.74046, 207.1184, 131.4587, 335.4573, 1.305344, -4.396946, -0.8396947],
[0, 0, 0, 0, 0, 326.8491, 39.10882, 321.3117, -5.969466, 1.221374, 7.725191, 208.0845, 131.0765, 334.8569, 1.603053, 0.3282443, -1.778626],
[0, 0, 0, 0, 0, 325.7525, 37.44583, 318.4582, -2.778626, 0.1755725, 3.992366, 207.0842, 131.6186, 335.3675, -0.9694656, 0.007633588, -1.534351],
[0, 0, 0, 0, 0, 324.929, 37.9923, 318.1435, -2.717557, 0.7557252, 2.992366, 207.9625, 131.1311, 334.9273, -0.9007633, 0.1221374, -0.5954198],
[0, 0, 0, 0, 0, 324.9802, 38.6206, 318.838, -3.320611, 0.480916, 0.9694656, 207.7084, 130.4487, 335.6823, -1.854962, 2.0, 1.175573],
[0, 0, 0, 0, 0, 323.1993, 39.12762, 317.489, -4.496183, 1.671756, 0.6946565, 207.8766, 130.1131, 335.7844, -3.916031, 0.6030535, 2.282443],
[0, 0, 0, 0, 0, 325.1247, 38.62576, 318.9958, -3.664122, 3.534351, 2.656489, 208.473, 130.9661, 334.5845, -5.885496, 1.038168, 1.274809],
[0, 0, 0, 0, 0, 324.0211, 38.3911, 317.5957, -5.679389, 2.923664, 0.9389313, 207.4741, 131.3682, 335.1966, -2.152672, 1.030534, 1.687023],
[0, 0, 0, 0, 0, 324.3727, 37.14514, 316.6834, -4.19084, 1.229008, 0.1068702, 206.9914, 131.0818, 335.8595, -3.312977, 3.206107, 1.007634],
[0, 0, 0, 0, 0, 324.1851, 37.17164, 316.5132, -2.061069, -0.2977099, 0.7328244, 207.3223, 130.645, 335.8852, 0.1374046, 1.847328, 0.3969466],
[0, 0, 0, 0, 0, 324.6494, 37.56691, 317.4112, -2.290076, 2.358779, -0.7938931, 207.7047, 130.7683, 335.4427, -3.519084, 0.2977099, 1.778626],
[0, 0, 0, 0, 0, 324.9635, 37.23277, 317.399, -2.351145, 3.473282, 0.2366412, 207.7179, 130.6893, 335.4909, -4.458015, -0.03053435, 2.053435],
[0, 0, 0, 0, 0, 324.7348, 38.08892, 318.0372, -3.229008, 0.778626, 0.5954198, 207.6441, 131.157, 335.2012, -1.977099, 1.564886, 1.717557],
[0, 0, 0, 0, 0, 324.8563, 37.69732, 317.7641, -2.877863, 2.267176, -0.870229, 207.2271, 131.152, 335.5895, -4.29771, 0.8473283, 1.816794],
[0, 0, 0, 0, 0, 325.4164, 37.2373, 317.8851, -4.80916, 2.427481, -0.4198473, 207.6376, 130.9981, 335.3288, -4.068702, 1.091603, 1.648855],
[0, 0, 0, 0, 0, 324.932, 37.16055, 317.2909, -4.221374, 1.557252, 0.519084, 207.7816, 131.0205, 335.1791, -1.946565, 1.954198, 1.442748],
[0, 0, 0, 0, 0, 324.6189, 38.05947, 317.8848, -3.0, 0.9312977, 0.5648855, 208.078, 131.0088, 334.9153, -1.885496, 1.877863, 0.9007633],
[0, 0, 0, 0, 0, 324.584, 38.53011, 318.3285, -3.885496, 0.961832, -0.2061069, 208.346, 130.9316, 334.7284, -2.687023, 2.412214, 1.770992],
[0, 0, 0, 0, 0, 324.8307, 38.02627, 318.0744, -3.801527, 1.900763, -0.9236641, 207.525, 130.9248, 335.4881, -1.526718, 1.847328, 1.664122],
[0, 0, 0, 0, 0, 324.5132, 37.55764, 317.2579, -3.122137, 2.045802, -0.6564885, 209.2698, 132.006, 333.0125, 0.3969466, -1.114504, 2.51145],
[0, 0, 0, 0, 0, 322.5413, 37.80523, 315.4516, -2.358779, 2.198473, 0.4122138, 207.6468, 130.9661, 335.3448, -8.603053, 2.10687, 0.6717557],
[0, 0, 0, 0, 0, 325.451, 37.87617, 318.5781, -2.740458, -0.7175572, 1.358779, 208.2841, 132.5477, 333.5116, 0.3282443, 1.862595, 0.6717557],
[0, 0, 0, 0, 0, 324.3589, 37.41812, 316.9512, -2.679389, 2.587786, 1.007634, 208.5402, 132.2053, 333.5421, -0.480916, 1.274809, 0.5725191],
[0, 0, 0, 0, 0, 325.8616, 37.48889, 318.6189, -3.610687, 1.78626, 0.3664122, 208.4643, 131.5214, 334.1567, -3.427481, 1.480916, 1.549618],
[0, 0, 0, 0, 0, 324.9693, 37.71807, 317.905, -3.068702, 5.412214, 0.1450382, 208.4643, 131.5673, 334.1204, -3.824427, 0.8091603, 1.496183],
[0, 0, 0, 0, 0, 326.0195, 37.53083, 318.8308, -3.244275, 2.099237, 0.1145038, 208.357, 131.4569, 334.3075, -3.389313, 1.183206, 1.099237],
[0, 0, 0, 0, 0, 325.5248, 37.47703, 318.2474, -2.656489, 2.870229, -0.2061069, 208.1958, 132.5403, 333.6016, -5.519084, 0.2824428, 1.839695],
[0, 0, 0, 0, 0, 325.4775, 37.0519, 317.7588, -3.366412, 2.587786, -0.4961832, 207.7555, 131.9678, 334.4703, -2.442748, 1.351145, 2.068702],
[0, 0, 0, 0, 0, 324.947, 37.39984, 317.5539, -4.068702, 1.290076, -0.06870229, 207.9705, 131.9252, 334.3014, -1.679389, 2.091603, 1.625954],
[0, 0, 0, 0, 0, 325.0869, 37.10839, 317.4015, -3.725191, 2.80916, -0.5877862, 207.6606, 131.85, 334.6511, -4.312977, 1.641221, 1.549618],
[0, 0, 0, 0, 0, 325.344, 36.35338, 316.8907, -3.671756, 1.70229, -0.9923664, 207.7585, 132.1524, 334.3231, -2.389313, 1.938931, 3.10687],
[0, 0, 0, 0, 0, 326.0614, 37.08349, 318.4159, -2.412214, 4.763359, -0.6717557, 207.8841, 131.914, 334.3914, -8.572519, 1.748092, 0.6641222],
[0, 0, 0, 0, 0, 324.2822, 37.64717, 317.1066, -5.725191, 2.503817, -0.3129771, 207.7219, 131.8598, 334.586, -4.167939, 2.572519, 2.51145],
[0, 0, 0, 0, 0, 326.2385, 36.90731, 318.4244, -2.839695, 2.0, -0.09923664, 208.4916, 131.4991, 334.1488, -2.160305, 1.015267, 1.770992],
[0, 0, 0, 0, 0, 325.9179, 39.99382, 321.2042, 5.534351, 2.236641, -2.992366, 207.9551, 132.8309, 333.6, -4.122138, 1.480916, 0.2900764],
[0, 0, 0, 0, 0, 326.1668, 39.50584, 320.9823, -7.08397, -0.9236641, 7.267176, 208.2598, 132.0832, 333.9044, -2.274809, 0.6870229, -2.282443],
[0, 0, 0, 0, 0, 321.1106, 44.50296, 320.7103, -3.320611, -0.4961832, -1.19084, 215.3637, 120.6334, 337.0131, -4.129771, 1.977099, 1.534351],
[0, 0, 0, 0, 0, 320.9712, 44.83102, 320.8919, -2.717557, -0.2213741, -1.206107, 215.8641, 120.6031, 336.657, -2.038168, 2.244275, 1.78626],
[0, 0, 0, 0, 0, 321.4962, 44.36759, 320.9648, -3.160305, 2.435115, 0.1679389, 216.1475, 121.3912, 335.7814, -3.320611, 0.5038168, 1.045802],
[0, 0, 0, 0, 0, 321.3696, 44.07379, 320.5498, -3.992366, 2.282443, -0.778626, 215.3852, 121.3359, 336.4209, -4.183206, 3.091603, 1.78626],
[0, 0, 0, 0, 0, 322.7463, 44.50124, 322.3499, -2.282443, 1.007634, 0.1068702, 215.344, 121.0947, 336.6507, -1.587786, 0.4351145, 1.068702],
[0, 0, 0, 0, 0, 322.2815, 44.07657, 321.4704, -2.778626, 1.167939, 0.2213741, 215.4616, 121.0772, 336.5746, -2.0, 1.709924, 0.9541985],
[0, 0, 0, 0, 0, 322.4473, 44.38775, 321.9398, -2.51145, 2.641221, 0.03816794, 215.277, 121.3129, 336.5235, -2.022901, 0.740458, 1.671756],
[0, 0, 0, 0, 0, 321.9154, 44.5788, 321.5915, -3.679389, 2.076336, 0.1679389, 215.3105, 121.2698, 336.533, -3.580153, 1.725191, 1.198473],
[0, 0, 0, 0, 0, 322.8901, 43.21891, 321.2485, -4.763359, 4.305344, -1.068702, 214.0092, 121.9155, 337.0154, -5.969466, -0.2137404, 2.152672],
[0, 0, 0, 0, 0, 323.0247, 43.42414, 321.5853, -4.572519, 2.870229, 0.09160305, 214.0492, 122.0409, 336.8843, -3.068702, 1.022901, 2.557252],
[0, 0, 0, 0, 0, 322.5887, 44.11457, 321.8167, -1.824428, 4.145038, -1.389313, 214.4395, 122.203, 336.4497, -5.290076, 0.3969466, 1.70229],
[0, 0, 0, 0, 0, 322.3755, 43.88393, 321.3773, -3.030534, 3.870229, 0.2366412, 214.4986, 121.526, 336.9504, -3.274809, 1.725191, 1.312977],
[0, 0, 0, 0, 0, 323.2435, 41.75268, 320.1675, -2.961832, 0.05343511, 0.3206107, 212.503, 122.1062, 338.0225, -1.030534, 3.015267, 2.358779],
[0, 0, 0, 0, 0, 323.2279, 42.51049, 320.8983, -3.259542, 1.625954, 1.137405, 214.9451, 121.8196, 336.3664, -1.641221, 1.48855, -0.0610687],
[0, 0, 0, 0, 0, 324.2912, 41.89138, 321.3808, -0.6183206, 1.381679, -0.7099237, 213.8419, 121.9541, 337.1139, -2.145038, 1.832061, 1.305344],
[0, 0, 0, 0, 0, 323.9622, 42.46445, 321.6039, -3.618321, 1.198473, -0.129771, 213.677, 122.1399, 337.0939, -1.709924, 2.70229, 2.389313],
[0, 0, 0, 0, 0, 323.1845, 42.49297, 320.8368, -3.916031, 2.633588, -0.4503817, 214.7848, 121.7385, 336.5572, -4.351145, 1.282443, 1.618321],
[0, 0, 0, 0, 0, 324.2191, 41.87623, 321.2917, -4.740458, 0.3740458, 1.381679, 214.7645, 121.2687, 336.9538, -2.564885, 2.687023, 0.7557252],
[0, 0, 0, 0, 0, 322.5805, 43.33853, 321.0516, -4.38168, 2.40458, -0.1068702, 214.1432, 120.6658, 337.9067, -4.129771, 2.465649, 2.19084],
[0, 0, 0, 0, 0, 322.7649, 42.93823, 320.8466, -2.80916, 2.541985, 0.05343511, 214.2658, 121.4034, 337.2273, -3.244275, 1.099237, 1.290076],
[0, 0, 0, 0, 0, 322.8404, 43.12317, 321.1044, -2.816794, 2.045802, 0.8854962, 215.5544, 121.0191, 336.551, -1.908397, 2.19084, 1.129771],
[0, 0, 0, 0, 0, 322.2868, 43.04445, 320.4653, -2.274809, 0.5114504, -0.4961832, 214.7698, 121.8065, 336.5136, -1.099237, 1.145038, 2.091603],
[0, 0, 0, 0, 0, 322.361, 43.73519, 321.2175, -3.877863, 2.687023, 0.5877862, 214.6245, 121.8183, 336.617, -2.442748, 0.9923664, 1.435114],
[0, 0, 0, 0, 0, 322.6873, 43.25172, 321.0749, -3.458015, 2.21374, -0.1145038, 214.0475, 121.9332, 336.9718, -2.015267, 1.717557, 1.48855],
[0, 0, 0, 0, 0, 322.8494, 43.65247, 321.6303, -2.549618, 1.053435, -0.480916, 214.3943, 121.5803, 336.987, -1.435114, 1.038168, 1.954198],
[0, 0, 0, 0, 0, 322.4438, 42.88996, 320.4727, -3.709924, 3.343511, 0.3358779, 214.0112, 122.301, 336.7056, -2.10687, 1.625954, 1.282443],
[0, 0, 0, 0, 0, 323.7438, 43.49674, 322.3847, -3.664122, 2.29771, -0.351145, 215.2653, 121.3478, 336.5038, -4.725191, 1.381679, 1.633588],
[0, 0, 0, 0, 0, 323.2741, 42.25242, 320.6919, -3.274809, 1.824428, 0.778626, 213.8435, 121.4521, 337.5108, -2.832061, -0.01526718, 0.9770992],
[0, 0, 0, 0, 0, 324.261, 42.2922, 321.7418, -3.282443, 0.9923664, 1.160305, 214.2127, 122.2904, 336.5566, -2.496183, -0.1145038, 0.1908397],
[0, 0, 0, 0, 0, 322.4888, 42.92312, 320.551, -3.725191, 2.305344, -0.4274809, 213.2441, 122.3983, 337.2254, -4.167939, 1.29771, 1.610687],
[0, 0, 0, 0, 0, 323.4039, 41.86876, 320.4467, -3.70229, 1.580153, -0.2137404, 213.1718, 121.9969, 337.5957, -2.389313, 2.183206, 1.969466],
[0, 0, 0, 0, 0, 323.2276, 42.9509, 321.3295, -2.580153, 2.229008, 0.351145, 213.4356, 122.2622, 337.1842, -1.748092, 0.6030535, 1.564886],
[0, 0, 0, 0, 0, 323.2312, 42.47215, 320.8641, -3.496183, 1.916031, 0.480916, 213.084, 122.9483, 336.9178, -1.671756, 1.374046, 0.9694656],
[0, 0, 0, 0, 0, 322.7936, 42.9875, 320.9241, -3.152672, 2.183206, -0.1755725, 213.4793, 122.5889, 336.8917, -2.984733, 1.396947, 1.725191],
[0, 0, 0, 0, 0, 323.375, 42.61362, 321.1496, -2.763359, 1.625954, 0.2213741, 213.1988, 122.7441, 336.9885, -2.687023, 1.526718, 1.389313],
[0, 0, 0, 0, 0, 323.585, 42.9422, 321.6848, -3.267176, 0.5725191, 1.450382, 213.3527, 122.4432, 337.1057, -0.7022901, 1.251908, 0.8244275],
[0, 0, 0, 0, 0, 323.758, 42.82158, 321.7436, -2.885496, 1.328244, 0.3587786, 212.9632, 122.9658, 336.9988, -1.053435, 1.549618, 1.503817],
[0, 0, 0, 0, 0, 323.6495, 41.84897, 320.6794, -3.206107, 1.458015, 0.1526718, 213.5391, 122.5405, 336.8834, -2.244275, 1.656489, 1.305344],
[0, 0, 0, 0, 0, 323.2598, 42.6283, 321.0465, -3.748092, 1.908397, -0.7022901, 214.0282, 121.7273, 337.151, -3.022901, 2.007634, 2.167939],
[0, 0, 0, 0, 0, 323.9128, 42.02106, 321.1191, -3.946565, 3.549618, 0.06870229, 212.2882, 123.1723, 337.3675, -3.748092, 0.1526718, 1.564886],
[0, 0, 0, 0, 0, 323.5636, 42.08273, 320.8214, -3.29771, 2.167939, 0.2900764, 212.4963, 122.8192, 337.478, -4.137404, 1.076336, 1.29771],
[0, 0, 0, 0, 0, 323.4398, 42.27281, 320.8814, -3.343511, 2.21374, 0.1908397, 212.9533, 123.162, 336.8524, -2.412214, 1.343511, 1.656489],
[0, 0, 0, 0, 0, 323.52, 42.38282, 321.0715, -2.969466, 1.458015, -0.6335878, 213.5746, 122.5192, 336.8726, -2.969466, 1.59542, 1.770992],
[0, 0, 0, 0, 0, 323.9676, 41.79045, 320.9488, -3.847328, 0.8854962, 0.5419847, 214.2807, 121.9876, 336.7473, -1.59542, 2.122137, 1.290076],
[0, 0, 0, 0, 0, 322.923, 42.41494, 320.4931, -3.114504, 2.076336, -0.2900764, 213.219, 123.0064, 336.7656, -2.870229, 1.541985, 1.030534],
[0, 0, 0, 0, 0, 323.6789, 41.89859, 320.7585, -4.526718, 1.51145, 1.076336, 213.048, 121.5983, 338.0003, -2.916031, 1.946565, 0.6259542],
[0, 0, 0, 0, 0, 322.8348, 42.91507, 320.8949, -2.29771, 0.1832061, 0.02290076, 213.551, 122.4785, 336.9233, -0.6946565, 1.801527, 1.450382],
[0, 0, 0, 0, 0, 322.4761, 43.20255, 320.8127, -2.366412, 1.824428, 0.5572519, 213.605, 122.8138, 336.6143, -2.839695, 1.358779, 1.145038],





