[0, 1, 1, 1, 1, 15.10526, 20.45448, 35.84381, -1.160305, 2.625954, 1.335878, 215.4331, 181.0318, 268.3734, -3.038168, -0.03816794, 0.03816794],
[0, 1, 1, 1, 1, 15.47663, 21.26729, 35.37837, -4.259542, 3.160305, 0.1374046, 215.2749, 181.6453, 267.5, -3.473282, -0.2290076, 0.6412213],
[0, 1, 1, 1, 1, 15.01388, 20.5056, 35.59815, -4.038168, 0.7099237, 1.717557, 214.8866, 181.6733, 267.4247, -3.137405, 2.007634, 0.7022901],
[0, 1, 1, 1, 1, 15.01982, 22.30828, 33.14219, -2.343511, 3.145038, 3.236641, 214.845, 180.9959, 268.3905, -3.259542, 1.160305, 1.022901],
[0, 1, 1, 1, 1, 15.23769, 22.07823, 33.84067, -4.984733, 0.389313, -1.007634, 215.638, 180.0396, 269.765, -2.572519, 0.5038168, 0.8396947],
[0, 1, 1, 1, 1, 15.15176, 21.26841, 34.7795, -3.519084, 0.8625955, 1.412214, 215.2432, 180.8727, 268.587, -4.160306, 0.6793893, -0.4198473],
[0, 1, 1, 1, 1, 12.60643, 20.54462, 30.80357, -4.931298, 3.70229, 0.7938931, 214.5106, 180.7721, 268.6958, -3.244275, 1.946565, 0.5038168],
[0, 1, 1, 1, 1, 12.13891, 21.17453, 29.02618, -3.251908, 4.48855, 3.145038, 214.4563, 181.0437, 268.2986, -3.648855, 0.1068702, 0.7480916],
[0, 1, 1, 1, 1, 12.71503, 22.36296, 28.72256, -6.0, 1.572519, -0.7480916, 215.0159, 180.2426, 269.4723, -3.015267, 1.435114, 1.320611],
[0, 1, 1, 1, 1, 12.73301, 22.52728, 28.56191, -3.358779, 2.519084, 1.022901, 214.5597, 180.5006, 269.0911, -3.160305, 1.0, 0.6870229],
[0, 1, 1, 1, 1, 13.99398, 21.96492, 31.67997, -1.770992, 0.4503817, -0.5343512, 214.0119, 180.3234, 269.3355, -5.954198, 1.740458, 0.8549618],
[0, 1, 1, 1, 1, 12.14568, 20.2221, 30.27669, -3.335878, 2.229008, 1.694656, 214.3858, 180.7219, 268.7632, -0.3129771, -0.1603053, -0.740458],
[0, 1, 1, 1, 1, 12.78674, 21.13151, 30.39811, -2.19084, 3.694656, -0.8778625, 214.4703, 180.4779, 269.1212, -4.473282, -0.9236641, 2.473282],
[0, 1, 1, 1, 1, 12.00005, 21.07452, 28.86582, -2.29771, -1.030534, 2.625954, 213.7605, 181.1043, 268.1652, -4.114504, 0.8473283, -0.8473283],
[0, 1, 1, 1, 1, 11.95635, 20.86002, 29.04663, -5.870229, -0.6564885, -1.70229, 214.7107, 180.8637, 268.5731, -1.396947, 3.335878, 1.259542],
[0, 1, 1, 1, 1, 12.15968, 20.65771, 29.73058, -3.839695, 2.549618, 0.1679389, 214.4235, 179.8802, 269.9894, -4.274809, 2.396947, 1.442748],
[0, 1, 1, 1, 1, 11.85083, 21.22121, 28.37405, -3.374046, 0.4274809, 0.5419847, 214.3929, 179.6762, 270.2867, -3.167939, 0.7862596, 0.3282443],
[0, 1, 1, 1, 1, 12.4407, 20.82734, 30.09024, -4.038168, 1.633588, -0.129771, 214.4062, 179.7227, 270.2188, -2.587786, 1.969466, 1.396947],
[0, 1, 1, 1, 1, 11.71968, 22.16861, 26.97253, -4.91603, 1.236641, -0.2061069, 214.784, 179.5489, 270.4642, -2.48855, 2.076336, 2.129771],
[0, 1, 1, 1, 1, 11.8151, 21.77608, 27.62695, -4.694656, 1.091603, -1.48855, 214.6301, 179.5135, 270.5184, -3.80916, 2.022901, 1.664122],
[0, 1, 1, 1, 1, 10.75105, 21.14561, 26.14677, -4.19084, 3.992366, -0.0610687, 214.5065, 179.7836, 270.1294, -3.916031, 1.541985, 1.389313],
[0, 1, 1, 1, 1, 11.98393, 20.9268, 29.0191, -5.282443, 3.099237, 0.832061, 214.7959, 180.5862, 268.9756, -2.70229, 1.625954, 0.7099237],
[0, 1, 1, 1, 0, 10.68431, 21.31813, 25.80278, -3.671756, 3.480916, -0.3053435, 214.2323, 179.1683, 271.0331, -3.549618, 2.137405, 3.251908],
[0, 1, 1, 1, 1, 11.41921, 22.20814, 26.31737, -4.694656, 0.3969466, -0.09160305, 214.6152, 179.3901, 270.697, -1.450382, 1.022901, 0.1832061],
[0, 1, 1, 1, 1, 11.46071, 22.28356, 26.31631, -1.442748, 2.870229, 1.961832, 214.9199, 179.2463, 270.8938, -3.633588, 0.6946565, 0.8091603],
[0, 1, 1, 1, 1, 11.6679, 21.02055, 28.24213, -3.137405, 2.793893, 1.167939, 214.3913, 179.6427, 270.3354, -2.870229, 0.3358779, 0.5267176],
[0, 1, 1, 1, 1, 10.90935, 21.74392, 25.79107, -4.748092, 1.40458, 0.1603053, 214.5822, 180.1976, 269.53, -2.801527, 2.679389, 1.21374],
[0, 1, 1, 1, 1, 10.71798, 22.80547, 24.23652, -4.160306, 0.832061, -1.076336, 214.6045, 179.1871, 270.9906, -2.48855, 1.503817, 1.885496],
[0, 1, 1, 1, 1, 10.08109, 22.03829, 23.71917, -4.870229, 3.007634, -0.03053435, 214.8791, 179.3515, 270.7447, -3.045802, 2.198473, 1.824428],
[0, 1, 1, 1, 1, 10.57518, 20.55485, 26.46956, -4.160306, 1.007634, -0.8854962, 214.0913, 179.3159, 270.8215, -2.671756, 2.122137, 1.038168],
[0, 1, 1, 1, 1, 10.34753, 21.0328, 25.40524, -4.679389, 2.526718, -1.900763, 214.3358, 179.1812, 271.0099, -3.778626, 1.519084, 2.534351],
[0, 1, 1, 1, 1, 10.44231, 23.02681, 23.44673, -1.145038, 1.793893, 1.770992, 214.686, 179.1922, 270.9802, -1.671756, -0.740458, 0.2290076],
[0, 1, 1, 1, 1, 10.21383, 21.00451, 25.14558, -2.366412, 1.152672, 2.21374, 214.2185, 179.5052, 270.5397, -1.572519, 1.137405, 0.04580153],
[0, 1, 1, 1, 1, 10.37686, 20.84961, 25.68267, -2.671756, 3.450382, 0.4045802, 214.7396, 178.8016, 271.5396, -2.282443, 1.244275, 1.656489],
[0, 1, 1, 1, 1, 9.950925, 21.70338, 23.79763, -4.717557, 1.938931, -0.480916, 214.805, 179.2787, 270.8514, -2.351145, 2.114504, 1.366412],
[0, 1, 1, 1, 1, 10.28262, 21.83535, 24.36546, -4.732824, 1.70229, 0.3358779, 215.107, 178.7787, 271.5501, -2.244275, 1.618321, 0.870229],
[0, 1, 1, 1, 1, 10.43257, 21.38096, 25.1909, -4.763359, 3.694656, 0.3969466, 215.0654, 179.2937, 270.8213, -1.801527, 2.175573, 1.503817],
[0, 1, 1, 1, 1, 10.30802, 21.58556, 24.69406, -3.435115, 2.931298, -0.8091603, 215.0439, 179.1373, 271.0443, -2.068702, 1.664122, 2.145038],
[0, 1, 1, 1, 1, 10.10765, 21.39613, 24.47202, -4.21374, 1.465649, -1.435114, 215.4498, 178.7289, 271.5995, -3.412214, 0.8091603, 1.816794],
[0, 1, 1, 1, 1, 10.32941, 22.40104, 23.85955, -3.847328, 3.167939, 0.1755725, 214.6474, 178.8925, 271.414, -3.267176, 1.251908, 1.480916],
[0, 1, 1, 1, 1, 10.02679, 21.41728, 24.27306, -2.679389, 2.709924, 2.10687, 214.8419, 179.1329, 271.0589, -2.396947, 1.015267, 0.5725191],
[0, 1, 1, 1, 1, 9.878192, 21.80252, 23.53503, -2.977099, 3.167939, 1.816794, 214.4907, 178.6145, 271.826, -2.862595, 1.366412, 0.8778625],
[0, 1, 1, 1, 1, 9.920788, 21.28196, 24.19114, -3.045802, 1.419847, 1.129771, 214.9584, 179.4978, 270.5337, -3.984733, 0.8396947, -0.3435115],
[0, 1, 1, 1, 1, 10.19187, 20.65254, 25.50627, -5.122138, 0.3435115, -1.038168, 214.4451, 179.611, 270.3807, -2.656489, 2.435115, 1.671756],
[0, 1, 1, 1, 1, 9.632041, 20.10737, 24.88466, -2.259542, 1.625954, -1.183206, 215.193, 178.3116, 272.2052, -1.450382, 1.267176, 1.664122],
[0, 1, 1, 1, 1, 8.846703, 21.80566, 21.28056, -2.763359, 1.114504, 1.137405, 215.3754, 178.5504, 271.8547, -3.427481, 1.793893, 0.648855],
[0, 1, 1, 1, 1, 10.07274, 21.07366, 24.75727, -4.137404, 2.053435, 0.389313, 215.382, 178.2728, 272.2437, -2.877863, 1.137405, 1.610687],
[0, 1, 1, 1, 1, 10.02889, 22.32407, 23.30974, -4.732824, 3.412214, 0.2061069, 215.5468, 178.6294, 271.7324, -2.916031, 1.137405, 1.305344],
[0, 1, 1, 1, 1, 32.16371, 43.13656, 33.78806, 3.656489, 5.839694, 3.770992, 220.4139, 179.7762, 270.0993, -2.656489, -3.885496, -4.480916],
[0, 1, 1, 1, 1, 28.07987, 38.13529, 34.12379, 34.9084, 0.4580153, 0.5343512, 219.6568, 179.1575, 270.8484, -1.770992, -3.725191, 4.137404],
[0, 1, 1, 1, 1, 36.88859, 44.08311, 37.68844, 6.824428, 5.984733, 25.03053, 219.7603, 179.8292, 270.0398, 1.015267, 2.916031, 2.526718],
[0, 1, 1, 1, 1, 68.67174, 68.62073, 44.98748, -4.679389, -15.73282, -39.50382, 220.0413, 182.276, 267.1354, 11.9313, 4.114504, 4.206107],
[0, 1, 1, 1, 1, 34.87607, 45.62108, 34.2129, -15.12977, -1.557252, 6.908397, 221.6648, 181.6877, 267.9498, -0.2442748, 6.641222, 4.480916],
[0, 1, 1, 1, 1, 35.59623, 44.87776, 35.62871, -0.480916, 2.740458, 3.877863, 219.5202, 177.0983, 273.3412, -9.145039, 3.946565, 5.099236],
[0, 1, 1, 1, 1, 30.15685, 37.06331, 37.4909, -2.908397, 14.83206, 8.847328, 219.1557, 177.7535, 272.5839, -5.022901, -4.206107, -8.290076],
[0, 1, 1, 1, 1, 24.3322, 35.8347, 31.98829, -6.51145, 6.496183, -1.030534, 217.2784, 179.3443, 270.6855, -3.984733, 2.29771, 3.244275],
[0, 1, 1, 1, 1, 28.2981, 41.639, 31.12542, -4.572519, 2.267176, -10.25191, 217.804, 175.8788, 275.1206, 3.656489, 5.679389, 8.396947],
[0, 1, 1, 1, 1, 32.02623, 41.30137, 35.37017, -0.6946565, 4.732824, 1.221374, 218.8985, 176.7251, 273.878, -2.038168, -0.740458, 0.610687],
[0, 1, 1, 1, 1, 31.47625, 40.18237, 35.8606, -5.175572, 6.717557, 2.778626, 219.3792, 178.0147, 272.2457, -4.610687, -2.961832, 1.419847],
[0, 1, 1, 1, 1, 30.40069, 37.90139, 36.92441, -7.305344, 1.763359, -1.694656, 218.6078, 178.5739, 271.6121, -3.091603, 3.687023, 3.832061],
[0, 1, 1, 1, 1, 30.90801, 37.52851, 37.85372, -2.473282, 2.412214, -1.351145, 218.836, 178.152, 272.1209, -3.10687, 2.137405, 2.870229],
[0, 1, 1, 1, 1, 31.47034, 37.83564, 38.16103, -4.290076, 0.2671756, -3.038168, 218.3482, 178.8182, 271.3199, -2.969466, 2.335878, 2.916031],
[0, 1, 1, 1, 1, 30.78344, 37.36961, 37.87619, -3.671756, 1.374046, 0.519084, 217.6442, 178.6449, 271.5796, -1.687023, 1.954198, 0.9770992],
[0, 1, 1, 1, 1, 28.69044, 36.35675, 36.55356, -3.648855, 4.19084, -0.05343511, 217.7109, 178.8332, 271.3328, -0.7251908, 0.129771, 1.977099],
[0, 1, 1, 1, 1, 30.98888, 37.14267, 38.33114, -4.282443, 2.824427, -0.09160305, 218.7078, 178.6888, 271.4632, -4.022901, 0.6717557, 1.129771],
[0, 1, 1, 1, 1, 31.02069, 37.54719, 37.95866, -4.557252, 2.877863, 1.206107, 217.8813, 178.8448, 271.3094, -3.427481, 1.061069, 1.274809],
[0, 1, 1, 1, 1, 30.98668, 37.2017, 38.26908, -3.206107, 2.442748, 1.603053, 218.0911, 177.95, 272.437, -4.068702, 1.816794, 1.396947],
[0, 1, 1, 1, 1, 31.49959, 36.97309, 39.06456, -2.740458, 0.4045802, 0.1450382, 218.034, 179.2848, 270.7409, -2.480916, 1.305344, 1.282443],
[0, 1, 1, 1, 1, 30.89305, 36.94847, 38.42199, -1.450382, 3.580153, -0.7175572, 218.0596, 178.6113, 271.5979, -2.610687, 2.221374, 1.374046],
[0, 1, 1, 1, 1, 30.48595, 37.13713, 37.78153, 0.480916, 4.450382, 1.519084, 217.7284, 178.1595, 272.2, -3.290076, 1.725191, 1.763359],
[0, 1, 1, 1, 1, 32.51003, 37.29238, 39.8413, -3.083969, 2.290076, -1.824428, 218.0902, 178.9325, 271.1875, -3.152672, 0.9236641, 2.931298],
[0, 1, 1, 1, 1, 31.65274, 36.63352, 39.57964, -3.603053, 2.160305, -0.2519084, 218.0506, 179.0808, 271.0003, -2.778626, 0.7557252, 1.679389],
[0, 1, 1, 1, 1, 32.38426, 37.00004, 40.00354, -5.129771, 2.717557, 0.1755725, 218.2083, 179.2044, 270.8377, -2.709924, 2.0, 0.5725191],
[0, 1, 1, 1, 1, 31.67328, 36.59895, 39.63765, -4.977099, 3.061069, 2.572519, 218.126, 179.0835, 270.994, -3.961832, 1.068702, 1.198473],
[0, 1, 1, 1, 1, 31.71514, 36.45666, 39.82981, -4.832061, 1.801527, 1.59542, 217.4015, 179.1254, 270.9676, -3.465649, 1.40458, 0.3206107],
[0, 1, 1, 1, 1, 31.78044, 36.90382, 39.44304, -5.091603, 1.320611, 0.6641222, 218.1717, 178.8148, 271.3331, -3.78626, 1.740458, 0.3587786],
[0, 1, 1, 1, 1, 31.10757, 36.39218, 39.22615, -6.549618, 0.5038168, -0.6793893, 217.7369, 178.5662, 271.6755, -3.778626, 2.244275, 1.274809],
[0, 1, 1, 1, 1, 30.45989, 35.39254, 39.53633, -4.374046, 1.312977, 0.648855, 217.4792, 178.3712, 271.9454, -4.175572, 2.480916, 1.70229],
[0, 1, 1, 1, 1, 29.26347, 35.94899, 37.61496, -5.473282, 4.480916, 0.5038168, 217.3437, 178.187, 272.1958, -3.832061, -0.07633588, 1.80916],
[0, 1, 1, 1, 1, 29.53518, 36.28181, 37.58389, -4.312977, 3.977099, 1.358779, 217.6853, 178.9497, 271.1838, -3.198473, 0.351145, 0.519084],
[0, 1, 1, 1, 1, 29.58657, 35.10312, 38.85074, -4.610687, 2.885496, 0.351145, 217.7603, 178.0485, 272.3402, -2.183206, 1.656489, 2.29771],
[0, 1, 1, 1, 1, 29.65762, 34.60894, 39.44725, -4.229008, 4.343512, 0.8931297, 217.7846, 179.3348, 270.6839, -3.51145, 0.648855, 1.259542],
[0, 1, 1, 1, 1, 28.45604, 35.36833, 37.28556, -4.557252, 1.160305, -1.29771, 217.9574, 179.3777, 270.6245, -2.458015, 2.236641, 1.847328],
[0, 1, 1, 1, 1, 28.00148, 35.69962, 36.42658, -3.793893, 2.78626, -1.519084, 217.8825, 178.6453, 271.565, -2.824427, 2.366412, 2.366412],
[0, 1, 1, 1, 1, 29.83668, 34.77189, 39.4802, -3.091603, 3.076336, -0.7709923, 217.7181, 179.2503, 270.7948, -3.175573, 0.1603053, 1.832061],
[0, 1, 1, 1, 1, 29.62612, 35.58212, 38.40073, -1.496183, 3.51145, 0.8015267, 217.3444, 178.7821, 271.4184, -3.206107, 1.152672, 1.763359],
[0, 1, 1, 1, 1, 29.5252, 35.13428, 38.74866, -5.0, 1.587786, 0.1908397, 217.3987, 178.7275, 271.4866, -2.51145, 1.992366, 1.305344],
[0, 1, 1, 1, 1, 27.6299, 35.64643, 36.0513, -3.229008, 1.19084, -1.122137, 217.7177, 179.2235, 270.8293, -3.0, 1.427481, 1.51145],
[0, 1, 1, 1, 1, 28.59505, 34.64071, 38.19502, -3.916031, 0.2061069, -0.2900764, 218.0643, 178.2018, 272.119, -3.755725, 1.969466, 1.305344],
[0, 1, 1, 1, 1, 29.41594, 34.61191, 39.16828, -5.480916, 4.076336, 0.9847328, 217.5922, 178.5757, 271.6724, -2.198473, 0.7480916, 1.015267],
[0, 1, 1, 1, 1, 29.62854, 34.8669, 39.14427, -3.80916, 1.564886, 0.1908397, 217.6072, 178.4446, 271.841, -3.274809, 1.977099, 1.442748],
[0, 1, 1, 1, 1, 28.77782, 34.67046, 38.37488, -5.465649, 0.1832061, -1.587786, 217.0392, 178.3849, 271.9596, -2.946565, 1.89313, 1.381679],
[0, 1, 1, 1, 1, 28.45321, 34.43287, 38.24713, -4.877862, 1.267176, 0.5648855, 216.7144, 178.4573, 271.887, -3.343511, 1.541985, 1.145038],
[0, 1, 1, 1, 1, 27.8306, 34.81059, 37.13311, -3.847328, 1.114504, -0.0610687, 216.5363, 178.3943, 271.9843, -3.198473, 1.381679, 0.9923664],
[0, 1, 1, 1, 1, 27.29994, 34.25543, 37.08329, -1.244275, -0.1984733, -1.068702, 216.9401, 177.7466, 272.8128, -2.541985, 2.335878, 1.083969],
[0, 1, 1, 1, 1, 27.96201, 34.9769, 37.1153, -1.938931, 2.183206, 0.6870229, 216.7877, 177.8857, 272.6434, -2.389313, 1.236641, 1.374046],
[0, 1, 1, 1, 1, 241.6366, 161.8941, 279.8641, 117.542, 29.19847, -153.7481, 217.9049, 100.9655, 351.2663, 2.381679, -7.778626, 44.54198],
[0, 1, 1, 1, 1, 259.494, 101.6601, 311.4657, 102.1985, 85.32825, -203.9847, 224.0664, 112.7267, 337.7313, -1.145038, -104.4886, 113.1221],
[0, 1, 1, 1, 1, 16.18664, 66.00583, 7.284346, 27.80153, 39.19084, -91.17558, 214.1222, 140.3388, 320.5122, -38.74809, -87.56489, 57.87786],
[0, 1, 1, 1, 1, 31.53364, 63.52704, 16.8967, 40.0, -0.06870229, -54.03053, 212.4828, 176.2975, 275.5942, -13.51908, -52.48092, 33.77099],
[0, 1, 1, 1, 1, 70.93896, 71.24523, 44.41059, -28.15267, 6.183206, -16.43511, 213.0667, 179.2214, 271.0015, 32.07634, -10.60305, 33.59542],
[0, 1, 1, 1, 1, 36.87373, 49.91243, 32.1811, -32.55725, 10.09924, 10.0687, 217.2397, 184.3008, 264.1918, -8.091603, 3.923664, -6.656488],
[0, 1, 1, 1, 1, 46.4772, 55.1425, 36.16222, -5.175572, 4.282443, -5.427481, 213.2136, 182.1714, 266.5051, -2.007634, 0.4580153, 6.877862],
[0, 1, 1, 1, 1, 44.18944, 52.09478, 37.03148, 9.022901, 2.755725, -14.29008, 214.2264, 183.926, 264.0703, -4.740458, 0.4732824, 2.59542],
[0, 1, 1, 1, 1, 47.72787, 54.34917, 38.18261, -13.0458, -12.64122, -2.801527, 215.0207, 180.9252, 268.5011, 4.458015, 4.10687, -4.122138],
[0, 1, 1, 1, 1, 46.69687, 57.3346, 34.13071, -32.67176, -4.328244, -5.671756, 216.9699, 181.5251, 267.8051, 2.229008, -2.374046, 1.916031],
[0, 1, 1, 1, 1, 43.93297, 54.38033, 34.52276, 15.42748, 3.496183, -6.419847, 216.7503, 182.2261, 266.8528, 2.732824, -4.206107, 1.274809],
[0, 1, 1, 1, 1, 55.69902, 56.78682, 43.73348, 0.1374046, 3.625954, 0.08396947, 218.5189, 183.5701, 265.3612, 1.328244, -0.8244275, -0.6793893],
[0, 1, 1, 1, 1, 54.54611, 55.90824, 43.45706, 0.832061, 6.816794, 3.435115, 218.4996, 184.3549, 264.3769, -2.908397, 3.366412, 0.1221374],
[0, 1, 1, 1, 1, 50.3048, 54.46518, 40.61785, -8.503817, 0.4732824, -0.2824428, 217.1147, 183.1528, 265.6739, -4.10687, 3.328244, 2.984733],
[0, 1, 1, 1, 1, 51.89761, 55.75438, 40.87053, -3.343511, 6.938931, 1.381679, 217.2984, 182.312, 266.8009, -4.877862, 0.06870229, -0.5038168],
[0, 1, 1, 1, 1, 50.07567, 54.00497, 40.86782, -3.167939, 3.59542, -2.091603, 217.0489, 182.2937, 266.7968, -2.160305, 0.9694656, 1.221374],
[0, 1, 1, 1, 1, 51.2244, 54.47003, 41.54351, -4.305344, 1.015267, -0.6717557, 217.7288, 182.5254, 266.5743, -1.122137, 2.21374, 2.59542],
[0, 1, 1, 1, 1, 50.85956, 53.60643, 42.07639, -7.08397, 3.328244, 1.480916, 218.1035, 182.9988, 266.018, -2.847328, 2.038168, 1.21374],
[0, 1, 1, 1, 1, 51.73949, 55.13742, 41.3645, -5.389313, 0.6183206, -0.1068702, 218.2411, 183.316, 265.6366, -3.183206, 1.343511, 1.419847],
[0, 1, 1, 1, 1, 50.36384, 53.71953, 41.45588, -3.19084, 3.648855, 0.8854962, 217.7175, 182.4404, 266.6824, -1.541985, 1.473282, 1.801527],
[0, 1, 1, 1, 1, 49.73016, 53.09673, 41.46304, -2.19084, 1.78626, -0.6183206, 218.2905, 183.494, 265.4198, -2.977099, 1.908397, 1.717557],
[0, 1, 1, 1, 1, 49.97354, 53.92013, 40.85341, -2.091603, 0.3129771, -0.3053435, 217.7263, 183.0594, 265.8867, -1.389313, 2.145038, 1.366412],
[0, 1, 1, 1, 1, 50.77793, 53.42451, 42.18294, -2.175573, 6.519084, 1.366412, 217.6912, 182.9487, 266.0243, -3.549618, 1.656489, 0.7099237],
[0, 1, 1, 1, 1, 50.1457, 52.58397, 42.41294, -0.6717557, 2.618321, 0.9923664, 218.0208, 182.7489, 266.3247, -1.870229, 1.396947, 0.4351145],
[0, 1, 1, 1, 1, 49.0954, 53.16929, 40.75103, -5.824428, 2.0, 1.145038, 218.2271, 182.1487, 267.1102, -3.40458, 1.916031, 1.389313],
[0, 1, 1, 1, 1, 49.39335, 53.09949, 41.12163, -0.9007633, 4.587786, 2.328244, 217.6787, 182.0461, 267.1865, -2.862595, 2.175573, 1.19084],
[0, 1, 1, 1, 1, 48.40242, 53.8715, 39.33745, -5.59542, 4.427481, 2.938931, 217.7821, 182.7155, 266.3365, -3.740458, 1.335878, 0.7633588],
[0, 1, 1, 1, 1, 50.71043, 53.25496, 42.29072, -2.366412, 1.984733, 1.282443, 217.2015, 181.8568, 267.3874, -1.89313, 1.824428, 1.320611],
[0, 1, 1, 1, 1, 48.90272, 52.3325, 41.41954, -6.770992, -0.8015267, -3.564885, 217.6922, 182.5707, 266.5116, -1.061069, 0.6946565, 3.236641],
[0, 1, 1, 1, 1, 47.65669, 52.0237, 40.4927, -1.129771, -0.5038168, -0.3969466, 218.1985, 181.97, 267.3336, -1.793893, 2.068702, 1.167939],
[0, 1, 1, 1, 1, 48.29969, 52.08302, 41.07213, -3.824427, -3.496183, 0.8015267, 218.4213, 181.7293, 267.6566, 1.709924, 3.51145, 2.625954],
[0, 1, 1, 1, 1, 49.27536, 52.73201, 41.38237, -0.03053435, 2.343511, -2.335878, 218.0697, 182.2483, 266.9676, -3.59542, 0.3282443, 1.709924],
[0, 1, 1, 1, 1, 46.60415, 50.87035, 40.61956, -1.549618, 6.870229, 1.442748, 217.208, 182.518, 266.5205, -5.541985, -0.9923664, 0.5267176],
[0, 1, 1, 1, 1, 47.72352, 51.69337, 40.89572, -2.541985, 2.78626, 0.8473283, 217.5986, 182.637, 266.4142, -3.229008, 1.59542, -0.870229],
[0, 1, 1, 1, 1, 48.60904, 52.41889, 41.03697, -4.931298, 3.374046, 0.2671756, 217.2286, 181.9442, 267.2752, -1.030534, 1.740458, 2.290076],
[0, 1, 1, 1, 1, 47.82272, 51.99811, 40.68373, -3.709924, -0.129771, -0.5114504, 217.1972, 181.3443, 268.06, -2.534351, 2.083969, 2.0],
[0, 1, 1, 1, 1, 49.52255, 53.62846, 40.70371, -3.244275, 0.0, -0.8091603, 216.9332, 181.1794, 268.2607, -1.183206, 2.320611, 0.7709923],
[0, 1, 1, 1, 1, 49.67687, 52.44184, 42.08558, -3.236641, 5.59542, 0.03053435, 216.9966, 181.5315, 267.7988, -3.816794, 0.2061069, 0.870229],
[0, 1, 1, 1, 1, 46.66122, 51.52301, 40.01589, -5.022901, 1.770992, -0.2213741, 217.0743, 181.7572, 267.507, -2.656489, 1.183206, 1.648855],
[0, 1, 1, 1, 1, 47.60266, 51.31579, 41.15966, -2.473282, 0.7480916, -0.2824428, 216.806, 181.2094, 268.2131, -1.984733, 2.419847, 2.030534],
[0, 1, 1, 1, 1, 46.57119, 51.35301, 40.09901, -4.40458, 1.70229, 0.5572519, 217.0329, 180.9034, 268.6315, -2.030534, 1.992366, 1.259542],
[0, 1, 1, 1, 1, 48.33162, 51.57268, 41.62553, -3.740458, 1.763359, 2.389313, 216.893, 180.9662, 268.5415, -6.61832, 1.183206, -2.526718],
[0, 1, 1, 1, 1, 46.82035, 49.99804, 41.71549, 0.9312977, 7.580153, 4.412214, 216.6453, 181.0795, 268.3771, -4.068702, 0.5038168, -0.4885496],
[0, 1, 1, 1, 1, 47.3382, 52.67792, 39.51062, -4.160306, 4.328244, 1.824428, 216.8661, 181.2512, 268.1612, -3.740458, 0.9847328, 1.099237],
[0, 1, 1, 1, 1, 46.70994, 52.19631, 39.38176, -1.793893, 4.274809, 1.412214, 217.1551, 181.6008, 267.7198, -1.847328, 0.9770992, 0.832061],
[0, 1, 1, 1, 1, 45.90747, 51.33637, 39.462, -3.030534, 3.793893, 1.900763, 217.3654, 181.0855, 268.4092, -2.160305, 1.129771, 0.778626],
[0, 1, 1, 1, 1, 45.92832, 51.36917, 39.44943, -4.557252, 0.4503817, -0.1908397, 216.8376, 180.9945, 268.501, -2.885496, 1.137405, 0.4122138],
[0, 1, 1, 1, 1, 45.04812, 51.27233, 38.68456, -2.366412, 3.419847, 1.053435, 216.7459, 180.8914, 268.6339, -2.51145, 1.725191, 0.4503817],
[0, 1, 1, 1, 1, 270.2991, 270.8454, 247.9261, 10.64122, -31.87023, -14.09924, 153.1365, 106.9414, 8.69569, 0.03053435, 11.92366, 7.633588],
[0, 1, 1, 1, 1, 272.7836, 274.6834, 238.9809, -5.816794, -59.00764, 13.03817, 159.8511, 99.44486, 3.418338, -2.183206, 3.442748, 4.167939],
[0, 1, 1, 1, 1, 273.2314, 282.5638, 255.4914, -72.8855, 17.58015, -53.22137, 148.8828, 104.4051, 8.747712, 1.854962, 11.30534, 6.900764],
[0, 1, 1, 1, 1, 242.9046, 165.4729, 277.4151, -23.59542, 146.9618, -99.92367, 182.6008, 106.0679, 359.1589, 16.75573, -35.0916, 36.50382],
[0, 1, 1, 1, 1, 256.3369, 108.3219, 305.9304, 66.96183, 38.59542, -122.7099, 205.8058, 119.9233, 344.282, 8.641221, -73.12214, 95.56489],
[0, 1, 1, 1, 1, 310.2432, 66.11146, 332.4629, 59.37405, 67.00764, -41.82443, 210.1232, 141.1983, 323.9567, 4.091603, -44.34351, 40.0687],
[0, 1, 1, 1, 1, 327.6826, 49.92036, 332.0414, 38.70229, 35.22901, -8.78626, 211.936, 153.2878, 308.6663, -12.72519, -47.54962, 13.59542],
[0, 1, 1, 1, 1, 346.0934, 51.73978, 348.9725, 49.32825, -10.45038, -51.45038, 210.6519, 165.1529, 293.8471, 7.137404, -21.53435, 23.56489],
[0, 1, 1, 1, 1, 15.11576, 46.72451, 14.22243, 26.83969, 22.03053, -27.30534, 211.5608, 172.9764, 281.1138, 1.091603, -17.9542, 17.72519],
[0, 1, 1, 1, 1, 23.74964, 45.96317, 22.98191, -28.74046, -6.129771, -13.61832, 214.6104, 174.9434, 277.1028, 7.458015, -4.984733, 4.40458],
[0, 1, 1, 1, 1, 19.88404, 42.32887, 21.60273, -8.21374, -7.129771, -6.129771, 217.2535, 175.5676, 275.6308, 4.671756, 1.70229, 6.38168],
[0, 1, 1, 1, 1, 28.64444, 43.00213, 30.2842, 2.343511, 2.435115, 1.725191, 217.7984, 177.942, 272.4738, -3.862595, -3.847328, 1.038168],
[0, 1, 1, 1, 1, 22.8775, 45.88839, 22.18415, -28.84733, 10.96183, -5.442748, 218.7715, 182.1313, 267.1861, -9.343512, -15.32824, 17.80916],
[0, 1, 1, 1, 1, 13.90624, 32.18259, 21.45092, -34.07634, 33.41985, -19.22137, 218.6338, 188.7398, 258.9735, 0.7633588, 13.0458, 27.19084],
[0, 1, 1, 1, 1, 14.93192, 39.02862, 18.17399, -6.145038, -5.51145, -22.03053, 215.9208, 186.3296, 261.1407, 3.122137, 15.32824, 9.877863],
[0, 1, 1, 1, 1, 23.96603, 36.68221, 30.76245, -10.06107, 2.160305, -7.946565, 217.3177, 184.609, 263.8063, 3.419847, 6.931298, 4.534351],
[0, 1, 1, 1, 1, 27.13078, 40.14647, 31.20766, -0.8091603, 0.01526718, -5.61832, 218.1446, 185.2593, 263.1628, -2.984733, 2.687023, 0.8167939],
[0, 1, 1, 1, 1, 23.72524, 37.42402, 29.80687, 0.3587786, 2.0, 2.969466, 218.5009, 186.5164, 261.6817, -3.641221, 0.1679389, -3.114504],
[0, 1, 1, 1, 1, 23.81535, 36.90694, 30.37912, -0.6870229, 3.603053, 0.7251908, 218.0545, 186.2997, 261.8243, -0.8396947, 2.198473, 2.526718],
[0, 1, 1, 1, 1, 22.84152, 38.33789, 27.98006, 2.022901, 0.4045802, -0.8167939, 218.1131, 184.9837, 263.5039, -1.801527, 3.709924, 2.099237],
[0, 1, 1, 1, 1, 25.49106, 39.04599, 30.38008, -2.877863, 3.526718, 3.038168, 217.9745, 185.2687, 263.1098, -1.015267, -0.740458, -1.282443],
[0, 1, 1, 1, 1, 27.55007, 41.1362, 30.77601, -4.068702, 1.519084, 0.5801527, 218.8991, 185.5333, 263.0045, -3.801527, 1.366412, 0.2213741],
[0, 1, 1, 1, 1, 26.26426, 39.43587, 30.89349, -3.480916, 1.870229, -3.282443, 218.4218, 185.1662, 263.3457, -3.015267, 2.381679, 2.877863],
[0, 1, 1, 1, 1, 23.29086, 38.93422, 27.98875, -3.664122, 1.801527, -0.3587786, 218.7447, 185.5505, 262.9453, -2.114504, 2.129771, 1.381679],
[0, 1, 1, 1, 1, 26.03983, 38.79216, 31.22479, -4.435114, 3.770992, 2.091603, 218.7988, 185.7517, 262.7105, -3.305344, -0.03816794, 0.07633588],
[0, 1, 1, 1, 1, 25.12442, 38.3049, 30.63056, -1.435114, 2.572519, -0.3206107, 218.8133, 185.9335, 262.49, -3.664122, 1.083969, 1.152672],
[0, 1, 1, 1, 1, 25.75275, 38.04827, 31.5802, -1.59542, 1.038168, -0.778626, 218.8828, 186.0274, 262.3929, -1.496183, 0.129771, 2.198473],
[0, 1, 1, 1, 1, 22.48119, 37.18252, 28.55451, -1.549618, 1.160305, 1.343511, 219.2714, 186.2962, 262.1692, -4.526718, 0.4351145, 0.1145038],
[0, 1, 1, 1, 1, 24.25894, 37.36331, 30.48485, -4.091603, 1.175573, 1.374046, 218.2142, 186.2443, 261.9397, -2.70229, 1.641221, 1.412214],
[0, 1, 1, 1, 1, 25.08756, 36.62779, 32.13337, -1.801527, 5.10687, 0.5267176, 217.8075, 185.1806, 263.1817, -3.977099, 1.458015, 1.366412],
[0, 1, 1, 1, 1, 25.06087, 37.45417, 31.33296, -2.167939, 2.541985, -0.5419847, 218.4585, 185.2932, 263.1955, -1.641221, 1.435114, 1.977099],
[0, 1, 1, 1, 1, 24.33537, 37.40028, 30.54035, -2.374046, 2.412214, 1.374046, 218.5404, 185.343, 263.153, -3.19084, 1.763359, 0.5419847],
[0, 1, 1, 1, 1, 25.16422, 39.02899, 30.02797, -6.366412, 0.9389313, 1.015267, 218.7205, 185.8118, 262.6161, -2.801527, 1.648855, 2.21374],
[0, 1, 1, 1, 1, 25.37002, 39.17112, 30.13294, -5.442748, -1.992366, -0.4045802, 218.9936, 185.9849, 262.4742, -2.145038, 0.5801527, 1.603053],
[0, 1, 1, 1, 1, 23.01862, 36.42364, 29.87016, -0.9160305, -0.08396947, -1.442748, 218.7169, 185.8325, 262.5896, -1.053435, 1.160305, 2.534351],
[0, 1, 1, 1, 1, 24.19838, 39.48337, 28.54675, -8.007633, 2.557252, -0.6030535, 218.8861, 186.2383, 262.1345, -3.259542, 2.351145, 1.450382],
[0, 1, 1, 1, 1, 23.92215, 36.33802, 31.02774, -15.48855, -2.244275, -1.992366, 219.5239, 186.4081, 262.1033, 0.3587786, 0.03053435, 4.305344],
[0, 1, 1, 1, 1, 23.96987, 35.61867, 31.75807, -1.305344, 4.10687, 0.9236641, 218.7195, 185.5044, 262.9962, -3.755725, 0.6335878, 1.862595],
[0, 1, 1, 1, 1, 24.13166, 38.11776, 29.6608, -3.59542, -0.5496183, -2.587786, 219.0954, 187.076, 261.1706, -2.70229, 2.10687, 1.748092],
[0, 1, 1, 1, 1, 22.24741, 37.6434, 27.87964, -4.053435, 1.610687, 0.7633588, 218.6946, 185.1628, 263.4132, -1.977099, 2.992366, 1.045802],
[0, 1, 1, 1, 1, 22.18392, 36.33172, 28.94742, -0.6259542, 1.70229, -1.282443, 218.7607, 185.9741, 262.426, -1.839695, 1.198473, 1.732824],
[0, 1, 1, 1, 1, 22.80106, 36.48445, 29.55445, -1.076336, 2.603053, -0.1145038, 218.4992, 185.2922, 263.2065, -0.8473283, 0.1526718, 2.824427],
[0, 1, 1, 1, 1, 25.09835, 37.2405, 31.57376, -3.923664, 1.755725, -2.129771, 218.8143, 186.0595, 262.335, -1.78626, 1.122137, 1.946565],
[0, 1, 1, 1, 1, 22.37564, 36.75591, 28.80287, -0.4122138, 1.961832, -0.04580153, 218.8696, 185.7985, 262.6708, -3.557252, 1.328244, 2.610687],
[0, 1, 1, 1, 1, 22.76095, 36.78628, 29.23663, -3.48855, 1.832061, 0.610687, 219.0985, 185.6051, 262.9654, -3.030534, 2.076336, 1.305344],
[0, 1, 1, 1, 1, 22.48392, 35.19223, 30.34752, -2.664122, 4.38168, 1.282443, 218.9886, 185.6725, 262.8558, -2.648855, 0.4732824, 0.8091603],
[0, 1, 1, 1, 1, 21.44303, 35.6362, 28.66006, -4.442748, 1.740458, -1.274809, 218.3914, 185.8535, 262.4782, -3.366412, 1.603053, 1.381679],
[0, 1, 1, 1, 1, 21.7561, 35.93421, 28.77999, -0.610687, 3.564885, 1.160305, 218.7444, 186.013, 262.3737, -2.175573, 1.259542, 2.251908],
[0, 1, 1, 1, 1, 24.62137, 42.61841, 26.41041, -8.297709, 1.839695, -0.4122138, 219.2801, 180.62, 269.0775, -3.358779, 3.961832, 2.641221],
[0, 1, 1, 1, 1, 22.99334, 41.3062, 25.71465, -4.572519, 3.519084, 2.78626, 218.5223, 181.2461, 268.27, -2.610687, 0.6259542, 0.2519084],
[0, 1, 1, 1, 1, 24.57387, 42.7676, 26.24128, -0.778626, 1.480916, 1.366412, 218.5364, 180.3637, 269.3755, -2.419847, 1.160305, 0.4656488],
[0, 1, 1, 1, 1, 23.439, 41.30395, 26.20029, -3.870229, -0.4274809, -1.19084, 219.1566, 180.5059, 269.2135, -4.061069, 1.412214, 1.580153],
[0, 1, 1, 1, 1, 21.62715, 41.79624, 23.85853, -3.412214, 1.152672, -0.9541985, 218.9238, 180.2621, 269.5086, -3.328244, 2.0, 1.038168],
[0, 1, 1, 1, 1, 22.71812, 42.68345, 24.35575, -0.1221374, 1.679389, 3.503817, 217.8345, 180.2322, 269.5303, -3.198473, 0.8625955, -1.549618],
[0, 1, 1, 1, 1, 23.15157, 42.25827, 25.14005, -3.763359, 2.969466, -4.480916, 217.9101, 179.0791, 271.0079, -3.664122, 1.450382, 3.320611],
[0, 1, 1, 1, 1, 21.77278, 41.48334, 24.25133, -1.931298, -1.946565, 0.2671756, 217.7093, 179.7635, 270.1331, -0.1221374, 2.0, -0.5114504],
[0, 1, 1, 1, 1, 24.75022, 40.8617, 27.98857, 4.61832, 3.328244, 1.343511, 217.8655, 179.8278, 270.0494, -0.3587786, 1.564886, 1.916031],
[0, 1, 1, 1, 1, 20.81431, 39.9975, 24.31911, 1.977099, 2.358779, -0.2137404, 218.4554, 179.9615, 269.879, -3.10687, 0.778626, 1.435114],
[0, 1, 1, 1, 1, 22.99047, 42.0681, 25.11561, -7.068702, -0.4045802, 1.221374, 219.1504, 180.3175, 269.4441, -3.038168, 0.2366412, -0.4351145],
[0, 1, 1, 1, 1, 23.04698, 41.29492, 25.78183, 2.51145, 2.931298, 0.2061069, 217.6611, 180.2743, 269.4734, -2.931298, 1.78626, 2.557252],
[0, 1, 1, 1, 1, 24.55407, 42.73116, 26.24959, -5.78626, 2.541985, -1.870229, 218.8431, 180.4584, 269.2643, -2.076336, 1.946565, 1.694656],
[0, 1, 1, 1, 1, 22.46174, 42.39719, 24.30072, -4.572519, -0.07633588, -1.389313, 218.5793, 180.0942, 269.7133, -3.053435, 1.847328, 1.671756],
[0, 1, 1, 1, 1, 24.10024, 41.87511, 26.45434, -3.748092, 2.122137, 1.21374, 218.1216, 179.2487, 270.7842, -2.778626, 1.664122, 1.114504],
[0, 1, 1, 1, 1, 22.96348, 41.18444, 25.77846, -3.496183, 2.21374, -1.427481, 218.6593, 180.0125, 269.8157, -3.022901, 1.290076, 2.366412],
[0, 1, 1, 1, 1, 23.07904, 41.3816, 25.74809, -0.9770992, 2.450382, 1.427481, 217.735, 179.812, 270.0704, -4.389313, 1.259542, 1.099237],
[0, 1, 1, 1, 1, 24.48922, 42.5446, 26.33041, -5.152672, 2.648855, -0.1068702, 217.5995, 179.7816, 270.1104, -6.076336, 1.78626, -0.03816794],
[0, 1, 1, 1, 1, 25.06046, 41.30395, 27.95438, -4.358778, 0.8625955, -0.9389313, 217.7284, 179.9117, 269.9419, -4.610687, 0.4351145, 0.03816794],
[0, 1, 1, 1, 1, 22.41704, 41.62651, 24.84029, -1.167939, -1.259542, -1.992366, 218.0712, 179.862, 270.005, -3.694656, 1.221374, 0.7099237],
[0, 1, 1, 1, 1, 21.4537, 40.04695, 25.00133, -2.541985, 1.862595, 0.6259542, 217.7339, 180.4175, 269.29, -1.099237, 1.061069, 0.7175572],
[0, 1, 1, 1, 1, 23.31761, 40.89252, 26.39852, -3.534351, 2.610687, -0.5648855, 218.419, 179.693, 270.2165, -3.175573, 1.832061, 1.900763],
[0, 1, 1, 1, 1, 22.77905, 42.1059, 24.86058, -3.412214, 2.625954, -0.9923664, 217.4848, 179.6013, 270.3456, -2.335878, 1.679389, 2.007634],
[0, 1, 1, 1, 1, 21.81495, 39.99399, 25.44896, -0.1679389, 3.78626, -0.7557252, 217.8563, 180.3139, 269.4257, -2.290076, 0.2137404, 2.015267],
[0, 1, 1, 1, 1, 21.19548, 39.94765, 24.78765, -6.282443, 2.503817, 0.09160305, 218.2147, 180.6095, 269.0578, -2.122137, 1.419847, 1.015267],
[0, 1, 1, 1, 1, 24.84734, 40.81792, 28.13118, -3.900763, 1.870229, -1.007634, 217.8468, 180.2455, 269.5133, -2.824427, 1.236641, 0.6641222],
[0, 1, 1, 1, 1, 21.84715, 40.08106, 25.41643, -2.175573, 2.519084, 0.1145038, 217.298, 180.208, 269.5541, -2.435115, 1.236641, 1.229008],
[0, 1, 1, 1, 1, 23.89999, 39.20339, 28.45058, -5.625954, 3.519084, 1.10687, 217.3727, 179.5978, 270.3519, -3.549618, 0.1221374, 1.916031],
[0, 1, 1, 1, 1, 23.83783, 41.09574, 26.80172, -6.587786, 2.137405, 0.007633588, 217.5005, 180.1073, 269.6878, -3.557252, 1.740458, 2.442748],
[0, 1, 1, 1, 1, 22.23863, 39.96371, 25.94887, -3.091603, 1.51145, -0.03053435, 216.7122, 179.2282, 270.8564, -3.137405, 1.587786, 1.320611],
[0, 1, 1, 1, 1, 20.15852, 39.05133, 24.29394, -2.877863, 3.473282, 2.152672, 216.8583, 179.7319, 270.1814, -2.343511, 1.145038, 2.244275],
[0, 1, 1, 1, 1, 21.84032, 39.58598, 25.80177, -3.557252, 4.183206, 0.3282443, 217.234, 179.8625, 270.0067, -3.740458, 0.3053435, 0.3053435],
[0, 1, 1, 1, 1, 20.70637, 38.76194, 25.15497, -2.145038, 1.045802, -1.305344, 216.7025, 180.1055, 269.6832, -3.305344, 1.59542, 1.534351],
[0, 1, 1, 1, 1, 21.43265, 39.53851, 25.37654, -7.961832, 2.603053, 0.1603053, 216.8609, 180.0425, 269.7683, -3.526718, 1.885496, 1.015267],
[0, 1, 1, 1, 1, 21.58031, 39.75862, 25.37022, -2.572519, 3.770992, -0.1908397, 217.2578, 180.2073, 269.5545, -3.229008, 0.9389313, 0.8778625],
[0, 1, 1, 1, 1, 22.13315, 39.67468, 26.0621, -3.48855, 2.145038, 1.923664, 217.0465, 178.9777, 271.1761, -3.801527, 0.5572519, 0.3358779],
[0, 1, 1, 1, 1, 21.5563, 40.15353, 25.03348, -2.70229, 0.7099237, 0.5114504, 216.7537, 179.9771, 269.855, -2.648855, 1.427481, 1.152672],
[0, 1, 1, 1, 1, 20.69539, 39.08618, 24.8875, -2.977099, 2.335878, 1.244275, 216.9886, 179.6993, 270.2234, -3.458015, 1.427481, 0.7480916],
[0, 1, 1, 1, 1, 21.9754, 40.78509, 25.00831, -2.183206, 3.572519, -0.3664122, 216.567, 179.9442, 269.8987, -2.29771, 1.603053, 2.076336],
[0, 1, 1, 1, 1, 21.34777, 39.50713, 25.30471, -5.839694, -0.2519084, -2.030534, 216.9339, 179.6666, 270.2674, -3.679389, 1.740458, 1.526718],
[0, 1, 1, 1, 1, 21.25916, 38.72843, 25.82332, -3.038168, 0.610687, 0.9160305, 216.6917, 178.4539, 271.8931, -2.480916, 0.8625955, 0.6564885],
[0, 1, 1, 1, 1, 22.90827, 40.66766, 26.12965, -4.70229, 2.770992, 0.832061, 216.7513, 179.5048, 270.4857, -1.534351, 1.175573, 1.40458],
[0, 1, 1, 1, 1, 20.75593, 39.27749, 24.80793, -5.503817, 1.068702, -0.5877862, 216.6202, 179.9118, 269.9423, -3.229008, 0.8473283, 1.351145],
[0, 1, 1, 1, 1, 21.03886, 40.42628, 24.24449, -3.671756, 3.335878, 1.290076, 216.7488, 179.4574, 270.5491, -2.427481, 1.045802, 0.5801527],
[0, 1, 1, 1, 1, 18.88692, 38.59118, 23.15584, -2.015267, 1.839695, 0.6870229, 216.5331, 179.2967, 270.7703, -2.076336, 1.244275, 0.9007633],
[0, 1, 1, 1, 1, 20.40296, 39.22234, 24.44471, -3.732824, 5.29771, 4.099236, 216.6775, 178.8312, 271.3891, -4.061069, 1.877863, 0.7328244],
[0, 1, 1, 1, 1, 20.0068, 39.36779, 23.8776, -2.198473, 2.603053, 0.9465649, 216.8739, 179.0631, 271.0705, -2.503817, -0.2366412, 0.4045802],
[0, 1, 1, 1, 1, 20.94005, 39.14145, 25.12606, -2.320611, 0.4961832, -1.343511, 216.2714, 179.5557, 270.4264, -2.091603, 0.8396947, 1.206107],








