[0, 0, 0, 0, 0, 350.3725, 359.682, 268.4257, -15.0687, -2.923664, 0.07633588, 197.7579, 122.5587, 348.2899, 0.6259542, 23.53435, 10.58015],
[0, 0, 0, 0, 0, 353.5777, 1.533286, 284.211, -5.900764, 0.1526718, -4.465649, 210.5431, 119.4956, 341.366, -7.442748, 9.793893, 1.091603],
[0, 0, 0, 0, 0, 356.8499, 359.2794, 257.9383, -10.0458, 0.2900764, 1.160305, 215.011, 114.022, 342.4863, -11.23664, 14.71756, -3.068702],
[0, 0, 0, 0, 0, 351.9717, 357.4149, 252.4614, -4.129771, 12.64886, -1.374046, 206.4558, 115.5597, 346.4565, -9.679389, -9.961832, -2.763359],
[0, 0, 0, 0, 0, 355.559, 355.9195, 227.3938, -0.05343511, 7.396946, 0.6641222, 208.8916, 119.9308, 342.2011, -6.51145, -4.984733, 4.740458],
[0, 0, 0, 0, 0, 352.2221, 358.1049, 256.6518, -0.740458, 3.610687, -1.526718, 212.5055, 116.9668, 341.8617, -7.396946, -0.6564885, 5.137404],
[1, 0, 0, 0, 0, 351.2507, 355.8759, 245.0067, -4.480916, 5.251908, 3.40458, 210.613, 118.8085, 341.8001, 2.503817, -0.129771, 2.503817],
[1, 0, 0, 0, 0, 352.1123, 352.5918, 226.7578, -3.129771, 1.603053, -1.427481, 212.1835, 118.5852, 340.8945, -3.236641, -0.4198473, 3.198473],
[1, 0, 0, 0, 0, 354.1596, 353.7675, 223.0312, -5.465649, 4.206107, 1.664122, 210.7474, 119.4937, 341.2265, -1.664122, 0.4961832, 0.648855],
[1, 0, 0, 0, 0, 353.2248, 354.5171, 231.0526, -4.641222, -0.480916, 0.351145, 212.561, 118.8621, 340.4304, -0.9007633, 1.480916, 1.366412],
[1, 0, 0, 0, 0, 352.412, 354.4526, 233.9169, -4.557252, 0.2900764, 1.007634, 213.0122, 118.6281, 340.2927, -1.541985, 0.6030535, 2.267176],
[1, 0, 0, 0, 0, 352.7353, 355.2753, 237.0948, -3.076336, -0.832061, 2.221374, 214.5772, 118.5119, 339.2886, -0.6717557, 0.1832061, 0.2519084],
[1, 0, 0, 0, 0, 353.1593, 354.5298, 231.3927, -4.412214, 0.8931297, 2.061069, 213.0671, 118.5174, 340.338, 0.9541985, 1.48855, 1.458015],
[1, 0, 0, 0, 0, 351.7901, 354.4102, 235.8735, -2.320611, 2.160305, 1.083969, 214.3021, 119.7524, 338.5104, -1.091603, -0.4580153, 0.4198473],
[0, 0, 0, 0, 0, 352.7648, 354.3123, 231.8792, -3.259542, 0.9694656, 0.740458, 215.4749, 119.4787, 337.87, -2.137405, 1.030534, 1.236641],
[0, 0, 0, 0, 0, 353.6141, 353.371, 223.8355, -3.320611, 3.374046, 1.343511, 214.3223, 119.5759, 338.6347, -0.4351145, 1.145038, 1.48855],
[0, 0, 0, 0, 0, 352.1804, 352.8577, 227.5696, -8.274809, 4.061069, 2.648855, 213.8054, 119.1801, 339.3151, -2.076336, 0.2519084, 0.7557252],
[0, 0, 0, 0, 0, 351.6548, 352.4528, 227.8605, -8.740458, 7.374046, 3.717557, 214.1807, 119.8668, 338.5091, -3.427481, 1.51145, 0.5954198],
[1, 0, 0, 0, 0, 350.1377, 351.1247, 228.0154, -5.305344, 4.763359, 2.045802, 214.4094, 119.355, 338.7456, -2.053435, 0.2519084, 1.114504],
[0, 0, 0, 0, 0, 350.7411, 350.5859, 224.4374, -8.541985, 5.725191, 1.671756, 212.6241, 119.5887, 339.8437, -3.549618, 2.870229, 1.274809],
[0, 0, 0, 0, 0, 348.7551, 357.8964, 259.7172, -6.366412, 4.229008, -0.2977099, 217.6348, 119.6455, 336.1117, 0.3740458, -2.282443, -2.580153],
[0, 0, 0, 0, 0, 350.7299, 351.0105, 225.8271, -6.366412, 16.67176, -5.0, 210.4398, 119.8774, 341.1689, -10.0229, -1.51145, 3.732824],
[0, 0, 0, 0, 0, 345.2921, 349.4597, 234.6409, -15.17557, 4.503817, 1.312977, 209.9303, 119.9832, 341.4492, -4.137404, 1.236641, 1.755725],
[0, 0, 0, 0, 0, 339.9899, 358.2975, 265.4234, -3.755725, -12.40458, 5.274809, 209.0194, 118.499, 343.0681, 5.687023, -2.305344, -2.969466],
[0, 0, 1, 0, 0, 346.2906, 349.4581, 232.6259, -12.27481, -25.51145, -9.145039, 209.2475, 120.1483, 341.8093, 6.389313, 9.923664, 0.9236641],
[0, 0, 0, 0, 0, 346.5294, 349.4383, 232.0647, -1.465649, 0.8625955, 3.496183, 210.1461, 120.5746, 340.8847, 0.04580153, 0.01526718, 5.977099],
[0, 0, 0, 0, 0, 345.2947, 348.4221, 231.9813, 1.526718, 0.9236641, 3.099237, 212.102, 119.4063, 340.3475, 0.1755725, 1.19084, 1.580153],
[0, 0, 0, 0, 0, 344.6923, 349.2372, 235.1933, -4.282443, 6.366412, 0.3129771, 212.4774, 120.8143, 339.0265, -4.282443, 1.022901, -0.4580153],
[0, 0, 0, 0, 0, 347.1858, 348.7105, 228.6721, 0.4580153, -4.61832, -0.480916, 211.0546, 120.5701, 340.24, 0.7022901, 2.618321, 1.603053],
[0, 0, 0, 1, 0, 345.7458, 347.9279, 229.8551, -9.19084, 4.320611, 3.908397, 211.8014, 119.7595, 340.2992, 1.541985, 2.137405, 4.603054],
[1, 0, 0, 0, 0, 341.3893, 344.0451, 229.6101, -6.29771, 14.82443, 3.480916, 213.7746, 119.5473, 339.053, -3.740458, 1.167939, 1.908397],
[1, 0, 0, 0, 0, 344.6267, 342.941, 221.7742, 5.08397, 1.877863, -2.274809, 211.2183, 120.5941, 340.1051, -3.244275, -0.610687, -0.1908397],
[1, 0, 0, 0, 0, 343.7848, 346.8963, 231.2764, -0.4045802, -6.229008, -0.5496183, 212.3807, 120.7205, 339.1682, -0.3282443, 2.480916, 0.2519084],
[0, 0, 0, 0, 0, 346.0072, 346.196, 225.332, 0.0, -10.42748, -1.641221, 213.8851, 119.2566, 339.1991, 3.0, 2.099237, 2.137405],
[0, 0, 0, 0, 0, 346.8109, 347.5487, 226.638, 4.671756, -6.160306, -0.9312977, 211.4142, 120.1158, 340.3131, 1.312977, 0.351145, 0.0],
[1, 0, 0, 0, 0, 345.6043, 345.1556, 224.003, 3.450382, -1.465649, -3.450382, 210.1258, 120.7994, 340.7408, -5.496183, 0.4122138, 2.145038],
[1, 0, 0, 0, 0, 346.7426, 346.3495, 224.0528, 0.7633588, -1.083969, -0.07633588, 212.9837, 119.8843, 339.3636, -3.763359, 0.3664122, 3.480916],
[1, 0, 0, 0, 0, 345.9552, 347.6148, 228.6652, -1.946565, 3.022901, -3.717557, 212.4916, 121.3758, 338.5897, -5.755725, 1.244275, 3.954198],
[1, 0, 0, 0, 0, 346.0342, 345.6915, 224.1988, -1.221374, 3.862595, -4.259542, 213.2053, 120.9742, 338.3654, -7.442748, 2.0, 3.450382],
[1, 0, 0, 0, 0, 347.0658, 345.1559, 220.8172, -3.21374, 3.534351, 0.8473283, 211.9557, 121.7892, 338.6782, -3.625954, 1.793893, 0.4427481],
[1, 0, 0, 0, 0, 346.9496, 344.7935, 220.3624, -4.763359, 3.526718, -0.9083969, 211.2451, 121.6433, 339.3176, -3.022901, 1.183206, 2.145038],
[1, 0, 0, 0, 0, 347.1031, 345.8308, 222.1189, -2.519084, -2.946565, -1.801527, 211.3228, 121.9479, 339.0345, -2.10687, 2.167939, 2.091603],
[1, 0, 0, 0, 0, 346.3525, 346.5346, 225.3267, -3.59542, 3.610687, 0.2137404, 211.3985, 121.4371, 339.3561, -3.320611, 1.29771, 1.870229],
[1, 0, 0, 0, 0, 346.0925, 345.909, 224.5328, -1.343511, 4.557252, -3.603053, 211.5054, 121.7607, 339.0368, -7.992366, 2.083969, 2.908397],
[1, 0, 0, 0, 0, 347.6053, 344.7989, 218.8652, -1.847328, 3.656489, -0.2137404, 210.4354, 121.5595, 339.9759, -3.694656, 0.5877862, 1.770992],
[1, 0, 0, 0, 0, 346.8529, 345.2989, 221.5881, -3.709924, 5.38168, 0.5725191, 210.2865, 123.3841, 338.765, -4.473282, 0.4656488, 0.9923664],
[1, 0, 0, 0, 0, 346.8418, 344.9557, 220.9245, -2.10687, 3.274809, -3.328244, 210.2779, 122.497, 339.4171, -6.870229, 2.549618, 2.801527],
[1, 0, 0, 0, 0, 347.139, 344.7266, 219.8025, -2.847328, 3.045802, -1.48855, 208.741, 123.0268, 340.1981, -5.08397, 1.89313, 3.045802],
[1, 0, 0, 0, 0, 352.1386, 352.4547, 226.1248, -2.946565, -0.648855, 0.351145, 210.4826, 119.798, 341.195, -0.3358779, 1.183206, 2.305344],
[0, 0, 0, 0, 0, 352.8425, 353.6343, 228.3394, -2.770992, -0.0610687, 0.5954198, 211.4388, 119.1945, 340.9629, -2.816794, 0.3206107, 0.2137404],
[1, 0, 0, 0, 0, 352.8037, 354.1413, 230.8834, -3.816794, 1.564886, 1.259542, 210.0583, 120.2118, 341.2009, -3.587786, 1.473282, 0.6870229],
[1, 0, 0, 0, 0, 353.1328, 354.3613, 230.6379, -4.328244, 0.7251908, 2.152672, 210.0836, 119.4824, 341.6906, 0.1603053, 1.045802, 0.6717557],
[1, 0, 0, 0, 0, 352.0666, 353.9526, 232.7533, -2.587786, 0.09923664, -0.2366412, 210.5705, 119.8756, 341.0791, -1.526718, 0.9236641, 1.59542],
[0, 0, 0, 0, 0, 352.5108, 354.3235, 232.9087, -3.091603, 0.8396947, -0.1374046, 210.2765, 120.0291, 341.1761, -2.687023, 0.9770992, 1.145038],
[1, 0, 0, 0, 0, 352.4673, 353.2714, 228.215, -2.70229, 0.4503817, 0.2671756, 211.1224, 119.576, 340.9079, -2.389313, 1.770992, 1.320611],
[1, 0, 0, 0, 0, 352.0962, 353.4532, 230.3944, -2.618321, 1.603053, 0.1679389, 210.09, 119.9538, 341.3587, -3.290076, 0.6564885, 0.8778625],
[0, 0, 0, 0, 0, 352.1731, 353.461, 230.1476, -2.694656, 0.351145, -1.160305, 210.2578, 120.3568, 340.959, -3.389313, 1.267176, 1.854962],
[0, 0, 0, 0, 0, 351.6474, 354.0398, 234.5942, -2.946565, 1.381679, 0.3053435, 211.6168, 119.3947, 340.6948, -3.053435, 1.320611, 1.656489],
[0, 0, 0, 0, 0, 351.6771, 353.4823, 231.9975, -3.435115, 2.045802, 0.1526718, 210.3702, 119.835, 341.2471, -2.274809, 0.740458, 1.541985],
[0, 0, 0, 0, 0, 352.3538, 353.584, 230.0208, -3.412214, 1.870229, 0.351145, 211.7173, 119.7897, 340.3365, -2.068702, 1.412214, 1.29771],
[0, 0, 0, 0, 0, 351.339, 353.187, 231.8739, -3.343511, 1.564886, 0.1068702, 210.7661, 119.9894, 340.8615, -2.78626, 0.8015267, 1.412214],
[0, 0, 0, 0, 0, 351.7822, 353.4532, 231.5093, -3.122137, 2.129771, -0.3969466, 211.2033, 119.6235, 340.8175, -4.396946, 1.099237, 1.435114],
[0, 0, 0, 0, 0, 351.9701, 353.4732, 230.9362, -3.21374, 2.732824, 0.8167939, 211.4879, 119.3422, 340.8224, -3.083969, 1.007634, 1.145038],
[0, 0, 0, 0, 0, 352.0022, 353.5475, 231.148, -3.625954, 2.450382, 0.5038168, 210.9313, 120.2429, 340.5637, -2.580153, 1.473282, 1.061069],
[0, 0, 0, 0, 0, 351.2685, 352.7786, 230.4462, -4.175572, 2.366412, 0.740458, 210.3762, 120.1899, 340.9931, -2.129771, 1.251908, 1.358779],
[0, 0, 0, 0, 0, 351.4727, 353.749, 233.8516, -2.916031, 2.748092, 0.6564885, 210.5243, 119.6643, 341.2602, -4.076336, 1.389313, 1.038168],
[0, 0, 0, 0, 0, 351.8819, 352.7965, 228.4111, -3.083969, 1.870229, 0.1679389, 210.3704, 120.1928, 340.9952, -1.70229, 1.267176, 1.480916],
[0, 0, 0, 0, 0, 351.7034, 352.6685, 228.5325, -3.70229, 2.022901, 0.1832061, 210.782, 119.8921, 340.9196, -3.022901, 1.89313, 1.549618],
[0, 0, 0, 0, 0, 351.6064, 353.3502, 231.6689, -3.21374, 2.167939, 0.4503817, 211.128, 119.9277, 340.6514, -3.496183, 1.572519, 1.51145],
[0, 0, 0, 0, 0, 351.547, 353.1722, 231.119, -3.51145, 1.816794, -0.1145038, 210.8385, 119.8838, 340.8859, -2.305344, 1.374046, 1.320611],
[0, 0, 0, 0, 0, 351.3494, 353.7036, 234.0506, -4.259542, 2.351145, 0.3969466, 210.9355, 119.9719, 340.7551, -2.152672, 1.458015, 1.587786],
[0, 0, 0, 0, 0, 350.863, 353.5331, 234.83, -3.564885, 1.961832, 0.2519084, 210.5757, 119.7998, 341.129, -3.870229, 1.755725, 1.557252],
[0, 0, 0, 0, 0, 351.2763, 353.606, 233.8586, -2.648855, 1.59542, -0.1145038, 210.6132, 119.8078, 341.0973, -2.778626, 0.9694656, 1.480916],
[0, 0, 0, 0, 0, 351.0957, 353.0529, 232.1096, -2.770992, 2.885496, 0.1450382, 210.9641, 119.8232, 340.8414, -2.923664, 0.8931297, 0.6335878],
[0, 0, 0, 0, 0, 350.8048, 352.4935, 230.8247, -3.427481, 1.900763, -0.2137404, 209.5384, 120.5114, 341.3578, -3.099237, 1.687023, 1.496183],
[0, 0, 0, 0, 0, 350.4354, 352.8805, 233.4414, -3.358779, 1.832061, -0.3358779, 210.5579, 120.1692, 340.8801, -2.465649, 1.816794, 2.175573],
[0, 0, 0, 0, 0, 351.0929, 353.1003, 232.3116, -3.351145, 3.19084, 0.09923664, 210.7818, 119.6965, 341.0588, -3.564885, 1.442748, 1.755725],
[0, 0, 0, 0, 0, 350.8696, 353.1665, 233.2818, -4.129771, 2.961832, 0.4580153, 210.9153, 120.0245, 340.7316, -2.755725, 0.9465649, 1.114504],
[0, 0, 0, 0, 0, 351.3505, 353.2072, 231.9204, -3.175573, 0.7022901, 0.1984733, 210.7553, 120.3283, 340.6274, -2.221374, 1.076336, 1.259542],
[0, 0, 0, 0, 0, 350.8109, 352.5638, 231.0745, -3.251908, 2.389313, -0.1374046, 209.8863, 120.2068, 341.3247, -2.877863, 1.618321, 1.259542],
[0, 0, 0, 0, 0, 350.9107, 352.9031, 232.0901, -3.129771, 0.9007633, 0.129771, 209.5846, 120.0701, 341.6291, -2.351145, 1.473282, 1.725191],
[0, 0, 0, 0, 0, 350.5501, 352.648, 232.1972, -2.847328, 1.70229, 0.4885496, 209.8942, 120.2948, 341.258, -2.625954, 1.381679, 0.8396947],
[0, 0, 0, 0, 0, 350.6145, 352.3472, 230.861, -2.931298, 1.725191, 0.05343511, 209.2441, 120.1988, 341.7773, -2.961832, 0.7633588, 0.8015267],
[0, 0, 0, 0, 0, 350.8449, 352.6485, 231.295, -3.076336, 1.435114, -0.1679389, 209.4954, 120.506, 341.3918, -1.48855, 0.8473283, 1.778626],
[0, 0, 0, 0, 0, 350.5506, 352.1919, 230.4805, -3.541985, 1.946565, 0.480916, 209.6144, 120.5435, 341.2822, -2.412214, 1.480916, 1.679389],
[0, 0, 0, 0, 0, 350.3108, 352.0974, 230.8573, -2.610687, 1.954198, -0.1755725, 210.7511, 120.1132, 340.7839, -3.916031, 0.7175572, 1.671756],
[0, 0, 0, 0, 0, 350.2304, 352.4265, 232.3039, -2.870229, 1.931298, -0.5725191, 209.3518, 120.368, 341.587, -4.267176, 1.763359, 1.916031],
[0, 0, 0, 0, 0, 350.7204, 352.3539, 230.5597, -3.290076, 2.175573, 0.1679389, 210.4545, 119.8576, 341.1726, -3.045802, 1.167939, 2.068702],
[0, 0, 0, 0, 0, 351.0936, 352.5059, 229.953, -3.633588, 2.030534, -0.03053435, 209.6836, 121.0148, 340.906, -1.931298, 1.244275, 0.6870229],
[0, 0, 0, 0, 0, 351.1188, 352.2596, 228.9371, -3.175573, 1.519084, 0.1603053, 209.9938, 120.4813, 341.0578, -1.931298, 1.557252, 1.740458],
[0, 0, 0, 0, 0, 350.7661, 352.6189, 231.4259, -2.587786, 2.229008, 0.4351145, 210.743, 120.0945, 340.8029, -1.900763, 1.351145, 2.007634],
[0, 0, 0, 0, 0, 351.0023, 352.5053, 230.2449, -3.732824, 1.549618, 0.03053435, 209.3894, 120.9188, 341.1823, -3.793893, 1.916031, 1.374046],
[0, 0, 0, 0, 0, 351.1703, 353.3771, 233.2162, -2.877863, 1.778626, -0.1145038, 210.5323, 120.1504, 340.9114, -2.870229, 1.251908, 1.656489],
[0, 0, 0, 0, 0, 350.6054, 352.6728, 232.1261, -3.053435, 1.251908, -0.4427481, 209.2601, 120.7256, 341.4066, -2.923664, 1.618321, 1.900763],
[0, 0, 0, 0, 0, 350.9886, 352.9357, 231.976, -3.534351, 1.534351, -0.1374046, 211.2655, 120.0253, 340.4841, -2.526718, 1.80916, 2.083969],
[0, 0, 0, 0, 0, 350.8787, 353.3162, 233.871, -3.19084, 2.519084, 0.129771, 211.1384, 120.1968, 340.4501, -3.679389, 1.503817, 1.022901],
[0, 0, 0, 0, 0, 348.9532, 358.1621, 260.864, -3.832061, 4.0, -2.29771, 210.6806, 118.1646, 342.2041, -4.221374, -1.824428, 10.35878],
[0, 0, 0, 0, 0, 351.2761, 358.7551, 262.2246, 4.564886, -9.236641, -0.1145038, 212.479, 121.5269, 338.4841, -0.1145038, -3.740458, 4.374046],
[0, 0, 0, 0, 0, 351.5539, 2.259429, 285.4987, 16.28244, 20.98473, -4.51145, 211.6197, 123.9846, 337.2703, 3.664122, -5.503817, -0.5725191],
[0, 0, 0, 0, 0, 351.9034, 358.6448, 260.8577, 2.236641, -2.610687, 0.07633588, 211.3008, 123.7364, 337.7117, 5.099236, 6.465649, 4.580153],
[0, 0, 0, 0, 0, 353.4418, 359.4222, 265.4301, -2.328244, 1.366412, 1.732824, 212.4425, 122.9903, 337.3876, -0.4961832, 0.7480916, 0.8549618],
[0, 0, 0, 0, 0, 354.556, 358.5171, 255.1973, -1.572519, 2.198473, 1.816794, 213.1597, 123.5764, 336.361, -2.007634, 0.6717557, 0.5267176],
[0, 0, 0, 0, 0, 353.4123, 358.9143, 261.0694, -2.198473, 3.381679, 1.854962, 211.6236, 124.9048, 336.5579, 0.1145038, -0.7633588, 0.3587786],
[0, 0, 0, 0, 0, 354.7138, 357.9998, 249.6329, -0.5648855, -0.1679389, 0.4656488, 212.7247, 124.58, 335.9149, -2.618321, 1.473282, 2.236641],
[0, 0, 0, 0, 0, 354.2227, 359.0229, 260.8826, -2.167939, 1.977099, 1.206107, 212.042, 124.5799, 336.4706, -3.061069, 0.1526718, 1.038168],
[0, 0, 0, 0, 0, 355.194, 358.7218, 255.601, -2.824427, 1.78626, 0.1068702, 213.0691, 124.0634, 336.0462, -3.656489, 0.9770992, 1.732824],
[0, 0, 0, 0, 0, 355.5532, 356.9196, 235.4185, -4.564886, 4.870229, -2.343511, 212.3647, 124.969, 335.9013, -6.320611, -1.137405, 1.80916],
[0, 0, 0, 0, 0, 353.9244, 357.6075, 248.8179, -3.801527, 4.167939, 1.160305, 210.5273, 125.3135, 337.1382, -1.687023, -0.09160305, 0.7557252],
[0, 0, 0, 0, 0, 355.149, 356.7811, 236.5765, -5.900764, -0.8396947, 2.755725, 211.8605, 125.1007, 336.2117, 5.267176, 2.580153, 1.587786],
[0, 0, 0, 0, 0, 356.6227, 356.6368, 225.0478, -2.862595, -1.633588, 0.9465649, 212.765, 125.7345, 334.9571, -2.358779, -2.129771, 0.8015267],
[0, 0, 0, 0, 0, 355.559, 357.6981, 242.8836, -1.854962, 2.114504, 2.198473, 211.7361, 126.0856, 335.541, -0.9541985, 0.7328244, -0.5343512],
[0, 0, 0, 0, 0, 356.1036, 357.4443, 236.9203, -2.618321, 0.4274809, 0.6564885, 211.6968, 126.1254, 335.5427, -3.900763, 2.030534, 1.312977],
[0, 0, 0, 0, 0, 356.9846, 357.2972, 228.1316, -3.068702, 2.793893, 0.1603053, 212.1835, 125.9589, 335.2657, -1.351145, 0.9541985, 1.877863],
[0, 0, 0, 0, 0, 356.0285, 357.7805, 241.0732, -1.580153, 1.328244, -0.7099237, 210.8735, 126.6399, 335.8333, -3.335878, 1.221374, 2.061069],
[0, 0, 0, 0, 0, 356.3193, 357.4974, 235.9576, -3.229008, 2.748092, -0.6793893, 211.2936, 126.1284, 335.8786, -4.312977, 1.351145, 1.503817],
[0, 0, 0, 0, 0, 356.2801, 357.0627, 231.7772, -4.122138, 2.389313, 0.2061069, 211.1421, 126.031, 336.081, -3.969466, 1.908397, 0.8778625],
[0, 0, 0, 0, 0, 356.201, 356.4871, 227.2126, -3.267176, 1.541985, 0.4656488, 211.5145, 125.9323, 335.8472, -2.290076, 0.7633588, 1.152672],
[0, 0, 0, 0, 0, 356.452, 356.6805, 226.8721, -2.732824, 1.763359, -0.480916, 211.185, 125.9639, 336.0973, -3.862595, 1.664122, 1.748092],
[0, 0, 0, 0, 0, 356.3511, 356.6967, 227.8317, -3.328244, 1.587786, 0.5572519, 210.7608, 125.7925, 336.5817, -2.618321, 1.274809, 1.51145],
[0, 0, 0, 0, 0, 355.8811, 356.7173, 231.5024, -3.694656, 2.48855, 1.122137, 211.1813, 126.0602, 336.0256, -2.21374, 0.9083969, 0.9389313],
[0, 0, 0, 0, 0, 355.8537, 356.6046, 230.726, -3.526718, 3.030534, -0.1221374, 209.6154, 127.1422, 336.5125, -3.282443, 0.6717557, 1.328244],
[0, 0, 0, 0, 0, 356.057, 356.0713, 225.0314, -2.740458, 1.78626, -0.1984733, 210.3894, 127.2282, 335.7881, -1.251908, 1.259542, 2.259542],
[0, 0, 0, 0, 0, 356.044, 356.5427, 228.8534, -3.366412, 1.259542, 0.6870229, 210.6373, 126.5845, 336.0755, -1.877863, 1.694656, 1.938931],
[0, 0, 0, 0, 0, 356.2173, 356.5579, 227.6805, -3.732824, 3.091603, 0.2748091, 210.7099, 126.632, 335.9776, -3.419847, 0.870229, 0.9541985],
[0, 0, 0, 0, 0, 355.4193, 356.313, 231.2137, -3.450382, 2.427481, -0.2366412, 210.1148, 126.6551, 336.461, -3.709924, 0.9541985, 1.717557],
[0, 0, 0, 0, 0, 355.9963, 356.5487, 229.25, -3.847328, 2.442748, 0.5648855, 210.7498, 126.7869, 335.8237, -2.450382, 1.10687, 1.427481],
[0, 0, 0, 0, 0, 356.361, 355.9038, 221.4747, -3.244275, 2.099237, 0.3358779, 210.2913, 127.3769, 335.7569, -3.083969, 0.9083969, 1.679389],
[0, 0, 0, 0, 0, 356.1685, 356.2104, 225.2474, -3.70229, 2.206107, 0.389313, 210.3183, 127.2225, 335.8532, -3.351145, 1.389313, 1.534351],
[0, 0, 0, 0, 0, 355.7647, 356.0481, 226.9465, -3.198473, 1.969466, -0.2977099, 210.5573, 127.127, 335.7233, -2.564885, 1.564886, 1.923664],
[0, 0, 0, 0, 0, 356.4195, 356.3769, 224.58, -3.656489, 1.748092, -0.1679389, 210.4867, 127.1625, 335.7559, -3.076336, 1.580153, 1.465649],
[0, 0, 0, 0, 0, 356.2059, 356.0359, 223.6445, -4.274809, 1.572519, -0.6259542, 211.2762, 126.7088, 335.4383, -2.442748, 2.007634, 1.48855],
[0, 0, 0, 0, 0, 355.436, 356.1991, 230.238, -3.458015, 1.78626, 0.3053435, 210.4202, 127.3424, 335.6733, -1.496183, 1.396947, 1.59542],
[0, 0, 0, 0, 0, 355.5644, 355.9056, 227.2598, -3.916031, 3.206107, -0.0610687, 210.5155, 126.5312, 336.2191, -3.335878, 1.183206, 1.122137],
[0, 0, 0, 0, 0, 355.4532, 355.8072, 227.2888, -4.244275, 3.442748, -0.4198473, 210.4429, 126.8759, 336.0148, -3.328244, 1.80916, 1.099237],
[0, 0, 0, 0, 0, 355.4196, 356.0558, 229.2743, -3.717557, 1.740458, 0.1679389, 210.5354, 127.3581, 335.5622, -2.198473, 2.122137, 1.183206],
[0, 0, 0, 0, 0, 355.0593, 355.8025, 229.6615, -2.290076, 1.312977, -0.2442748, 210.4276, 126.8784, 336.0259, -1.465649, 1.526718, 2.030534],
[0, 0, 0, 0, 0, 354.4914, 356.0659, 234.5623, -3.633588, 2.358779, 0.5496183, 209.9774, 127.0195, 336.299, 0.8396947, 2.374046, 0.3282443],
[0, 0, 0, 0, 0, 355.2094, 355.6226, 227.5538, -2.19084, 0.2442748, 0.5267176, 210.8872, 126.6813, 335.7895, -2.40458, 2.793893, 2.21374],
[0, 0, 0, 0, 0, 355.0821, 355.9577, 230.6113, -2.030534, 1.78626, -1.610687, 210.9078, 126.5437, 335.8791, -3.862595, 1.664122, 2.038168],
[0, 0, 0, 0, 0, 355.9155, 356.1427, 226.5955, -2.587786, 2.778626, -1.114504, 210.2119, 126.8894, 336.2, -3.954198, 0.5267176, 1.442748],
[0, 0, 0, 0, 0, 356.119, 355.4815, 220.5018, -2.183206, 2.030534, 0.01526718, 211.2444, 126.7229, 335.4541, -2.091603, 0.4885496, 1.29771],
[0, 0, 0, 0, 0, 355.6944, 355.9929, 227.0216, -3.328244, 1.412214, 0.6946565, 210.642, 127.063, 335.7007, -2.610687, 1.358779, 1.160305],
[0, 0, 0, 0, 0, 356.0213, 355.6518, 222.335, -3.221374, 2.587786, -0.3587786, 210.5649, 127.0339, 335.7891, -3.51145, 1.183206, 1.793893],
[0, 0, 0, 0, 0, 355.4426, 355.3427, 224.2924, -3.465649, 2.59542, -0.1603053, 210.2918, 127.2865, 335.8264, -3.251908, 0.870229, 1.412214],
[0, 0, 0, 0, 0, 358.3949, 359.2961, 247.3955, -2.534351, 4.564886, -0.8931297, 214.2368, 123.77, 335.3364, -4.89313, 0.8854962, 2.908397],
[0, 0, 0, 0, 0, 358.1671, 359.1061, 244.8074, -2.328244, 2.015267, -1.099237, 214.6071, 123.8038, 335.0069, -4.160306, 0.4198473, 2.564885],
[0, 0, 0, 0, 0, 358.8327, 359.5411, 250.2562, -4.038168, 3.473282, -0.480916, 214.7168, 124.3098, 334.4972, -3.80916, 0.8778625, 1.473282],
[0, 0, 0, 0, 0, 358.8791, 359.3477, 240.8392, -4.175572, 2.473282, -2.091603, 215.5181, 123.2948, 334.6875, -3.175573, 2.244275, 2.732824],
[0, 0, 0, 0, 0, 358.668, 358.4696, 220.7707, -2.618321, 2.709924, 0.3816794, 214.4233, 123.5803, 335.3404, -3.427481, 0.6564885, 0.6641222],
[0, 0, 0, 0, 0, 359.0908, 358.3089, 207.359, -3.389313, 2.282443, 0.9923664, 213.9361, 124.1455, 335.2749, -1.847328, 0.5801527, 0.1068702],
[0, 0, 0, 0, 0, 359.0768, 358.423, 209.502, -3.671756, 1.78626, 0.4656488, 214.7398, 123.6074, 335.061, -3.312977, 2.580153, 0.9312977],
[0, 0, 0, 0, 0, 358.5182, 358.2475, 219.9382, -3.419847, 2.312977, -0.648855, 214.1518, 123.8999, 335.2994, -2.419847, 1.305344, 1.885496],
[0, 0, 0, 0, 0, 358.0679, 358.0961, 225.3614, -3.251908, 3.358779, 0.4274809, 213.6857, 123.7615, 335.79, -3.274809, 1.229008, 1.076336],
[0, 0, 0, 0, 0, 359.1345, 358.5238, 209.4902, -1.519084, 3.587786, 2.267176, 213.8222, 124.5056, 335.0747, -1.89313, -0.610687, -0.4122138],
[0, 0, 0, 0, 0, 359.0628, 358.0825, 205.1329, -4.755725, 2.740458, 2.244275, 213.571, 124.3431, 335.413, -1.160305, 0.5572519, 0.6259542],
[0, 0, 0, 0, 0, 358.7908, 357.7648, 207.7189, -4.465649, 1.732824, 0.5954198, 213.1494, 124.532, 335.606, -2.603053, 1.885496, 1.015267],
[0, 0, 0, 0, 0, 358.7475, 357.6372, 207.2473, -3.877863, 0.4274809, -0.2442748, 214.0438, 124.3543, 335.016, -1.137405, 2.519084, 1.770992],
[0, 0, 0, 0, 0, 358.0327, 357.6255, 219.3989, -2.641221, 1.015267, -1.145038, 213.6745, 123.8128, 335.7576, -2.366412, 2.0, 1.198473],
[0, 0, 0, 0, 0, 357.4541, 358.1428, 234.0898, -2.48855, 1.450382, -0.3435115, 212.3577, 123.9904, 336.6765, -1.381679, 1.160305, 0.7251908],
[0, 0, 0, 0, 0, 358.6004, 357.8147, 212.1073, -4.229008, 2.89313, -0.6870229, 213.4198, 123.7311, 336.0288, -1.343511, 1.267176, 0.4122138],
[0, 0, 0, 0, 0, 357.8478, 357.2819, 218.1107, -2.755725, 2.442748, -0.1908397, 212.8664, 123.4646, 336.6831, -5.900764, 1.824428, 1.251908],
[0, 0, 0, 0, 0, 358.0776, 358.2038, 226.9409, -3.244275, 1.419847, 0.1221374, 213.3148, 123.3845, 336.3896, -2.450382, 1.366412, 0.8473283],
[0, 0, 0, 0, 0, 357.8025, 357.7738, 224.5417, -4.137404, 1.824428, -0.5801527, 213.1282, 123.739, 336.2569, -3.21374, 1.740458, 1.671756],
[0, 0, 0, 0, 0, 357.9762, 356.8942, 212.6986, -2.793893, 0.9007633, 0.832061, 213.381, 123.185, 336.4959, -2.167939, 1.618321, 0.9236641],
[0, 0, 0, 0, 0, 357.6633, 357.5218, 223.1934, -3.732824, 3.328244, 0.03816794, 213.9455, 123.1608, 336.066, -3.10687, 0.6335878, 1.183206],
[0, 0, 0, 0, 0, 357.6804, 357.4814, 222.5013, -3.099237, 1.580153, -1.244275, 213.0465, 123.4654, 336.5393, -3.801527, 1.312977, 2.129771],
[0, 0, 0, 0, 0, 358.1508, 357.2194, 213.22, -3.152672, 1.526718, -0.3358779, 213.1451, 123.5111, 336.4244, -2.679389, 1.801527, 2.229008],
[0, 0, 0, 0, 0, 358.0237, 357.4797, 217.8171, -3.396947, 2.916031, 0.1603053, 213.0342, 123.7584, 336.3168, -2.732824, 1.167939, 1.519084],
[0, 0, 0, 0, 0, 357.6827, 357.356, 221.0522, -2.748092, 2.557252, 0.9236641, 213.0419, 123.3413, 336.641, -2.068702, 1.083969, 1.114504],
[0, 0, 0, 0, 0, 357.981, 357.2052, 215.5113, -2.847328, 2.51145, 0.6259542, 213.6636, 123.4169, 336.0852, -2.679389, 1.358779, 1.259542],
[0, 0, 0, 0, 0, 357.5093, 357.4255, 223.9508, -4.145038, 1.557252, -0.3587786, 213.0936, 123.4098, 336.5457, -3.374046, 1.89313, 1.038168],
[0, 0, 0, 0, 0, 357.4775, 357.6191, 226.6263, -2.618321, 2.732824, -0.5954198, 214.4156, 123.219, 335.6424, -4.068702, 1.778626, 2.21374],
[0, 0, 0, 0, 0, 357.562, 356.9069, 218.0, -2.198473, 0.9694656, -0.7251908, 213.9055, 123.2095, 336.0586, -3.603053, 1.381679, 1.870229],
[0, 0, 0, 0, 0, 357.9328, 357.0863, 215.0158, -3.343511, 1.473282, 0.1832061, 213.4012, 123.6695, 336.093, -2.717557, 1.21374, 1.335878],
[0, 0, 0, 0, 0, 357.8011, 356.8881, 214.9188, -3.916031, 1.839695, 0.4503817, 213.4053, 123.091, 336.5514, -2.854962, 0.9694656, 1.167939],
[0, 0, 0, 0, 0, 357.7629, 356.8862, 215.3804, -3.259542, 2.10687, 1.053435, 213.34, 123.742, 336.0842, -0.778626, 1.007634, 1.160305],
[0, 0, 0, 0, 0, 357.6777, 357.3685, 221.2524, -2.732824, 1.48855, 0.2442748, 212.7125, 123.6459, 336.6629, -3.267176, 0.7709923, 1.59542],
[0, 0, 0, 0, 0, 357.8599, 356.7276, 212.8113, -3.618321, 1.122137, 0.1832061, 213.7804, 123.2477, 336.1278, -2.763359, 0.9160305, 1.992366],
[0, 0, 0, 0, 0, 358.2063, 357.3737, 213.9323, -3.267176, 2.0, 1.091603, 213.6224, 123.9387, 335.6982, -1.885496, 1.236641, 0.8778625],
[0, 0, 0, 0, 0, 357.8375, 356.5729, 211.867, -3.091603, 2.519084, 0.2748091, 213.6167, 123.987, 335.6637, -2.160305, 1.045802, 1.198473],
[0, 0, 0, 0, 0, 358.2306, 357.3035, 212.8458, -2.748092, 2.183206, 1.007634, 213.2838, 124.4569, 335.5563, -1.916031, 0.7557252, 1.396947],
[0, 0, 0, 0, 0, 357.8516, 357.4393, 219.7747, -3.954198, 2.015267, -0.6946565, 213.3636, 124.2647, 335.6458, -3.847328, 1.343511, 1.763359],
[0, 0, 0, 0, 0, 358.4129, 357.2375, 209.348, -3.755725, 1.59542, -0.3053435, 213.8898, 124.2026, 335.2663, -3.068702, 1.671756, 2.030534],
[0, 0, 0, 0, 0, 357.7913, 356.6958, 213.406, -3.59542, 1.641221, 0.3969466, 213.1705, 123.8979, 336.0963, -1.824428, 0.9923664, 1.549618],
[0, 0, 0, 0, 0, 357.5596, 357.2602, 221.5277, -2.816794, 1.916031, 0.2366412, 213.0623, 124.1979, 335.9445, -3.465649, 0.9160305, 1.839695],
[0, 0, 0, 0, 0, 358.3468, 356.6533, 205.732, -2.251908, 2.114504, 0.4198473, 213.5764, 124.1989, 335.5253, -2.694656, 1.038168, 1.587786],
[0, 0, 0, 0, 0, 358.5136, 356.9707, 205.5278, -2.496183, 1.78626, -0.1755725, 214.1294, 124.3393, 334.9578, -2.48855, 0.6259542, 1.908397],
[0, 0, 0, 0, 0, 358.4845, 357.1399, 207.339, -2.969466, 2.251908, -0.5419847, 213.6961, 124.4949, 335.1872, -3.59542, 1.053435, 2.206107],
[0, 0, 0, 0, 0, 358.1965, 357.1465, 211.8543, -3.48855, 2.870229, -1.007634, 213.2833, 124.3586, 335.6358, -4.824428, 0.9236641, 1.374046],
[0, 0, 0, 0, 0, 358.4671, 356.2485, 201.6145, -2.946565, 1.717557, 0.4885496, 213.0358, 124.7452, 335.528, -2.396947, 1.251908, 1.572519],
[0, 0, 0, 0, 0, 358.9462, 357.3595, 200.9192, -2.435115, 0.2824428, 0.09923664, 213.7, 124.9274, 334.8313, -2.274809, 0.7557252, 1.908397],
[0, 0, 0, 0, 0, 358.6064, 357.8669, 212.6372, -4.045802, 1.946565, -0.7251908, 213.3604, 124.8907, 335.1429, -3.549618, 2.442748, 1.969466],
[0, 0, 0, 0, 0, 2.985805, 358.9535, 107.598, -4.076336, 1.946565, 0.09160305, 216.4947, 118.7586, 337.712, -2.801527, 0.961832, 1.519084],
[0, 0, 0, 0, 0, 2.591851, 359.0662, 107.8516, -3.717557, 2.145038, -0.01526718, 216.6107, 119.0203, 337.4094, -3.251908, 1.885496, 1.053435],
[0, 0, 0, 0, 0, 2.666046, 358.8897, 110.6713, -3.366412, 3.312977, -1.725191, 215.4399, 118.8836, 338.3769, -5.885496, 0.961832, 2.122137],
[0, 0, 0, 0, 0, 2.432437, 358.8148, 113.8457, -3.198473, 2.229008, -0.4351145, 215.8597, 118.836, 338.1113, -3.458015, 1.282443, 1.885496],
[0, 0, 0, 0, 0, 2.664148, 358.4128, 118.8267, -3.068702, 1.740458, 0.007633588, 215.9419, 118.6822, 338.1772, -3.442748, 1.152672, 1.824428],
[0, 0, 0, 0, 0, 3.145261, 358.9194, 107.3262, -3.358779, 1.030534, 0.3816794, 215.4185, 119.1467, 338.18, -2.160305, 1.137405, 1.549618],
[0, 0, 0, 0, 0, 3.094003, 359.1208, 104.2449, -3.167939, 2.427481, -0.389313, 216.6559, 118.4216, 337.874, -3.862595, 0.9847328, 1.832061],
[0, 0, 0, 0, 0, 2.582234, 358.5548, 117.2141, -3.030534, 1.755725, -0.4351145, 215.8083, 118.9833, 338.0286, -3.503817, 1.557252, 1.419847],
[0, 0, 0, 0, 0, 2.089878, 359.601, 98.62338, -3.877863, 2.122137, -0.1374046, 216.9601, 118.449, 337.6296, -3.129771, 1.358779, 1.473282],
[0, 0, 0, 0, 0, 2.800898, 358.954, 108.6452, -4.290076, 2.244275, 0.08396947, 216.9529, 118.9167, 337.2429, -2.114504, 1.664122, 1.969466],
[0, 0, 0, 0, 0, 2.548764, 358.0745, 125.085, -3.267176, 2.21374, -0.4427481, 216.2472, 118.6838, 337.9543, -2.572519, 1.015267, 1.946565],
[0, 0, 0, 0, 0, 2.472902, 358.1832, 124.2527, -3.221374, 2.389313, -0.2290076, 216.6191, 118.5261, 337.814, -3.229008, 0.7862596, 1.618321],
[0, 0, 0, 0, 0, 2.424909, 358.8609, 113.0275, -2.931298, 1.473282, 0.5419847, 216.0754, 119.2021, 337.6538, -2.541985, 0.7328244, 1.549618],
[0, 0, 0, 0, 0, 1.836882, 359.4499, 104.039, -4.068702, 2.022901, 0.1984733, 216.349, 118.9333, 337.6743, -2.465649, 1.351145, 1.78626],
[0, 0, 0, 0, 0, 1.94269, 358.453, 125.9954, -3.580153, 2.694656, -0.3664122, 216.0088, 118.8478, 337.9932, -2.885496, 1.40458, 1.450382],
[0, 0, 0, 0, 0, 2.828672, 358.4379, 117.0508, -4.427481, 2.083969, 0.7251908, 217.0403, 118.3629, 337.6433, -1.526718, 1.099237, 0.740458],
[0, 0, 0, 0, 0, 1.611101, 358.3225, 133.3687, -3.236641, 1.725191, 0.07633588, 215.624, 119.5038, 337.7397, -2.038168, 2.282443, 1.694656],
[0, 0, 0, 0, 0, 1.859465, 357.9453, 135.4896, -4.236641, 0.9465649, -0.7099237, 215.602, 119.172, 338.0256, -2.320611, 2.244275, 1.931298],
[0, 0, 0, 0, 0, 2.22783, 358.002, 129.7282, -2.656489, 0.6183206, -0.03053435, 216.409, 118.3143, 338.1415, -2.992366, 1.78626, 2.015267],
[0, 0, 0, 0, 0, 1.552439, 358.3946, 133.0648, -4.503817, 1.70229, 0.9923664, 216.3626, 118.9616, 337.6408, -1.78626, 1.633588, 1.503817],
[0, 0, 0, 0, 0, 1.800038, 358.4894, 127.3114, -2.78626, 1.564886, 0.2519084, 216.2761, 118.4474, 338.1278, -2.740458, 1.145038, 2.167939],
[0, 0, 0, 0, 0, 1.625595, 358.5492, 128.8306, -3.847328, 1.78626, 0.8244275, 217.4019, 118.3608, 337.3804, -3.221374, 2.114504, 1.839695],
[0, 0, 0, 0, 0, 1.885531, 358.3896, 127.9359, -3.091603, 1.732824, -1.526718, 217.7191, 118.4324, 337.0861, -4.977099, 1.80916, 1.877863],
[0, 0, 0, 0, 0, 1.881623, 358.5732, 124.533, -3.603053, 1.641221, -0.7480916, 217.5907, 118.7348, 336.9236, -3.290076, 1.557252, 2.389313],
[0, 0, 0, 0, 0, 1.656224, 358.6756, 125.698, -4.145038, 1.679389, -0.351145, 216.381, 118.8566, 337.7142, -3.19084, 1.221374, 0.9923664],
[0, 0, 0, 0, 0, 1.337163, 359.4614, 108.2662, -4.251908, 3.076336, 0.9083969, 217.3881, 119.0226, 336.8299, -2.396947, 1.259542, 0.6030535],
[0, 0, 0, 0, 0, 1.185808, 358.7757, 132.1563, -3.610687, 2.366412, 0.5114504, 217.6847, 117.5164, 337.89, -2.70229, 2.458015, 1.770992],
[0, 0, 0, 0, 0, 1.207516, 359.4763, 109.3773, -3.427481, 2.908397, 0.3053435, 217.9773, 118.4013, 336.9217, -2.89313, 1.083969, 0.832061],
[0, 0, 0, 0, 0, 1.5439, 359.0595, 118.0839, -4.977099, 2.320611, 0.4351145, 217.8688, 118.3732, 337.0261, -1.717557, 1.40458, 1.381679],
[0, 0, 0, 0, 0, 0.606183, 358.2377, 157.5889, -3.358779, 3.0, -0.4885496, 216.5572, 117.6043, 338.6203, -4.137404, 0.2748091, 1.167939],
[0, 0, 0, 0, 0, 0.9106133, 358.6349, 142.3085, -3.671756, 1.832061, 1.51145, 217.9055, 118.0215, 337.2998, -1.320611, 2.129771, 1.0],
[0, 0, 0, 0, 0, 0.946734, 358.2437, 148.3899, -2.969466, 2.694656, 1.0, 216.9133, 118.4803, 337.6377, -2.992366, 1.473282, 0.9007633],
[0, 0, 0, 0, 0, 0.9546985, 358.6546, 140.6809, -3.824427, 2.732824, -1.061069, 217.9302, 118.2158, 337.1155, -4.687023, 1.480916, 2.48855],
[0, 0, 0, 0, 0, 1.018183, 358.0295, 149.7201, -3.778626, 2.022901, 0.610687, 218.767, 117.2731, 337.3167, -2.396947, -0.2442748, -0.09160305],
[0, 0, 0, 0, 0, 1.209128, 357.9293, 146.9723, -0.3282443, 4.007634, 0.4732824, 216.4561, 119.1513, 337.4148, -4.862596, -1.48855, 1.21374],
[0, 0, 0, 0, 0, 0.4774927, 358.6561, 155.9505, -3.229008, 3.549618, -1.015267, 217.2419, 118.2083, 337.6261, -4.389313, 0.4503817, 1.122137],
[0, 0, 0, 0, 0, 1.265358, 357.0692, 154.6038, -3.580153, 5.374046, 0.4961832, 216.0564, 118.211, 338.4792, -2.870229, -1.732824, 0.6946565],
[0, 0, 0, 0, 0, 0.7459252, 357.8807, 157.7571, -3.366412, 2.671756, -0.1450382, 216.8872, 117.6733, 338.3289, -5.290076, 0.5648855, 1.221374],
[0, 0, 0, 0, 0, 0.8497245, 357.8827, 155.2983, -2.320611, 2.274809, -1.419847, 215.1125, 118.9929, 338.5254, -4.961832, 0.5419847, 1.061069],
[0, 0, 0, 0, 0, 1.406713, 358.3425, 136.6762, -3.778626, 2.358779, -1.007634, 216.0002, 118.8722, 337.9796, -3.465649, 1.931298, 2.694656],
[0, 0, 0, 0, 0, 1.641948, 357.072, 148.7451, -2.267176, 2.137405, -1.358779, 214.7157, 119.3958, 338.4915, -5.068702, 0.1603053, 2.923664],
[0, 0, 0, 0, 0, 1.914301, 358.3153, 128.8422, -3.129771, 1.351145, -0.08396947, 216.5864, 119.3815, 337.1264, -0.9312977, 1.450382, 1.709924],
[0, 0, 0, 0, 0, 1.739395, 357.9375, 137.42, -2.969466, 1.0, -0.7480916, 216.2325, 119.2894, 337.4659, -3.740458, 1.534351, 2.175573],
[0, 0, 0, 0, 0, 2.343515, 358.0504, 127.6558, -4.267176, 0.6030535, 0.05343511, 216.8866, 119.6349, 336.6887, 0.9694656, 1.832061, 2.534351],
[0, 0, 0, 0, 0, 1.736512, 358.2685, 132.2786, -3.328244, 2.167939, 0.6870229, 216.5748, 119.1333, 337.3419, -1.78626, 1.167939, 0.9847328],
[0, 0, 0, 0, 0, 1.848098, 357.7423, 138.4335, -2.748092, 2.137405, 0.007633588, 216.7963, 119.7605, 336.6512, -3.839695, 0.5496183, 1.51145],
[0, 0, 0, 0, 0, 2.19951, 358.0587, 129.2366, -3.618321, 2.427481, -0.4656488, 216.2302, 119.8452, 337.0073, -1.954198, 1.503817, 1.366412],
[0, 0, 0, 0, 0, 1.556209, 357.9467, 140.2819, -3.419847, 0.8091603, 0.007633588, 217.2834, 119.0929, 336.8485, -1.984733, 1.687023, 1.351145],