[1, 0, 1, 1, 1, 18.00812, 69.42544, 6.871458, -2.694656, 2.465649, 0.832061, 205.7007, 138.2334, 331.4624, -2.160305, 1.259542, 1.610687],
[1, 0, 1, 1, 1, 20.47619, 70.1987, 7.566932, -0.7328244, 4.290076, -0.03053435, 204.7695, 138.4619, 332.2717, -3.305344, 1.709924, 0.9083969],
[1, 1, 1, 1, 1, 16.57861, 68.45165, 6.62293, -4.198473, 2.572519, -0.6793893, 204.1743, 138.5423, 332.8486, -4.984733, 1.145038, 1.641221],
[1, 1, 1, 1, 1, 18.98972, 68.54331, 7.61711, -4.80916, 1.412214, -1.015267, 204.7194, 138.6211, 332.1937, -3.648855, 1.389313, 2.015267],
[1, 1, 1, 1, 1, 18.74225, 68.80406, 7.410181, -5.282443, 7.633588, 1.763359, 203.635, 139.4208, 332.7176, -3.0, 1.450382, 1.641221],
[1, 1, 1, 1, 1, 22.93301, 67.83275, 9.690321, -3.580153, -1.091603, -0.4351145, 204.2363, 138.4784, 332.8338, -2.450382, 1.687023, 1.977099],
[1, 1, 1, 1, 1, 21.12444, 68.60186, 8.520237, -9.236641, 0.480916, 0.9465649, 203.6795, 138.7287, 333.2341, -2.458015, 1.610687, 1.870229],
[1, 1, 1, 1, 1, 20.51924, 68.88041, 8.137581, -1.832061, 4.167939, 0.5419847, 203.7987, 139.1215, 332.7835, -2.381679, 0.5267176, 1.641221],
[1, 1, 1, 1, 1, 20.27153, 68.59338, 8.151257, -4.290076, 1.839695, 0.8167939, 203.9778, 139.3991, 332.3573, -3.152672, 1.580153, 0.9541985],
[1, 1, 1, 1, 1, 19.09733, 68.52942, 7.6689, -4.183206, 1.351145, 0.3358779, 203.5188, 139.57, 332.7234, -3.251908, 1.274809, 1.343511],
[1, 1, 1, 1, 1, 18.22926, 68.58293, 7.276299, -5.725191, 2.580153, 0.5725191, 203.7685, 138.8943, 333.0025, -3.274809, 1.480916, 1.343511],
[1, 1, 1, 1, 1, 18.68995, 67.99654, 7.699679, -3.099237, 2.992366, 0.2061069, 203.95, 139.1967, 332.5556, -2.900763, 0.832061, 1.419847],
[1, 1, 1, 1, 1, 20.50891, 68.06755, 8.478255, -3.526718, -1.206107, 0.09923664, 203.6395, 139.2137, 332.8828, -2.816794, 1.465649, 1.984733],
[1, 1, 1, 1, 1, 19.95098, 68.33959, 8.116789, -3.396947, 3.114504, 0.2213741, 204.2918, 138.9184, 332.4116, -1.992366, 0.7480916, 0.8244275],
[1, 1, 1, 1, 1, 16.64129, 67.54575, 6.961268, -3.572519, 2.282443, 0.9923664, 203.918, 138.9815, 332.7678, -3.938931, 0.6564885, 1.618321],
[1, 1, 1, 1, 1, 19.24565, 68.77718, 7.63461, -3.442748, 2.725191, 0.740458, 204.1925, 139.3116, 332.1937, -1.725191, 1.335878, 1.625954],
[1, 1, 1, 1, 1, 20.87927, 68.35676, 8.518802, -3.954198, 1.862595, 0.9465649, 203.2811, 139.1541, 333.3256, -3.038168, 2.21374, 1.885496],
[1, 1, 1, 1, 1, 19.01524, 68.35329, 7.702698, -3.473282, 1.10687, -0.09923664, 203.7935, 138.6966, 333.136, -2.732824, 1.160305, 1.48855],
[1, 1, 1, 1, 1, 19.69953, 67.97918, 8.153879, -2.480916, 1.870229, 0.351145, 203.2609, 139.6555, 332.9393, -3.40458, 1.503817, 1.312977],
[1, 1, 1, 1, 1, 19.11763, 67.74346, 7.98915, -3.40458, 1.78626, 0.1145038, 203.1843, 139.4008, 333.2323, -3.946565, 1.305344, 1.770992],
[1, 1, 1, 1, 1, 18.61678, 67.31443, 7.932032, -2.709924, 1.847328, -1.839695, 203.1877, 139.1347, 333.444, -5.748092, 1.244275, 2.89313],
[1, 1, 1, 1, 1, 20.17942, 68.42102, 8.183142, -3.358779, 1.793893, -0.1908397, 203.7506, 139.4751, 332.5451, -0.8778625, 1.076336, 1.083969],
[1, 1, 1, 1, 1, 16.65761, 67.27821, 7.061365, -2.473282, 1.687023, -0.3664122, 203.2663, 139.4643, 333.0897, -3.274809, 1.572519, 1.160305],
[1, 1, 1, 1, 1, 19.32086, 67.32737, 8.248211, -2.137405, 2.152672, -1.007634, 203.4788, 139.2775, 333.0075, -2.251908, 0.8625955, 1.648855],
[1, 1, 1, 1, 1, 18.51637, 67.62156, 7.767631, -1.503817, 2.244275, 0.3435115, 203.6746, 139.1605, 332.8878, -3.053435, 0.9923664, 0.961832],
[1, 1, 1, 1, 1, 19.60086, 67.28791, 8.392776, -2.862595, 3.480916, 1.099237, 203.8844, 139.6196, 332.277, -1.717557, 1.473282, 0.8167939],
[1, 1, 1, 1, 1, 18.51503, 67.50177, 7.813287, -3.122137, 0.7480916, 0.4503817, 202.9084, 139.7451, 333.2589, -2.29771, 1.366412, 1.778626],
[1, 1, 1, 1, 1, 19.12433, 68.30375, 7.769708, -5.343512, 3.633588, 0.5267176, 203.0582, 139.7408, 333.0952, -2.801527, 1.816794, 1.549618],
[1, 1, 1, 1, 1, 18.80376, 67.22615, 8.051938, -2.587786, 3.328244, 0.1374046, 203.2323, 139.0139, 333.4924, -4.89313, 1.610687, 1.412214],
[1, 1, 1, 1, 1, 19.13808, 67.77133, 7.987197, -4.396946, 2.045802, 0.519084, 203.4347, 139.2437, 333.0838, -3.687023, 2.221374, 1.671756],
[1, 1, 1, 1, 1, 19.0698, 66.90584, 8.302146, -1.793893, 1.664122, 0.1450382, 203.9762, 139.6214, 332.1739, -1.885496, 1.648855, 1.412214],
[1, 1, 1, 1, 1, 17.60608, 67.7086, 7.329783, -2.572519, 0.6412213, -0.1908397, 202.2464, 139.9605, 333.8263, -3.022901, 1.320611, 1.312977],
[1, 1, 1, 1, 1, 18.70812, 67.39315, 7.942811, -2.847328, 1.816794, -0.06870229, 203.0066, 139.633, 333.2406, -2.435115, 0.3969466, 1.206107],
[1, 0, 1, 1, 1, 18.70112, 67.13415, 8.041063, -3.938931, 2.473282, 0.09160305, 204.109, 139.7044, 331.9571, -3.229008, 0.870229, 1.664122],
[1, 1, 1, 1, 1, 17.53283, 67.49833, 7.374128, -3.183206, 2.51145, 0.3816794, 203.1234, 139.7485, 333.0162, -0.2977099, 0.4503817, -0.2519084],
[1, 0, 1, 1, 1, 17.55921, 67.03214, 7.557041, -4.51145, 0.8549618, 0.2061069, 203.1385, 139.1938, 333.4505, -0.9312977, 1.251908, 1.740458],
[1, 1, 1, 1, 1, 18.22516, 67.10177, 7.835378, -3.519084, 1.045802, 1.526718, 203.3937, 139.7453, 332.7176, -2.0, 1.770992, 1.175573],
[1, 1, 1, 1, 1, 19.40141, 66.52802, 8.611577, -3.083969, 1.29771, 0.778626, 203.3436, 139.316, 333.1253, -1.160305, 1.10687, 1.610687],
[1, 0, 1, 1, 1, 18.16384, 66.40469, 8.073987, -2.152672, 2.862595, 0.09160305, 202.5977, 140.5692, 332.9335, -0.7633588, 1.221374, 0.6564885],
[1, 1, 1, 1, 1, 18.33686, 66.65563, 8.058591, -3.885496, 2.458015, -0.259542, 203.4878, 140.0549, 332.3558, -3.305344, 1.51145, 1.244275],
[1, 0, 1, 1, 1, 18.94938, 66.95461, 8.226653, -3.381679, 1.984733, 0.2137404, 203.4602, 139.4982, 332.8473, -3.0, 1.183206, 1.572519],
[1, 1, 1, 1, 1, 17.32791, 66.89329, 7.50204, -2.526718, 4.541985, 0.4580153, 203.6292, 139.4366, 332.7111, -3.374046, 1.503817, 0.8015267],
[1, 1, 1, 1, 1, 18.04214, 66.43289, 8.005749, -0.9770992, 3.687023, 1.557252, 203.5686, 139.5203, 332.709, -3.328244, 1.167939, -0.7175572],
[1, 0, 1, 1, 1, 18.46145, 67.52867, 7.778792, -7.503817, 3.412214, -0.1450382, 202.0211, 139.7493, 334.2476, -5.839694, 0.2824428, -2.038168],
[1, 0, 1, 1, 1, 13.17613, 64.47574, 6.307789, 0.7480916, 9.259542, 0.5725191, 201.0844, 139.9004, 335.1833, -5.900764, -1.045802, -5.312977],
[1, 0, 1, 1, 1, 13.81167, 64.5936, 6.588312, -1.770992, 2.59542, 1.419847, 199.0373, 140.154, 337.3238, -0.9694656, -0.1755725, -2.465649],
[1, 0, 1, 1, 1, 16.15287, 62.77641, 8.402188, -2.40458, 6.503817, 0.6030535, 199.1356, 138.373, 338.4667, -0.832061, 0.6335878, -2.435115],
[1, 0, 1, 1, 1, 15.52431, 63.46249, 7.825145, -4.122138, 3.374046, -1.519084, 198.446, 140.2255, 337.9524, -5.412214, 1.19084, 0.9312977],
[1, 1, 1, 1, 1, 73.83938, 89.19083, 2.421617, -10.19084, 4.496183, 1.251908, 212.668, 131.374, 330.3344, -6.251908, 2.076336, 2.709924],
[1, 1, 1, 1, 1, 44.39424, 83.56215, 6.149044, -12.39695, 11.39695, 1.854962, 214.2886, 131.0415, 329.096, -6.816794, -0.03816794, 5.549618],
[1, 1, 1, 1, 1, 28.53485, 80.87966, 4.868931, -14.07634, 2.954198, 1.450382, 211.9764, 133.5231, 329.1231, -8.007633, 0.8396947, 4.656488],
[1, 1, 1, 1, 1, 26.7828, 81.88093, 3.999835, -6.526718, 6.694656, 0.3053435, 211.7334, 133.4034, 329.4656, -4.465649, 1.290076, 2.656489],
[1, 1, 1, 1, 1, 15.75999, 81.01355, 2.454951, -4.931298, 10.00763, 0.6183206, 212.3815, 133.1715, 329.038, -5.70229, 1.015267, 1.450382],
[1, 1, 1, 1, 1, 9.226967, 78.09938, 1.874574, -3.687023, 1.099237, 1.587786, 212.1561, 133.0855, 329.3328, -3.51145, 1.89313, 1.221374],
[1, 1, 1, 1, 1, 13.19296, 79.1126, 2.48797, -2.847328, 0.2748091, 0.9541985, 211.862, 134.0219, 328.7949, -1.412214, 0.8091603, 1.259542],
[1, 1, 1, 1, 1, 10.18507, 79.20717, 1.87217, -1.885496, 3.618321, 0.6641222, 211.973, 132.9677, 329.6136, -1.10687, 0.832061, 1.938931],
[1, 1, 1, 1, 1, 11.66375, 78.1013, 2.400824, -6.748092, 5.030534, -2.847328, 211.8097, 133.8732, 328.9778, -1.435114, 0.7251908, 2.549618],
[1, 1, 1, 1, 1, 10.8062, 78.84698, 2.065383, -1.839695, 1.0, 2.366412, 212.0306, 133.6601, 328.9491, -1.633588, 1.641221, 0.9694656],
[1, 1, 1, 1, 1, 15.03546, 78.63951, 2.993578, -0.8244275, 3.374046, -0.6183206, 211.8674, 134.0891, 328.73, -3.099237, -0.09160305, 0.8167939],
[1, 1, 1, 1, 1, 19.09881, 78.88522, 3.789572, -2.503817, 3.351145, -1.267176, 212.4868, 134.1254, 328.086, -2.854962, 0.351145, 1.824428],
[1, 1, 1, 1, 1, 16.08568, 78.8458, 3.156723, -3.282443, -0.3053435, -0.4503817, 211.8787, 134.2429, 328.5823, -2.687023, 1.259542, 1.793893],
[1, 1, 1, 1, 1, 13.17298, 77.71656, 2.825871, -2.29771, 3.137405, -1.870229, 211.9823, 134.7659, 328.0122, -2.29771, 0.8549618, 1.580153],
[1, 1, 1, 1, 1, 15.20186, 78.67265, 3.019699, -2.160305, 2.076336, 0.1984733, 211.9318, 133.9686, 328.7733, -2.236641, 0.6946565, 1.519084],
[1, 1, 1, 1, 1, 19.60305, 79.69493, 3.600922, -3.587786, 1.465649, 0.09160305, 212.5108, 134.411, 327.8054, -1.755725, 1.801527, 1.656489],
[1, 1, 1, 1, 1, 17.43603, 78.49951, 3.55737, -4.305344, 3.099237, -0.870229, 212.0527, 134.4772, 328.2009, -3.832061, 0.07633588, 2.122137],
[1, 1, 1, 1, 1, 12.92088, 78.28295, 2.632166, -2.053435, 0.9694656, -0.5572519, 211.3899, 134.6676, 328.6905, -1.847328, 0.2213741, 0.9389313],
[1, 1, 1, 1, 1, 17.6201, 78.48125, 3.60416, -6.312977, 0.8244275, 0.5877862, 211.4123, 134.6852, 328.6526, -3.305344, 0.8931297, 2.40458],
[1, 1, 1, 1, 1, 13.61409, 78.18748, 2.806772, -3.374046, 3.458015, -1.045802, 211.6329, 135.4704, 327.7287, -3.78626, 0.6259542, 1.70229],
[1, 1, 1, 1, 1, 20.50678, 78.70494, 4.168403, -3.656489, 2.541985, 1.137405, 211.4537, 135.633, 327.7631, -2.381679, 1.068702, 1.961832],
[1, 1, 1, 1, 1, 20.45127, 78.60882, 4.193157, -1.778626, 0.05343511, 0.4503817, 212.0983, 135.3282, 327.3887, -2.19084, 1.458015, 2.160305],
[1, 1, 1, 1, 1, 13.65905, 77.8336, 2.906828, -3.625954, 5.900764, 0.6335878, 211.3576, 135.3459, 328.1182, -3.732824, 1.129771, 1.137405],
[1, 1, 1, 1, 1, 13.94392, 78.47054, 2.80568, -5.236641, 2.198473, 4.08397, 212.0295, 135.3954, 327.3969, -2.564885, 1.59542, 2.40458],
[1, 1, 1, 1, 1, 13.732, 78.09422, 2.856527, -2.694656, 3.305344, -0.1374046, 211.4212, 135.2918, 328.1026, -4.137404, 1.122137, 0.4045802],
[1, 1, 1, 1, 1, 16.81999, 78.70383, 3.357203, -3.40458, 1.274809, -0.1450382, 211.5361, 136.0382, 327.3128, -3.152672, 1.328244, 2.160305],
[1, 1, 1, 1, 1, 14.82274, 78.59766, 2.959807, -1.717557, 1.717557, -1.21374, 211.7582, 135.9061, 327.2073, -2.045802, 0.8625955, 1.259542],
[1, 1, 1, 1, 1, 11.86609, 79.28692, 2.184414, -2.732824, 2.824427, 0.2748091, 212.1068, 135.8775, 326.8797, -3.206107, 1.099237, 1.603053],
[1, 1, 1, 1, 1, 15.9815, 78.68942, 3.181368, -1.824428, 3.770992, -0.4427481, 211.1819, 136.1537, 327.5686, -1.80916, -0.5572519, 0.870229],
[1, 1, 1, 1, 1, 13.77954, 78.16542, 2.848754, -2.282443, -1.366412, 0.7709923, 211.9707, 135.9803, 326.9238, -1.641221, 1.854962, 2.152672],
[1, 1, 1, 1, 1, 14.45071, 79.00129, 2.771977, -5.419847, 3.40458, -0.259542, 212.4857, 135.1276, 327.1816, -2.587786, 0.1755725, 1.526718],
[1, 1, 1, 1, 1, 19.55758, 78.83646, 3.90762, -3.816794, 1.557252, -0.648855, 213.0126, 135.6856, 326.1392, -1.78626, 0.7862596, 1.396947],
[1, 1, 1, 1, 1, 13.40016, 77.43909, 2.947184, -2.641221, 1.549618, 0.610687, 211.6994, 136.3378, 326.8731, -2.694656, 1.427481, 1.175573],
[1, 1, 1, 1, 1, 23.14064, 79.10952, 4.592192, -5.564886, 1.206107, 0.648855, 212.2393, 135.7619, 326.8512, -1.89313, 1.473282, 1.923664],
[1, 1, 1, 1, 1, 14.89997, 77.82978, 3.190084, -2.007634, 1.954198, -0.389313, 212.0818, 136.0397, 326.7564, -1.740458, 0.6183206, 1.290076],
[1, 1, 1, 1, 1, 16.33956, 78.3026, 3.376507, -1.625954, 1.022901, 0.05343511, 212.2027, 136.4057, 326.2965, -0.961832, 1.076336, 1.770992],
[1, 1, 1, 1, 1, 17.3202, 78.47317, 3.540334, -1.48855, 1.374046, 2.48855, 212.6494, 135.94, 326.2719, 1.854962, 1.648855, 0.5114504],
[1, 1, 1, 1, 1, 18.37116, 78.12887, 3.893549, 1.969466, 3.954198, 1.175573, 212.6187, 136.4112, 325.8667, -2.007634, -1.396947, -1.534351],
[1, 1, 1, 1, 1, 19.80188, 78.77435, 3.984589, 1.847328, 2.778626, 0.03816794, 211.8052, 136.0807, 327.0002, -2.770992, -1.206107, -2.763359],
[1, 1, 1, 1, 1, 18.75242, 76.38531, 4.603121, 0.4351145, 3.465649, -0.8091603, 210.859, 137.1547, 326.9892, -3.946565, -1.160305, -1.351145],
[1, 1, 1, 1, 1, 15.11904, 77.78699, 3.252366, -1.198473, 4.931298, -1.664122, 209.8988, 136.8096, 328.294, -2.587786, -0.9160305, -3.374046],
[1, 1, 1, 1, 1, 14.18775, 75.05497, 3.771785, -0.7099237, 7.0, 0.3053435, 208.1851, 137.8579, 329.1485, -1.343511, -1.435114, -2.717557],
[1, 1, 1, 1, 1, 20.2863, 75.90616, 5.203143, -4.473282, 2.671756, -1.274809, 208.034, 137.4539, 329.6624, -4.274809, 0.9160305, 2.290076],
[1, 1, 1, 1, 1, 26.43937, 77.37259, 6.246162, -6.274809, 5.549618, 0.2519084, 208.4405, 138.0341, 328.7225, -1.549618, 2.0, 0.4351145],
[1, 0, 1, 1, 1, 13.94445, 74.70819, 3.795952, -3.923664, 2.0, 2.656489, 209.3269, 136.8801, 328.8221, -3.450382, 2.862595, -0.007633588],
[1, 1, 1, 1, 1, 11.989, 74.91197, 3.191381, -3.519084, 0.5954198, 1.679389, 208.2342, 137.1853, 329.6879, -3.80916, 2.908397, 1.343511],
[1, 1, 1, 1, 1, 19.34422, 74.35136, 5.521221, -2.175573, 4.847328, -1.473282, 208.5843, 136.7937, 329.6662, -2.473282, 0.9770992, 0.4503817],
[1, 1, 1, 1, 1, 16.87907, 74.10348, 4.847633, -2.305344, 2.007634, -0.1221374, 209.1921, 137.0342, 328.8249, -3.908397, 0.3282443, 1.458015],
[0, 1, 1, 1, 1, 355.2209, 71.76163, 358.3865, -3.679389, 1.152672, 0.2748091, 210.1946, 138.594, 326.3573, -2.137405, 1.21374, 1.755725],
[1, 1, 1, 1, 1, 353.5364, 71.61684, 357.8115, -2.977099, 2.541985, 0.1450382, 210.7313, 138.3293, 326.0372, -2.656489, 1.396947, 1.419847],
[1, 1, 1, 1, 1, 355.4205, 71.47353, 358.427, -6.0, 1.290076, -2.221374, 211.4846, 138.1243, 325.4386, -3.045802, 0.961832, 1.51145],
[1, 1, 1, 1, 1, 357.1681, 71.44236, 359.0102, -6.08397, 3.320611, 0.4045802, 211.0079, 138.47, 325.6144, -2.366412, 0.2137404, 1.145038],
[1, 1, 1, 1, 1, 352.2764, 69.75657, 357.1092, -4.946565, 2.221374, 0.3969466, 210.1338, 138.871, 326.1638, -4.175572, 2.068702, 2.099237],
[1, 1, 1, 1, 1, 355.0342, 71.10349, 358.2622, -4.061069, 2.175573, 0.1832061, 210.4226, 138.5053, 326.1987, -3.083969, 0.9694656, 1.320611],
[1, 1, 1, 1, 1, 354.6948, 70.94858, 358.1299, -4.885496, 2.587786, -1.198473, 210.9125, 138.4814, 325.7042, -2.633588, 1.244275, 1.763359],
[1, 1, 1, 1, 1, 356.0129, 71.16521, 358.602, -1.923664, 1.229008, -0.3129771, 210.6854, 138.7043, 325.735, -3.29771, 1.083969, 1.435114],
[0, 1, 1, 1, 1, 354.4035, 70.82528, 358.0157, -2.847328, 0.5496183, 0.3206107, 210.2413, 139.1506, 325.7876, -2.770992, 1.778626, 1.229008],
[1, 1, 1, 1, 1, 352.2354, 71.11997, 357.3009, -4.175572, 2.038168, -0.01526718, 210.865, 138.4959, 325.7407, -2.587786, 1.763359, 1.427481],
[1, 1, 1, 1, 1, 356.6672, 70.99997, 358.8144, -3.335878, 2.503817, 0.5267176, 210.6607, 139.1036, 325.3854, -1.290076, 0.8396947, 0.2900764],
[1, 1, 1, 1, 1, 353.1421, 70.75331, 357.5651, -4.038168, 0.5496183, 0.2900764, 211.0711, 138.5424, 325.4798, -2.503817, 2.290076, 2.312977],
[1, 1, 1, 1, 1, 353.7902, 70.97365, 357.8193, -2.129771, 3.152672, 0.4122138, 210.2921, 139.0734, 325.806, -3.656489, 1.229008, 1.053435],
[1, 1, 1, 1, 1, 355.1275, 69.64722, 358.1564, -2.770992, -0.259542, -0.5801527, 210.6999, 139.3406, 325.1193, -1.244275, 0.7099237, 1.053435],
[1, 1, 1, 1, 1, 356.6609, 71.45557, 358.8412, -3.625954, -0.4656488, -1.236641, 211.1266, 139.2442, 324.7568, -1.076336, 2.832061, 2.274809],
[1, 1, 1, 1, 1, 351.6247, 69.17951, 356.7702, 1.603053, 2.916031, 0.1145038, 210.3223, 137.9552, 326.8135, 3.068702, -1.076336, 0.1603053],
[0, 1, 1, 1, 1, 358.7294, 69.92434, 359.4965, -2.045802, -3.694656, 0.3740458, 210.7265, 138.7899, 325.6112, -4.709924, 0.9083969, 0.5114504],
[1, 1, 1, 1, 1, 356.9771, 70.40045, 358.8861, 2.923664, 6.70229, 3.908397, 209.8836, 138.8406, 326.458, -3.282443, -1.618321, -2.969466],
[0, 1, 1, 1, 1, 358.9943, 70.69902, 359.6073, 0.3435115, 6.244275, -0.07633588, 208.8151, 139.9513, 326.5723, -2.061069, -2.419847, -4.59542],
[1, 1, 1, 1, 1, 349.6418, 71.37975, 356.451, -3.633588, -2.129771, -0.03053435, 208.3087, 139.2173, 327.7967, -4.40458, -0.1526718, 1.80916],
[1, 1, 1, 1, 1, 352.5543, 71.1526, 357.4158, -3.793893, 0.961832, -1.122137, 208.1418, 140.2512, 327.0271, -4.10687, 0.7557252, 1.961832],
[1, 1, 1, 1, 1, 355.3575, 69.11669, 358.1934, -3.427481, 3.076336, 2.221374, 207.2868, 140.1368, 328.0701, -2.679389, 2.59542, 0.519084],
[1, 1, 1, 1, 1, 353.8628, 69.59972, 357.68, -3.908397, 2.038168, -0.2519084, 208.4074, 139.0206, 327.8697, -4.946565, 1.755725, 0.2290076],
[1, 1, 1, 1, 1, 355.0, 68.85712, 358.0312, -4.656488, 0.5419847, -0.09160305, 207.3959, 140.0782, 328.0038, -3.732824, 1.274809, 1.503817],
[1, 1, 1, 1, 1, 355.617, 69.78426, 358.3499, -4.770992, 2.152672, -0.007633588, 207.6436, 139.8109, 327.9766, -3.526718, 2.442748, 2.175573],
[1, 1, 1, 1, 1, 349.9056, 68.37337, 355.9419, -0.6564885, 0.07633588, 0.6717557, 207.9051, 139.6606, 327.829, -3.885496, 1.083969, 0.3282443],
[1, 1, 1, 1, 1, 356.8457, 69.18206, 358.7649, -2.687023, 2.236641, 0.9312977, 207.3987, 139.9997, 328.0722, -2.977099, 1.885496, 1.21374],
[1, 1, 1, 1, 1, 359.5162, 69.291, 359.7775, -2.290076, -3.312977, 0.2748091, 207.5582, 139.5156, 328.3376, -3.419847, 1.335878, 1.793893],
[1, 1, 1, 1, 1, 3.684475, 69.40614, 1.322764, 0.2519084, 0.1221374, -0.9847328, 207.559, 140.4084, 327.5216, -4.290076, 1.053435, 1.564886],
[1, 1, 1, 1, 1, 358.8824, 68.65905, 359.5257, -0.9694656, -0.5343512, 0.1526718, 207.4644, 139.8019, 328.1803, -3.076336, 0.9236641, 1.305344],
[1, 1, 1, 1, 1, 356.5713, 68.18864, 358.5936, -2.175573, 3.137405, 0.3740458, 207.3797, 139.3009, 328.7246, -1.534351, 1.526718, 1.244275],
[1, 1, 1, 1, 1, 359.299, 69.58143, 359.6995, -6.221374, 2.137405, -0.129771, 207.487, 139.5555, 328.3789, -2.725191, 2.396947, 1.671756],
[1, 1, 1, 1, 1, 358.1868, 68.42727, 359.2468, -5.541985, 3.900763, -1.335878, 206.7356, 140.6302, 328.2289, -2.557252, 0.259542, 1.236641],
[1, 1, 1, 1, 1, 355.9447, 68.82487, 358.3941, -5.175572, 2.603053, 0.1221374, 207.1949, 140.0676, 328.2339, -3.969466, 1.610687, 1.19084],
[1, 1, 1, 1, 1, 0.1686225, 68.8307, 0.008934546, -8.839695, -2.992366, -0.6335878, 207.6896, 139.9205, 327.8263, -2.358779, 1.045802, 1.007634],
[1, 1, 1, 1, 1, 357.5371, 68.65752, 359.0019, -4.038168, -0.2213741, -0.1755725, 207.295, 139.6431, 328.5088, -2.21374, 0.6183206, 0.9083969],
[1, 1, 1, 1, 1, 357.7721, 68.60995, 359.0913, -3.091603, 0.01526718, 0.1450382, 207.2428, 139.9888, 328.2529, -2.778626, 1.167939, 1.816794],
[1, 1, 1, 1, 1, 356.2935, 68.00139, 358.4687, -3.442748, 1.152672, -0.648855, 207.3622, 140.1547, 327.9708, -1.725191, 1.099237, 1.259542],
[1, 1, 1, 1, 1, 358.722, 68.35806, 359.4559, -3.961832, -0.6335878, 0.5038168, 206.8588, 140.1759, 328.5052, -2.183206, 2.328244, 2.580153],
[1, 1, 1, 1, 1, 359.1978, 69.16622, 359.6559, -3.305344, 2.19084, 1.068702, 207.0999, 139.8782, 328.5096, -2.526718, 0.6870229, 1.10687],
[1, 1, 1, 1, 1, 358.8822, 69.98352, 359.5534, -4.824428, 1.145038, -2.10687, 207.0385, 139.9046, 328.5531, -3.48855, 1.343511, 2.061069],
[1, 1, 1, 1, 1, 356.0723, 68.62716, 358.4282, -0.1145038, 2.916031, -0.4503817, 207.4925, 139.852, 328.104, -2.152672, 0.4351145, 1.068702],
[1, 1, 1, 1, 1, 357.5944, 68.75774, 359.0289, -4.717557, 1.343511, 0.5648855, 206.8187, 139.9689, 328.7363, -1.78626, 1.748092, 1.763359],
[1, 1, 1, 1, 1, 355.2132, 69.94981, 358.2165, -4.274809, 1.847328, 0.8854962, 206.9732, 139.9808, 328.5558, -2.664122, 1.763359, 0.5954198],
[1, 1, 1, 1, 1, 358.4422, 69.57803, 359.3818, -3.877863, 3.854962, 1.099237, 206.8425, 139.5842, 329.055, -3.068702, 1.51145, 0.8778625],
[1, 1, 1, 1, 1, 354.988, 68.91838, 358.0326, -1.541985, 2.80916, -0.2671756, 206.7752, 139.8727, 328.8705, -5.167939, 1.015267, 1.610687],
[0, 1, 1, 1, 1, 356.1823, 69.33441, 358.5244, -2.40458, 1.038168, 0.870229, 206.8985, 140.1424, 328.492, -1.916031, 2.030534, 1.648855],
[1, 1, 1, 1, 1, 355.9069, 68.99669, 358.3934, -3.282443, 1.80916, 0.648855, 206.814, 139.9587, 328.7505, -2.480916, 1.396947, 1.221374],
[1, 1, 1, 1, 1, 4.046038, 67.658, 1.604284, -0.4198473, 7.717557, 1.847328, 204.7869, 145.8665, 325.496, -0.1832061, 1.587786, 1.389313],
[1, 1, 1, 1, 1, 359.4486, 67.54695, 359.7349, -11.57252, -0.7709923, 6.022901, 205.7664, 144.1079, 326.0607, -1.290076, 0.03816794, 1.412214],
[1, 1, 1, 1, 1, 6.705882, 63.88896, 3.239415, -5.343512, 0.480916, -3.564885, 204.7144, 146.0136, 325.4367, -2.007634, 0.4122138, -0.05343511],
[1, 1, 1, 1, 1, 4.874382, 66.56651, 2.056503, -3.076336, 5.748092, 0.8244275, 204.434, 146.7892, 324.9944, -5.38168, 1.145038, 1.618321],
[1, 1, 1, 1, 1, 6.070696, 65.90372, 2.661989, -1.21374, 5.885496, -2.381679, 204.2249, 145.6832, 326.3678, -2.412214, 1.396947, 1.48855],
[1, 1, 1, 1, 1, 7.98318, 66.5224, 3.420291, -3.503817, 6.114504, -0.3664122, 204.8082, 145.751, 325.5861, -2.282443, 1.038168, 0.4045802],
[1, 1, 1, 1, 1, 4.873125, 65.27535, 2.190125, -3.587786, 1.610687, -0.04580153, 204.3618, 145.9369, 325.947, -4.274809, 1.908397, 1.419847],
[1, 1, 1, 1, 1, 4.913139, 66.54005, 2.07608, -3.78626, 2.122137, -1.122137, 203.9368, 145.9087, 326.4994, -1.007634, -0.08396947, 2.244275],
[1, 1, 1, 1, 1, 359.7244, 64.34651, 359.8344, 0.9694656, 12.67176, 0.5114504, 203.7293, 146.8763, 325.7868, -6.10687, 0.4580153, 2.625954],
[1, 1, 1, 1, 1, 8.023727, 65.66587, 3.583463, -1.709924, 4.900764, 1.610687, 204.9201, 144.929, 326.2659, -2.847328, 0.0, -0.5419847],
[1, 1, 1, 1, 1, 4.494527, 65.62092, 1.982117, -6.282443, 8.0, 0.1374046, 204.9199, 147.1096, 324.0597, -5.137404, 0.9541985, 1.801527],
[1, 1, 1, 1, 1, 8.413897, 65.73478, 3.749859, -1.610687, -0.03053435, -0.4732824, 204.4964, 146.7583, 324.9484, -3.618321, 0.5496183, 1.740458],
[1, 1, 1, 1, 1, 9.857973, 65.26052, 4.511522, 0.04580153, -4.343512, 1.122137, 204.3157, 146.4432, 325.4941, -1.007634, 0.9160305, 0.2442748],
[1, 1, 1, 1, 1, 4.740774, 65.57914, 2.098115, -5.610687, -0.7709923, -0.6564885, 204.3298, 147.0377, 324.8687, -1.343511, 1.977099, 1.763359],
[1, 1, 1, 1, 1, 7.21526, 66.71047, 3.054713, -2.70229, 1.091603, -0.09923664, 205.1372, 146.5051, 324.4175, -4.08397, 1.366412, 1.793893],
[1, 1, 1, 1, 1, 8.53189, 66.29764, 3.702126, -1.48855, -0.5419847, 0.0610687, 204.4673, 146.9805, 324.7561, -1.503817, 0.7175572, 1.175573],
[1, 1, 1, 1, 1, 6.690376, 65.18444, 3.043647, -2.564885, 4.770992, -2.717557, 203.6357, 146.9633, 325.8163, -1.816794, -0.1603053, 2.648855],
[1, 1, 1, 1, 1, 6.482272, 66.58537, 2.753752, -4.679389, 1.549618, 1.091603, 205.1016, 146.7834, 324.174, -2.274809, 1.40458, 0.1679389],
[1, 1, 1, 1, 1, 6.48357, 66.58465, 2.754422, -4.343512, 1.21374, 2.068702, 205.2348, 146.2597, 324.5499, -2.328244, 1.580153, 1.51145],
[1, 1, 1, 1, 1, 9.287446, 67.28012, 3.848248, -2.19084, 2.083969, 0.870229, 203.7158, 146.6151, 326.0682, -1.335878, 1.450382, 1.70229],
[1, 1, 1, 1, 1, 7.483952, 65.32784, 3.390687, -1.740458, 3.580153, 0.03816794, 205.0235, 146.9368, 324.1112, -3.900763, 0.8015267, 0.4732824],
[1, 1, 1, 1, 1, 9.030025, 65.76985, 4.025026, -2.580153, 1.061069, -0.5648855, 204.144, 147.4364, 324.6887, -3.259542, 1.358779, 1.221374],
[1, 1, 1, 1, 1, 5.786621, 66.43074, 2.469719, -3.671756, 5.885496, -0.5801527, 204.1124, 146.9709, 325.2094, -5.549618, 1.717557, 1.229008],
[1, 1, 1, 1, 1, 9.027046, 67.11185, 3.768903, -4.045802, -0.5954198, -0.259542, 204.928, 147.0423, 324.1197, -3.015267, 1.541985, 1.19084],
[1, 1, 1, 1, 1, 11.04026, 67.14663, 4.629433, -3.198473, 2.351145, -0.03053435, 204.57, 146.6529, 324.9653, -2.755725, 0.5572519, 0.961832],
[1, 1, 1, 1, 1, 6.304278, 64.86592, 2.907225, -3.519084, 2.458015, -0.08396947, 203.7086, 147.1192, 325.5652, -3.312977, 1.763359, 2.206107],
[1, 1, 1, 1, 1, 8.764038, 66.10733, 3.840762, -4.465649, 2.427481, 0.7862596, 203.5328, 147.1989, 325.706, -1.931298, 2.709924, 2.076336],
[1, 1, 1, 1, 1, 11.53806, 66.51889, 4.996747, -4.236641, 0.5801527, 0.2824428, 204.5764, 146.7179, 324.8907, -3.564885, 1.229008, 0.4580153],
[1, 1, 1, 1, 1, 7.467094, 66.34213, 3.221983, -5.061069, 5.572519, -0.3969466, 204.0613, 147.0573, 325.1847, -2.007634, 0.6183206, 1.51145],
[1, 1, 1, 1, 1, 8.951349, 66.50281, 3.850447, -3.862595, 0.2213741, -0.519084, 204.5637, 146.9723, 324.6444, -1.946565, 0.9541985, 0.832061],
[1, 1, 1, 1, 1, 7.945283, 66.2259, 3.453256, -3.923664, 0.6946565, -0.6183206, 204.1825, 147.1257, 324.9624, -1.80916, 1.358779, 1.740458],
[1, 1, 1, 1, 1, 6.797932, 65.60626, 3.032363, -4.366412, -0.1908397, -0.2671756, 204.2844, 147.082, 324.8797, -2.442748, 1.427481, 1.435114],
[1, 1, 1, 1, 1, 7.164959, 66.29658, 3.09526, -3.427481, 0.7251908, -0.4656488, 204.3037, 147.1558, 324.7793, -2.19084, 0.9160305, 1.564886],
[1, 1, 1, 1, 1, 7.443514, 66.33028, 3.213417, -7.396946, 2.007634, 1.381679, 204.4018, 146.7634, 325.061, -2.519084, 1.549618, 1.198473],
[1, 1, 1, 1, 1, 7.049206, 66.57572, 3.002554, -5.290076, 0.2519084, 1.900763, 204.4498, 147.1458, 324.607, -3.458015, 1.671756, 0.4885496],
[1, 1, 1, 1, 1, 6.189591, 66.8468, 2.592248, -5.312977, 3.083969, -0.08396947, 203.6717, 146.7177, 326.0201, -3.282443, 1.396947, 2.259542],
[1, 1, 1, 1, 1, 7.541726, 66.56707, 3.219319, -2.335878, 1.427481, 0.1908397, 204.2949, 146.7632, 325.194, -1.89313, 1.221374, 0.5496183],
[1, 1, 1, 1, 1, 7.632834, 66.72891, 3.233308, -3.381679, 2.335878, 0.4045802, 203.7297, 146.5105, 326.1561, -2.656489, 1.473282, 1.618321],
[1, 1, 1, 1, 1, 8.074015, 66.98744, 3.381603, -2.900763, 5.992366, 0.6641222, 204.268, 146.5516, 325.4433, -3.564885, 1.610687, 1.80916],
[1, 1, 1, 1, 1, 7.286736, 65.77872, 3.229141, -1.656489, 3.160305, 0.3664122, 203.6309, 147.3757, 325.4003, -3.343511, 0.8167939, 1.396947],
[1, 1, 1, 1, 1, 7.718177, 65.79786, 3.42204, -2.083969, 0.01526718, -0.5648855, 203.4891, 147.1898, 325.7708, -1.114504, 0.8396947, 1.442748],
[1, 1, 1, 1, 1, 8.79315, 65.88523, 3.895202, -2.801527, 0.007633588, 0.7175572, 203.8587, 147.2503, 325.2412, -2.908397, 1.206107, 0.961832],
[1, 1, 1, 1, 1, 5.785596, 65.94658, 2.528599, -3.122137, 2.473282, 0.1908397, 203.9365, 146.9429, 325.4586, -2.290076, 1.282443, 2.137405],
[1, 1, 1, 1, 1, 6.837018, 65.74812, 3.029562, -2.496183, 4.931298, 0.5343512, 203.912, 146.73, 325.7062, -2.351145, 0.5343512, 1.053435],
[1, 1, 1, 1, 1, 9.551084, 65.77647, 4.262325, -2.580153, 1.778626, -0.07633588, 204.5961, 146.9614, 324.6155, -2.015267, 1.48855, 2.045802],
[1, 1, 1, 1, 1, 8.768997, 66.86433, 3.703478, -0.480916, 1.580153, 1.351145, 204.3346, 146.7597, 325.1483, -2.366412, 1.603053, 1.312977],
[1, 1, 1, 1, 1, 9.256298, 65.66229, 4.149755, -1.40458, -0.04580153, -0.6717557, 204.2223, 146.8083, 325.2385, -3.816794, 0.480916, 0.389313],
[1, 1, 1, 1, 1, 9.626289, 66.45173, 4.159454, -2.0, 0.6030535, -0.351145, 203.9954, 146.8113, 325.519, -1.70229, 1.145038, 1.290076],
[1, 1, 1, 1, 1, 16.21444, 71.35999, 5.516358, 5.022901, 5.671756, -18.80153, 208.4275, 143.8702, 323.2069, -7.687023, -9.870229, 17.22137],
[1, 1, 1, 1, 1, 13.47977, 73.36898, 4.010381, -8.106871, 7.854962, 2.366412, 210.3941, 145.7079, 319.0614, -0.2824428, 1.526718, -0.8167939],
[1, 1, 1, 1, 1, 2.685787, 70.49553, 0.8883589, -8.519084, 2.51145, -0.7709923, 210.0049, 145.0507, 320.1964, -6.633588, 6.885496, 4.526718],
[1, 1, 1, 1, 1, 14.34447, 65.0401, 6.714543, -2.694656, 8.015267, -0.1526718, 206.8231, 148.027, 320.7433, -0.7175572, -4.725191, -9.954199],
[1, 1, 1, 1, 1, 1.508108, 70.11611, 0.4845966, -2.984733, 10.20611, 12.87786, 206.9562, 143.7435, 325.0267, -3.465649, 4.503817, -1.122137],
[1, 1, 1, 1, 1, 359.3716, 70.66513, 359.7384, -9.229008, -0.8244275, -11.72519, 208.8246, 146.4613, 320.0581, -5.961832, 0.8167939, 10.25191],
[1, 1, 1, 1, 1, 17.66467, 65.64747, 8.122923, -8.030535, 3.053435, -4.61832, 206.6285, 146.8021, 322.2946, -4.748092, 0.832061, 9.717557],
[1, 1, 1, 1, 1, 4.843685, 70.96836, 1.606442, 3.465649, -0.8167939, -0.07633588, 211.2088, 147.2775, 316.4429, 6.549618, -1.10687, 4.229008],
[1, 1, 1, 1, 1, 8.291368, 74.26713, 2.272189, -5.832061, 4.305344, 3.496183, 212.4203, 146.6068, 315.8274, -9.908397, 3.458015, 4.29771],
[1, 1, 1, 1, 1, 13.4367, 73.73437, 3.90191, -7.061069, -1.931298, -5.51145, 211.4336, 147.5396, 315.9015, -5.832061, 0.07633588, 5.076336],
[1, 1, 1, 1, 1, 15.40679, 73.15412, 4.682248, -3.526718, 4.473282, 1.351145, 210.9641, 146.5717, 317.4892, -1.931298, 0.7938931, 1.061069],
[1, 1, 1, 1, 1, 12.58379, 72.09328, 4.043906, -3.007634, 3.610687, -1.129771, 210.5448, 148.1263, 316.2549, -4.366412, 1.007634, 2.320611],
[1, 1, 1, 1, 1, 11.03091, 72.77863, 3.377381, -2.175573, 0.1984733, -1.29771, 210.7348, 148.3357, 315.8046, -3.038168, 0.389313, 2.244275],
[1, 1, 1, 1, 1, 11.62346, 71.58143, 3.839231, -0.9847328, 7.519084, 1.832061, 210.4826, 148.451, 315.9626, -1.389313, 1.19084, 1.076336],
[1, 1, 1, 1, 1, 13.76629, 72.34539, 4.374799, -3.015267, 1.80916, -0.1603053, 211.3094, 148.6061, 314.8514, -2.916031, 0.7175572, 1.396947],
[1, 1, 1, 1, 1, 13.49317, 71.73437, 4.445715, -3.282443, 3.10687, -1.610687, 211.2973, 148.5189, 314.9632, -4.114504, 1.0, 1.969466],
[1, 1, 1, 1, 1, 11.79266, 70.25182, 4.208786, -6.740458, 2.78626, -0.3664122, 210.2201, 149.4214, 315.164, -2.671756, 2.045802, 1.679389],
[1, 1, 1, 1, 1, 13.49534, 70.73063, 4.714981, -2.519084, 3.671756, -0.9770992, 210.6688, 149.0714, 315.0499, -2.290076, 0.07633588, 1.671756],
[1, 1, 1, 1, 1, 14.51038, 70.83004, 5.05877, -3.198473, 3.29771, 0.9160305, 210.855, 148.7494, 315.2031, -3.145038, 1.770992, 1.59542],
[1, 1, 1, 1, 1, 14.60041, 71.23987, 4.972717, -2.885496, 4.175572, -0.1603053, 210.1606, 149.5797, 315.051, -3.29771, 0.6946565, 0.6641222],
[1, 1, 1, 1, 1, 14.537, 70.45977, 5.17608, -4.137404, 3.679389, 0.1450382, 209.827, 149.2095, 315.8585, -2.396947, 1.625954, 0.9770992],
[1, 1, 1, 1, 1, 14.74164, 70.27847, 5.306287, -2.641221, 3.656489, 0.01526718, 210.8202, 148.7474, 315.2448, -3.465649, 0.3816794, 1.374046],
[1, 1, 1, 1, 1, 13.38354, 69.67815, 4.956583, -1.473282, 0.6946565, -0.6183206, 209.9848, 149.3025, 315.5704, -2.19084, 0.2519084, 2.007634],
[1, 1, 1, 1, 1, 15.51056, 70.83462, 5.425373, -2.343511, 1.496183, -0.8473283, 209.6495, 149.7412, 315.4558, -2.977099, 0.8167939, 1.694656],
[1, 1, 1, 1, 1, 13.8965, 69.59785, 5.177883, -1.51145, -0.5419847, -0.5954198, 209.7843, 149.7607, 315.2771, -1.122137, 0.961832, 1.541985],
[1, 1, 1, 1, 1, 13.83677, 69.99468, 5.043906, -2.022901, 1.229008, -0.9160305, 210.555, 149.4869, 314.7058, -3.251908, 0.9312977, 2.061069],
[1, 1, 1, 1, 1, 19.21788, 70.94601, 6.775432, -6.045802, 2.854962, -0.3664122, 210.3372, 149.6645, 314.751, -2.908397, 1.022901, 1.832061],
[1, 1, 1, 1, 1, 14.46491, 69.61414, 5.395208, -2.221374, 3.053435, 0.7099237, 209.6747, 149.6645, 315.5147, -2.610687, 1.29771, 1.068702],
[1, 1, 1, 1, 1, 14.81028, 69.60922, 5.532, -6.244275, -0.7862596, -0.03053435, 210.9123, 149.4046, 314.3937, -1.687023, 1.549618, 1.549618],
[1, 1, 1, 1, 1, 16.2209, 71.36567, 5.51685, -2.572519, 1.618321, 0.1374046, 209.7173, 149.9869, 315.0937, -2.900763, 0.3053435, 1.526718],
[1, 1, 1, 1, 1, 14.65077, 70.29396, 5.267352, -3.259542, 1.183206, 0.03053435, 210.1689, 149.71, 314.8918, -4.496183, 1.320611, 1.320611],
[1, 1, 1, 1, 1, 17.05454, 70.70994, 6.042212, -2.916031, 0.7938931, -0.3816794, 210.2993, 149.9268, 314.4923, -3.419847, 1.465649, 2.038168],
[1, 1, 1, 1, 1, 15.05722, 70.30737, 5.417121, -1.549618, 3.320611, 1.122137, 209.8198, 149.896, 315.08, -2.21374, 0.832061, 0.9312977],
[1, 1, 1, 1, 1, 16.86419, 70.05929, 6.19123, -2.419847, 3.473282, 0.1603053, 210.1506, 149.8886, 314.707, -1.435114, 1.145038, 1.496183],
[1, 1, 1, 1, 1, 15.26235, 69.64928, 5.69733, -3.473282, 0.8015267, -0.8549618, 210.3503, 149.6792, 314.7191, -2.778626, 1.076336, 1.80916],
[1, 1, 1, 1, 1, 16.31637, 69.82414, 6.055641, -3.534351, 0.9312977, -0.09160305, 210.0406, 150.263, 314.3999, -4.122138, 1.244275, 1.320611],
[1, 1, 1, 1, 1, 15.09675, 70.393, 5.406151, -4.061069, 1.641221, -0.480916, 209.7833, 150.3951, 314.5433, -3.0, 1.435114, 1.694656],
[1, 1, 1, 1, 1, 15.45176, 70.18241, 5.605621, -3.259542, 2.877863, 0.2748091, 209.3377, 150.5655, 314.8627, -3.022901, 0.6870229, 1.244275],
[1, 1, 1, 1, 1, 15.99413, 69.89604, 5.905981, -3.534351, 1.687023, 0.8854962, 209.7297, 150.2481, 314.7765, -2.221374, 1.717557, 1.519084],
[1, 1, 1, 1, 0, 13.52319, 70.06187, 4.906131, -3.442748, 3.29771, -0.4580153, 209.3765, 150.0649, 315.4001, -3.519084, 1.167939, 0.7557252],
[1, 1, 1, 1, 1, 15.21251, 69.19137, 5.819067, -4.557252, 1.396947, 0.007633588, 209.7015, 150.2396, 314.8191, -2.946565, 1.946565, 2.022901],
[1, 1, 1, 1, 1, 16.30497, 69.37592, 6.199345, -3.610687, 3.030534, -0.9312977, 209.9745, 150.1395, 314.6195, -3.793893, 0.740458, 1.908397],
[1, 1, 1, 1, 1, 12.72201, 69.26591, 4.807318, -1.320611, 1.770992, 0.09160305, 209.6927, 150.3374, 314.7156, -1.038168, 1.633588, 1.717557],
[1, 1, 1, 1, 0, 14.31881, 69.46111, 5.382421, -2.763359, 2.679389, 0.4656488, 209.543, 150.0959, 315.17, -3.832061, 0.389313, 0.9541985],
[1, 1, 1, 1, 0, 16.69647, 69.39767, 6.349689, -6.167939, -0.6335878, -0.6793893, 209.5335, 150.0451, 315.24, -3.824427, 1.015267, 0.6717557],
[1, 1, 1, 1, 1, 14.07015, 69.52643, 5.265958, -5.19084, -2.053435, 1.977099, 209.9437, 150.0466, 314.7627, -2.625954, 3.78626, 1.961832],
[1, 1, 1, 1, 0, 15.19804, 68.16917, 6.13127, 0.4274809, 9.137404, 1.824428, 207.473, 151.0776, 316.4844, -6.229008, -2.10687, -5.51145],
[1, 1, 1, 1, 0, 13.41696, 68.26603, 5.355154, 0.2290076, 2.877863, 3.908397, 207.1123, 150.3628, 317.7615, -3.10687, 0.8549618, -4.022901],