[1, 1, 1, 1, 1, 38.71023, 79.36238, 8.427066, -2.21374, 4.259542, -0.9923664, 222.9601, 133.878, 317.934, -3.29771, -1.114504, 1.503817],
[1, 1, 1, 1, 1, 47.34287, 80.73978, 9.882127, -3.916031, 2.664122, 0.6030535, 223.1582, 133.6236, 317.9898, -3.076336, 2.038168, 2.603053],
[1, 1, 1, 1, 1, 46.76352, 80.24055, 10.21646, -4.587786, 1.083969, 0.6870229, 222.5747, 134.2668, 317.9315, -3.0, 0.8778625, 1.038168],
[1, 1, 1, 1, 1, 49.13774, 81.47154, 9.675567, -4.625954, 2.755725, 1.992366, 222.746, 134.0251, 318.0011, -2.328244, 1.267176, 1.755725],
[1, 1, 1, 1, 1, 45.38872, 80.35421, 9.627274, -3.381679, 2.877863, 3.435115, 223.7525, 133.9848, 317.0372, -1.78626, 1.145038, 1.641221],
[1, 1, 1, 1, 1, 49.07328, 79.11706, 12.35212, -1.954198, 1.320611, -0.961832, 222.818, 134.5187, 317.4379, -3.503817, 1.29771, 1.152672],
[1, 1, 1, 1, 1, 45.96758, 79.94585, 10.24456, -3.839695, 1.916031, -0.7633588, 222.3886, 134.552, 317.8336, -3.70229, 1.068702, 1.419847],
[1, 1, 1, 1, 1, 39.68304, 79.59114, 8.530374, -5.59542, -0.3053435, -0.2213741, 223.3156, 134.6616, 316.7983, -1.954198, 1.870229, 1.832061],
[1, 1, 1, 1, 1, 45.64597, 79.90436, 10.17407, -5.38168, 1.572519, -0.389313, 223.1606, 134.5843, 317.0303, -3.40458, 2.274809, 2.0],
[1, 1, 1, 1, 1, 50.21949, 80.63025, 11.05183, -2.51145, 1.633588, -0.1755725, 223.7926, 133.6091, 317.372, -1.908397, 0.519084, 1.450382],
[1, 1, 1, 1, 1, 50.08781, 80.56548, 11.07796, -4.778626, 1.015267, -1.351145, 222.9346, 134.4718, 317.3682, -3.679389, 2.274809, 3.022901],
[1, 1, 1, 1, 1, 46.28952, 79.20078, 11.13815, -3.51145, 2.10687, 0.1832061, 222.5114, 135.0922, 317.1728, -3.435115, 1.259542, 1.328244],
[1, 1, 1, 1, 1, 35.6906, 77.36136, 9.025927, -2.198473, 15.48855, 4.778626, 217.185, 136.4426, 321.1931, -0.05343511, -19.20611, -14.50382],
[1, 1, 1, 1, 1, 35.52531, 73.99414, 11.45698, 17.57252, 24.27481, 11.10687, 218.4, 140.002, 316.4036, -3.122137, -38.23664, -23.23664],
[1, 1, 1, 1, 1, 21.728, 73.626, 6.581058, -2.358779, -5.496183, -7.709924, 211.5366, 144.5269, 319.0288, -5.900764, 7.396946, 6.305344],
[1, 1, 1, 1, 1, 25.23285, 73.71255, 7.73748, -0.8473283, 7.603054, 1.48855, 210.5552, 145.4409, 319.1629, -4.78626, -5.458015, -0.5038168],
[1, 1, 1, 1, 1, 30.22927, 73.69895, 9.561002, -0.7938931, 1.091603, 0.4427481, 212.3071, 146.394, 316.1837, 2.801527, 1.343511, 2.083969],
[1, 1, 1, 1, 1, 27.49706, 73.81429, 8.485277, -0.4961832, 2.076336, 1.946565, 211.9926, 145.7894, 317.1839, -3.732824, 1.129771, 0.7938931],
[1, 1, 1, 1, 1, 31.54878, 74.05093, 9.839994, -5.801527, 1.923664, 1.564886, 213.1228, 145.5827, 316.1636, 0.04580153, 1.045802, 0.03053435],
[1, 1, 1, 1, 1, 27.61014, 72.25315, 9.398896, -6.183206, 1.19084, -0.3969466, 212.5841, 146.2126, 316.0749, -2.679389, 1.137405, 1.847328],
[1, 1, 1, 1, 1, 25.50616, 72.16796, 8.625019, -3.175573, 2.183206, 0.259542, 212.4583, 145.0535, 317.4557, -2.503817, 0.7175572, 0.4122138],
[1, 1, 1, 1, 1, 25.33425, 72.35983, 8.46081, -4.21374, 1.007634, 1.137405, 211.922, 145.8134, 317.2364, -2.618321, 2.526718, 1.358779],
[1, 1, 1, 1, 1, 22.88769, 72.82127, 7.337803, -1.717557, 5.320611, 1.10687, 211.8763, 146.0635, 317.018, -0.8778625, 0.3053435, 1.389313],
[1, 1, 1, 1, 1, 22.40858, 71.91199, 7.574705, -5.022901, 1.862595, 0.8549618, 212.3508, 145.9955, 316.5663, -2.351145, 2.198473, 1.793893],
[1, 1, 1, 1, 1, 23.4396, 71.81789, 8.007238, -4.442748, 1.916031, 0.6030535, 212.0262, 146.2533, 316.6469, -2.709924, 1.641221, 1.328244],
[1, 1, 1, 1, 1, 22.07975, 72.39058, 7.240575, -4.374046, -0.09923664, -2.740458, 212.7953, 145.7536, 316.3381, -2.59542, 2.580153, 3.51145],
[1, 1, 1, 1, 1, 22.8814, 72.86553, 7.315357, -5.580153, 2.366412, -1.954198, 212.4008, 144.983, 317.5938, -1.160305, 0.9541985, 3.618321],
[1, 1, 1, 1, 1, 25.25928, 72.37781, 8.423241, -1.519084, 1.412214, 1.480916, 212.5302, 145.4261, 316.9799, -0.6717557, 1.251908, 0.610687],
[1, 1, 1, 1, 1, 18.78472, 72.23217, 6.129262, -2.320611, 2.610687, 3.40458, 212.1124, 145.1837, 317.6983, -3.183206, -0.3358779, -1.412214],
[1, 1, 1, 1, 1, 22.17202, 71.57749, 7.635361, -4.816794, 0.7480916, -0.9236641, 212.4326, 145.9532, 316.5217, -2.076336, 2.038168, 2.19084],
[1, 1, 1, 1, 1, 19.96833, 72.46177, 6.457408, -5.022901, 1.038168, -1.412214, 211.6661, 146.2904, 317.0071, -2.572519, 1.80916, 2.801527],
[1, 1, 1, 1, 1, 18.969, 72.50459, 6.091857, -4.328244, 3.351145, 1.305344, 212.2377, 145.3232, 317.4116, -4.282443, 0.7862596, 1.114504],
[1, 1, 1, 1, 1, 18.76621, 72.04231, 6.193402, -4.969466, 2.015267, 0.4961832, 211.9507, 145.9017, 317.1097, -3.282443, 1.763359, 1.648855],
[1, 1, 1, 1, 1, 18.24752, 72.74072, 5.757577, -2.770992, 3.519084, 0.3282443, 211.2914, 146.5566, 317.1376, -2.282443, -1.282443, 1.076336],
[1, 1, 1, 1, 1, 18.0259, 71.85315, 5.998687, -1.603053, 2.389313, 0.5267176, 212.8269, 146.3278, 315.6835, -3.89313, -0.6183206, 0.07633588],
[1, 1, 1, 1, 1, 15.86781, 71.4824, 5.352886, -3.564885, 1.328244, 2.427481, 212.2277, 146.3188, 316.3529, -0.1832061, 0.6793893, -0.1374046],
[1, 1, 1, 1, 1, 22.81199, 72.28185, 7.556672, -11.29008, -2.145038, -0.7175572, 213.5585, 146.6419, 314.5445, 1.473282, 4.572519, 4.442748],
[1, 1, 1, 1, 1, 21.93346, 72.2593, 7.245138, -2.587786, 2.572519, 1.587786, 212.2868, 146.1848, 316.4326, -1.442748, -0.2290076, 0.007633588],
[1, 1, 1, 1, 1, 15.58256, 71.48692, 5.249701, -3.78626, 1.755725, -0.5572519, 212.1121, 147.2176, 315.4998, -3.312977, 2.129771, 1.847328],
[1, 1, 1, 1, 1, 19.74995, 72.11203, 6.517833, -4.427481, 1.412214, 0.6793893, 212.3621, 146.8207, 315.6584, -1.564886, 1.129771, 1.259542],
[1, 1, 1, 1, 1, 18.87255, 72.85899, 5.926432, -3.549618, 1.954198, 0.3358779, 212.3551, 146.2858, 316.2478, -1.969466, 1.29771, 1.282443],
[1, 1, 1, 1, 1, 17.71994, 71.67556, 5.952142, -4.61832, 1.267176, -0.6259542, 212.3916, 146.2898, 316.2033, -3.312977, 2.083969, 2.152672],
[1, 1, 1, 1, 1, 18.047, 71.86659, 6.001405, -3.458015, 1.633588, 0.9083969, 212.5908, 146.2248, 316.0542, -2.70229, 1.541985, 0.8625955],
[1, 1, 1, 1, 1, 18.12983, 71.70716, 6.088401, -4.396946, 1.832061, -0.2519084, 212.3732, 146.8542, 315.6093, -3.229008, 1.259542, 1.816794],
[1, 1, 1, 1, 1, 19.09571, 72.79555, 6.026119, -4.389313, 2.122137, -2.328244, 212.7773, 145.8672, 316.2355, -4.870229, 1.412214, 3.885496],
[1, 1, 1, 1, 1, 16.67768, 71.77423, 5.546713, -1.625954, 3.534351, -0.3206107, 212.3485, 146.811, 315.6839, -2.167939, -0.1221374, 1.473282],
[1, 1, 1, 1, 1, 20.88587, 71.68805, 7.10422, -3.885496, 1.961832, 0.4045802, 212.5577, 147.2336, 314.9899, -2.312977, 0.870229, 1.381679],
[1, 1, 1, 1, 1, 19.30007, 72.12193, 6.353336, -4.038168, 1.305344, 0.5877862, 211.8476, 147.6463, 315.3208, -4.419847, 1.381679, 0.9389313],
[1, 1, 1, 1, 1, 10.51924, 75.68756, 2.628013, -5.396946, 0.961832, 0.7709923, 214.9029, 143.2671, 316.6949, -4.442748, 1.290076, 2.167939],
[1, 1, 1, 1, 1, 11.74118, 74.96836, 3.109604, -3.450382, 2.969466, 0.0, 214.1176, 143.581, 317.2057, -3.534351, 2.10687, 1.564886],
[1, 1, 1, 1, 1, 10.55618, 75.02398, 2.770529, -3.351145, 2.29771, -0.2061069, 215.0993, 143.3108, 316.441, -3.030534, 1.083969, 1.381679],
[1, 1, 1, 1, 1, 13.77301, 75.24233, 3.6061, -4.10687, 2.320611, -0.9847328, 215.3001, 142.6186, 316.9475, -2.007634, 1.061069, 2.129771],
[1, 1, 1, 1, 1, 13.88176, 74.50894, 3.83098, -2.450382, 2.694656, -0.519084, 215.3033, 143.0302, 316.5171, -2.51145, 1.145038, 0.9694656],
[1, 1, 1, 1, 1, 12.49144, 74.64433, 3.395865, -2.969466, 2.320611, 0.09160305, 214.5703, 143.6812, 316.6165, -3.534351, 1.984733, 1.099237],
[1, 1, 1, 1, 1, 13.06317, 74.74229, 3.534965, -5.145038, 2.282443, 0.8091603, 215.2184, 143.0333, 316.6037, -1.969466, 1.549618, 1.175573],
[1, 1, 1, 1, 1, 10.39495, 74.05029, 2.919616, -4.862596, 3.053435, 0.4045802, 214.4821, 143.6358, 316.7583, -3.343511, 1.312977, 1.603053],
[1, 1, 1, 1, 1, 13.51466, 74.70478, 3.673505, -3.435115, 2.038168, 0.07633588, 214.9729, 143.3622, 316.5214, -2.175573, 1.801527, 1.900763],
[1, 1, 1, 1, 1, 9.955379, 74.24525, 2.753739, -3.687023, 1.458015, -0.6030535, 215.7114, 143.1776, 315.9329, -3.778626, 1.259542, 1.969466],
[1, 1, 1, 1, 1, 10.97517, 75.157, 2.857975, -1.954198, 1.923664, 0.7328244, 215.08, 143.5726, 316.1879, -2.175573, 0.9083969, 1.526718],
[1, 1, 1, 1, 1, 14.97195, 75.43627, 3.883932, -2.244275, 1.908397, -0.9541985, 215.3188, 143.4831, 316.0285, -2.267176, 1.236641, 1.816794],
[1, 1, 1, 1, 1, 14.1088, 74.71969, 3.84012, -4.541985, 1.908397, -1.206107, 215.0601, 143.3744, 316.4161, -3.10687, 1.564886, 2.068702],
[1, 1, 1, 1, 1, 10.17918, 74.63909, 2.741744, -2.091603, 3.038168, 0.1832061, 214.8241, 143.4438, 316.5944, -5.068702, 0.3435115, 1.557252],
[1, 1, 1, 1, 1, 14.52988, 74.30209, 4.078032, -3.534351, 3.099237, -0.4961832, 214.7017, 144.0095, 316.1319, -3.29771, 0.9236641, 2.274809],
[1, 1, 1, 1, 1, 13.74353, 74.38619, 3.823125, -4.053435, 1.419847, -0.8778625, 215.672, 143.5865, 315.5473, -2.419847, 2.068702, 2.679389],
[1, 1, 1, 1, 1, 14.88632, 74.15166, 4.227188, -3.10687, 1.618321, 0.7099237, 214.9432, 143.3773, 316.5373, -3.061069, 1.389313, 1.351145],
[1, 1, 1, 1, 1, 13.98232, 74.78809, 3.785433, -3.167939, 1.992366, 1.061069, 215.54, 142.7428, 316.5656, -1.839695, 1.267176, 1.160305],
[1, 1, 1, 1, 1, 13.81005, 75.28455, 3.605239, -3.793893, 2.633588, -0.4732824, 215.166, 143.4994, 316.1734, -2.793893, 1.580153, 2.076336],
[1, 1, 1, 1, 1, 12.66495, 74.34583, 3.517861, -3.038168, 1.473282, 0.8625955, 215.7792, 143.5758, 315.4454, -3.374046, 0.6335878, 0.7328244],
[1, 1, 1, 1, 1, 13.08068, 74.29134, 3.653013, -4.045802, 1.51145, -0.3358779, 215.2514, 143.3991, 316.1877, -3.0, 1.656489, 1.442748],
[1, 1, 1, 1, 1, 10.96826, 75.25816, 2.835011, -1.51145, 3.129771, -0.02290076, 214.8957, 143.5805, 316.3754, -1.526718, 0.3053435, 1.167939],
[1, 1, 1, 1, 1, 11.88918, 74.172, 3.33182, -3.305344, 3.763359, 0.8549618, 215.4724, 143.3351, 316.0207, -2.290076, 0.610687, 0.610687],
[1, 1, 1, 1, 1, 16.48331, 74.72553, 4.528244, -1.938931, 3.099237, -0.1832061, 215.1697, 143.179, 316.5037, -1.603053, 1.343511, 1.503817],
[1, 1, 1, 1, 1, 7.507915, 74.72609, 1.982977, -2.885496, 3.015267, 0.5648855, 215.1166, 143.6613, 316.0563, -4.351145, 0.7328244, 1.519084],
[1, 1, 1, 1, 1, 9.925952, 74.79066, 2.641866, -2.198473, 1.717557, -0.2977099, 215.0389, 143.5758, 316.2281, -2.793893, 1.78626, 1.938931],
[1, 1, 1, 1, 1, 12.24811, 74.82507, 3.284142, -2.045802, 0.6641222, 0.2748091, 215.3023, 143.3037, 316.2334, -1.648855, 2.022901, 1.0],
[1, 1, 1, 1, 1, 12.37584, 75.13477, 3.247038, -2.969466, 1.839695, -0.5038168, 214.8555, 143.8998, 316.0834, -0.4580153, 1.427481, 1.641221],
[1, 1, 1, 1, 1, 12.862, 74.70252, 3.487492, -3.648855, 0.7251908, -1.015267, 215.5336, 143.6276, 315.6502, -1.221374, 1.374046, 2.175573],
[1, 1, 1, 1, 1, 12.00767, 75.05496, 3.163881, -3.381679, 0.9389313, 0.03816794, 215.4583, 143.1836, 316.1937, -2.458015, 1.839695, 1.175573],
[1, 1, 1, 1, 1, 10.66372, 74.36038, 2.93508, -3.114504, 1.748092, 0.5343512, 215.8801, 143.1149, 315.8208, -3.396947, 1.175573, 1.099237],
[1, 1, 1, 1, 1, 13.7389, 74.8432, 3.701402, -2.931298, 1.992366, 0.610687, 215.2728, 143.5161, 316.0426, -1.290076, 0.4885496, 0.9847328],
[1, 1, 1, 1, 1, 12.78598, 75.02351, 3.387436, -2.412214, 1.389313, 0.8396947, 215.3405, 142.967, 316.5436, -3.694656, 1.671756, 0.5419847],
[1, 1, 1, 1, 1, 13.75322, 75.56498, 3.51614, -5.824428, 1.80916, 0.6793893, 214.8005, 143.881, 316.1617, -3.564885, 1.358779, 1.534351],
[1, 1, 1, 1, 1, 13.35929, 74.33462, 3.72382, -4.755725, 2.045802, -1.633588, 214.9292, 144.0238, 315.8746, -2.10687, 2.679389, 3.335878],
[1, 1, 1, 1, 1, 10.87136, 74.6479, 2.93508, -2.900763, 1.145038, 0.648855, 215.4356, 144.0032, 315.3593, -4.29771, 1.335878, 0.4961832],
[1, 1, 1, 1, 1, 11.74118, 75.05552, 3.09011, -3.610687, 2.068702, 0.8931297, 214.8264, 143.8068, 316.212, -3.198473, 1.167939, 1.473282],
[1, 1, 1, 1, 1, 14.84807, 75.79903, 3.747222, -3.10687, 1.923664, 0.2900764, 215.206, 144.065, 315.5374, -3.129771, 1.0, 1.389313],
[1, 1, 1, 1, 1, 10.5127, 75.42678, 2.678191, -3.450382, 1.167939, 0.3358779, 215.1044, 143.5471, 316.1886, -3.0, 1.793893, 1.519084],
[1, 1, 1, 1, 1, 10.82187, 74.77265, 2.895353, -4.236641, 2.007634, 1.015267, 214.7359, 144.0996, 316.0007, -2.793893, 1.122137, 1.267176],
[1, 1, 1, 1, 1, 10.76438, 75.27176, 2.777059, -3.793893, 1.801527, 0.8015267, 214.6449, 144.0401, 316.1605, -2.122137, 1.198473, 1.10687],
[1, 1, 1, 1, 1, 9.300807, 75.17952, 2.399581, -4.122138, 1.29771, 1.007634, 215.2745, 143.2378, 316.3314, -2.229008, 2.59542, 1.381679],
[1, 1, 1, 1, 1, 9.534294, 75.05608, 2.484937, -3.778626, 2.122137, 0.7862596, 215.8322, 143.1659, 315.818, -3.10687, 0.7328244, 1.251908],
[1, 1, 1, 1, 1, 10.70528, 74.67901, 2.881855, -3.847328, 1.908397, -0.07633588, 215.264, 143.6096, 315.9541, -2.603053, 1.862595, 1.969466],
[1, 1, 1, 1, 1, 9.65864, 74.99393, 2.530225, -2.694656, 1.916031, -0.6717557, 215.1838, 143.3599, 316.3001, -2.656489, 1.389313, 1.129771],
[1, 1, 1, 1, 1, 7.831347, 74.35226, 2.128157, -3.519084, 2.290076, 0.6717557, 214.9473, 144.0934, 315.7821, -2.335878, 0.2442748, 1.473282],
[1, 1, 1, 1, 1, 9.295848, 74.30571, 2.552999, -4.206107, 1.450382, 0.6259542, 216.0656, 143.4192, 315.3082, -3.519084, 0.8931297, 0.8091603],
[1, 1, 1, 1, 1, 11.31224, 75.39183, 2.89956, -2.80916, 2.183206, 0.2061069, 214.6806, 143.4402, 316.7509, -2.435115, 0.7480916, 1.89313],
[1, 1, 1, 1, 1, 10.51924, 75.68756, 2.628013, -5.396946, 0.961832, 0.7709923, 214.9029, 143.2671, 316.6949, -4.442748, 1.290076, 2.167939],
[1, 1, 1, 1, 1, 11.74118, 74.96836, 3.109604, -3.450382, 2.969466, 0.0, 214.1176, 143.581, 317.2057, -3.534351, 2.10687, 1.564886],
[1, 1, 1, 1, 1, 10.55618, 75.02398, 2.770529, -3.351145, 2.29771, -0.2061069, 215.0993, 143.3108, 316.441, -3.030534, 1.083969, 1.381679],
[1, 1, 1, 1, 1, 13.77301, 75.24233, 3.6061, -4.10687, 2.320611, -0.9847328, 215.3001, 142.6186, 316.9475, -2.007634, 1.061069, 2.129771],
[1, 1, 1, 1, 1, 13.88176, 74.50894, 3.83098, -2.450382, 2.694656, -0.519084, 215.3033, 143.0302, 316.5171, -2.51145, 1.145038, 0.9694656],
[1, 1, 1, 1, 1, 12.49144, 74.64433, 3.395865, -2.969466, 2.320611, 0.09160305, 214.5703, 143.6812, 316.6165, -3.534351, 1.984733, 1.099237],
[1, 1, 1, 1, 1, 13.06317, 74.74229, 3.534965, -5.145038, 2.282443, 0.8091603, 215.2184, 143.0333, 316.6037, -1.969466, 1.549618, 1.175573],
[1, 1, 1, 1, 1, 10.39495, 74.05029, 2.919616, -4.862596, 3.053435, 0.4045802, 214.4821, 143.6358, 316.7583, -3.343511, 1.312977, 1.603053],
[1, 1, 1, 1, 1, 13.51466, 74.70478, 3.673505, -3.435115, 2.038168, 0.07633588, 214.9729, 143.3622, 316.5214, -2.175573, 1.801527, 1.900763],
[1, 1, 1, 1, 1, 9.955379, 74.24525, 2.753739, -3.687023, 1.458015, -0.6030535, 215.7114, 143.1776, 315.9329, -3.778626, 1.259542, 1.969466],
[1, 1, 1, 1, 1, 10.97517, 75.157, 2.857975, -1.954198, 1.923664, 0.7328244, 215.08, 143.5726, 316.1879, -2.175573, 0.9083969, 1.526718],
[1, 1, 1, 1, 1, 14.97195, 75.43627, 3.883932, -2.244275, 1.908397, -0.9541985, 215.3188, 143.4831, 316.0285, -2.267176, 1.236641, 1.816794],
[1, 1, 1, 1, 1, 14.1088, 74.71969, 3.84012, -4.541985, 1.908397, -1.206107, 215.0601, 143.3744, 316.4161, -3.10687, 1.564886, 2.068702],
[1, 1, 1, 1, 1, 10.17918, 74.63909, 2.741744, -2.091603, 3.038168, 0.1832061, 214.8241, 143.4438, 316.5944, -5.068702, 0.3435115, 1.557252],
[1, 1, 1, 1, 1, 14.52988, 74.30209, 4.078032, -3.534351, 3.099237, -0.4961832, 214.7017, 144.0095, 316.1319, -3.29771, 0.9236641, 2.274809],
[1, 1, 1, 1, 1, 13.74353, 74.38619, 3.823125, -4.053435, 1.419847, -0.8778625, 215.672, 143.5865, 315.5473, -2.419847, 2.068702, 2.679389],
[1, 1, 1, 1, 1, 14.88632, 74.15166, 4.227188, -3.10687, 1.618321, 0.7099237, 214.9432, 143.3773, 316.5373, -3.061069, 1.389313, 1.351145],
[1, 1, 1, 1, 1, 13.98232, 74.78809, 3.785433, -3.167939, 1.992366, 1.061069, 215.54, 142.7428, 316.5656, -1.839695, 1.267176, 1.160305],
[1, 1, 1, 1, 1, 13.81005, 75.28455, 3.605239, -3.793893, 2.633588, -0.4732824, 215.166, 143.4994, 316.1734, -2.793893, 1.580153, 2.076336],
[1, 1, 1, 1, 1, 12.66495, 74.34583, 3.517861, -3.038168, 1.473282, 0.8625955, 215.7792, 143.5758, 315.4454, -3.374046, 0.6335878, 0.7328244],
[1, 1, 1, 1, 1, 13.08068, 74.29134, 3.653013, -4.045802, 1.51145, -0.3358779, 215.2514, 143.3991, 316.1877, -3.0, 1.656489, 1.442748],
[1, 1, 1, 1, 1, 10.96826, 75.25816, 2.835011, -1.51145, 3.129771, -0.02290076, 214.8957, 143.5805, 316.3754, -1.526718, 0.3053435, 1.167939],
[1, 1, 1, 1, 1, 11.88918, 74.172, 3.33182, -3.305344, 3.763359, 0.8549618, 215.4724, 143.3351, 316.0207, -2.290076, 0.610687, 0.610687],
[1, 1, 1, 1, 1, 16.48331, 74.72553, 4.528244, -1.938931, 3.099237, -0.1832061, 215.1697, 143.179, 316.5037, -1.603053, 1.343511, 1.503817],
[1, 1, 1, 1, 1, 7.507915, 74.72609, 1.982977, -2.885496, 3.015267, 0.5648855, 215.1166, 143.6613, 316.0563, -4.351145, 0.7328244, 1.519084],
[1, 1, 1, 1, 1, 9.925952, 74.79066, 2.641866, -2.198473, 1.717557, -0.2977099, 215.0389, 143.5758, 316.2281, -2.793893, 1.78626, 1.938931],
[1, 1, 1, 1, 1, 12.24811, 74.82507, 3.284142, -2.045802, 0.6641222, 0.2748091, 215.3023, 143.3037, 316.2334, -1.648855, 2.022901, 1.0],
[1, 1, 1, 1, 1, 12.37584, 75.13477, 3.247038, -2.969466, 1.839695, -0.5038168, 214.8555, 143.8998, 316.0834, -0.4580153, 1.427481, 1.641221],
[1, 1, 1, 1, 1, 12.862, 74.70252, 3.487492, -3.648855, 0.7251908, -1.015267, 215.5336, 143.6276, 315.6502, -1.221374, 1.374046, 2.175573],
[1, 1, 1, 1, 1, 12.00767, 75.05496, 3.163881, -3.381679, 0.9389313, 0.03816794, 215.4583, 143.1836, 316.1937, -2.458015, 1.839695, 1.175573],
[1, 1, 1, 1, 1, 10.66372, 74.36038, 2.93508, -3.114504, 1.748092, 0.5343512, 215.8801, 143.1149, 315.8208, -3.396947, 1.175573, 1.099237],
[1, 1, 1, 1, 1, 13.7389, 74.8432, 3.701402, -2.931298, 1.992366, 0.610687, 215.2728, 143.5161, 316.0426, -1.290076, 0.4885496, 0.9847328],
[1, 1, 1, 1, 1, 12.78598, 75.02351, 3.387436, -2.412214, 1.389313, 0.8396947, 215.3405, 142.967, 316.5436, -3.694656, 1.671756, 0.5419847],
[1, 1, 1, 1, 1, 13.75322, 75.56498, 3.51614, -5.824428, 1.80916, 0.6793893, 214.8005, 143.881, 316.1617, -3.564885, 1.358779, 1.534351],
[1, 1, 1, 1, 1, 13.35929, 74.33462, 3.72382, -4.755725, 2.045802, -1.633588, 214.9292, 144.0238, 315.8746, -2.10687, 2.679389, 3.335878],
[1, 1, 1, 1, 1, 10.87136, 74.6479, 2.93508, -2.900763, 1.145038, 0.648855, 215.4356, 144.0032, 315.3593, -4.29771, 1.335878, 0.4961832],
[1, 1, 1, 1, 1, 11.74118, 75.05552, 3.09011, -3.610687, 2.068702, 0.8931297, 214.8264, 143.8068, 316.212, -3.198473, 1.167939, 1.473282],
[1, 1, 1, 1, 1, 14.84807, 75.79903, 3.747222, -3.10687, 1.923664, 0.2900764, 215.206, 144.065, 315.5374, -3.129771, 1.0, 1.389313],
[1, 1, 1, 1, 1, 10.5127, 75.42678, 2.678191, -3.450382, 1.167939, 0.3358779, 215.1044, 143.5471, 316.1886, -3.0, 1.793893, 1.519084],
[1, 1, 1, 1, 1, 10.82187, 74.77265, 2.895353, -4.236641, 2.007634, 1.015267, 214.7359, 144.0996, 316.0007, -2.793893, 1.122137, 1.267176],
[1, 1, 1, 1, 1, 10.76438, 75.27176, 2.777059, -3.793893, 1.801527, 0.8015267, 214.6449, 144.0401, 316.1605, -2.122137, 1.198473, 1.10687],
[1, 1, 1, 1, 1, 9.300807, 75.17952, 2.399581, -4.122138, 1.29771, 1.007634, 215.2745, 143.2378, 316.3314, -2.229008, 2.59542, 1.381679],
[1, 1, 1, 1, 1, 9.534294, 75.05608, 2.484937, -3.778626, 2.122137, 0.7862596, 215.8322, 143.1659, 315.818, -3.10687, 0.7328244, 1.251908],
[1, 1, 1, 1, 1, 10.70528, 74.67901, 2.881855, -3.847328, 1.908397, -0.07633588, 215.264, 143.6096, 315.9541, -2.603053, 1.862595, 1.969466],
[1, 1, 1, 1, 1, 9.65864, 74.99393, 2.530225, -2.694656, 1.916031, -0.6717557, 215.1838, 143.3599, 316.3001, -2.656489, 1.389313, 1.129771],
[1, 1, 1, 1, 1, 7.831347, 74.35226, 2.128157, -3.519084, 2.290076, 0.6717557, 214.9473, 144.0934, 315.7821, -2.335878, 0.2442748, 1.473282],
[1, 1, 1, 1, 1, 9.295848, 74.30571, 2.552999, -4.206107, 1.450382, 0.6259542, 216.0656, 143.4192, 315.3082, -3.519084, 0.8931297, 0.8091603],
[1, 1, 1, 1, 1, 11.31224, 75.39183, 2.89956, -2.80916, 2.183206, 0.2061069, 214.6806, 143.4402, 316.7509, -2.435115, 0.7480916, 1.89313],
[1, 1, 1, 1, 1, 7.344702, 77.79508, 1.514105, 7.40458, 5.549618, 3.877863, 215.9339, 131.6816, 326.9499, -0.7099237, 6.969466, -0.6641222],
[1, 1, 1, 1, 1, 43.32917, 79.06987, 10.18374, -5.91603, -11.50382, 1.137405, 211.6852, 134.105, 328.8957, -4.08397, 0.9923664, 1.534351],
[1, 1, 1, 1, 1, 57.33716, 83.58224, 9.76304, -1.21374, -2.21374, 0.5419847, 214.1064, 132.2433, 328.1959, -7.70229, 3.374046, -1.236641],
[1, 1, 1, 1, 1, 48.29842, 84.58901, 5.90042, 2.900763, 8.526717, 1.709924, 212.5307, 131.593, 330.2747, 0.5648855, -0.6183206, 0.9083969],
[1, 1, 1, 1, 1, 47.52468, 83.20389, 7.255233, -14.08397, -1.740458, -1.748092, 212.5835, 133.0944, 328.9096, -2.442748, 1.503817, 3.694656],
[1, 1, 1, 1, 1, 37.13655, 80.86655, 6.807604, -7.305344, 3.274809, 0.5572519, 212.7441, 133.5344, 328.3618, -2.503817, 0.1603053, 0.0],
[1, 1, 1, 1, 1, 24.48362, 80.30181, 4.337572, 9.793893, 6.641222, 0.7862596, 212.1549, 133.4402, 329.0218, -1.603053, -1.061069, -0.6946565],
[1, 1, 1, 1, 1, 25.96461, 78.18074, 5.70748, 1.473282, 4.152672, -0.6717557, 211.5225, 134.1173, 329.0455, -2.587786, -1.763359, 1.381679],
[1, 1, 1, 1, 1, 29.89933, 79.85915, 5.751962, -5.061069, 1.618321, -0.09923664, 211.4954, 134.2441, 328.9604, -2.167939, 1.59542, 2.183206],
[1, 1, 1, 1, 1, 30.12057, 79.19815, 6.197132, -2.442748, -0.2137404, 0.5496183, 212.0859, 134.0903, 328.5132, -1.969466, 2.519084, 2.007634],
[1, 1, 1, 1, 1, 33.25041, 81.0495, 5.7677, 1.526718, 3.29771, -0.1832061, 212.3474, 134.6021, 327.7957, -1.496183, -3.908397, -0.5954198],
[1, 1, 1, 1, 1, 32.6786, 79.70114, 6.524117, -0.04580153, 0.3664122, -1.854962, 211.4015, 133.7353, 329.4999, -3.0, 1.541985, 2.450382],
[1, 1, 1, 1, 1, 30.8658, 79.95006, 5.924601, -3.534351, 2.122137, 0.778626, 211.7442, 133.8444, 329.0676, -3.801527, 0.7709923, 0.5801527],
[1, 1, 1, 1, 1, 28.27784, 79.68729, 5.473283, 1.045802, 3.541985, 4.526718, 210.9524, 134.1606, 329.5704, -2.625954, -1.534351, -2.480916],
[1, 1, 1, 1, 1, 24.06635, 78.41835, 5.120956, 6.251908, 9.282443, 4.244275, 209.3548, 135.5783, 329.9344, -1.007634, -7.969466, -5.572519],
[1, 1, 1, 1, 1, 11.9287, 74.6567, 3.23268, 13.57252, 13.23664, 7.549618, 206.7761, 138.6795, 329.9259, 4.557252, -16.51145, -7.732824],
[1, 1, 1, 1, 1, 24.86449, 71.40865, 8.761811, 5.091603, 11.41221, 7.496183, 207.0066, 141.5085, 327.1145, -0.1526718, -8.244275, -10.85496],
[1, 1, 1, 1, 1, 25.91712, 73.44052, 8.11877, -2.007634, 0.3664122, -7.801527, 206.9937, 142.3131, 326.3694, -1.343511, 0.1832061, 1.51145],
[1, 1, 1, 1, 1, 32.68459, 74.15244, 10.20852, -14.0, -0.1526718, 2.21374, 209.6771, 140.9952, 324.6417, -8.549619, 8.931297, 4.725191],
[1, 1, 1, 1, 1, 10.74615, 74.44992, 2.940381, -10.64885, 3.641221, -5.854962, 204.9866, 140.1173, 330.63, -8.091603, 3.862595, 10.19084],
[1, 1, 1, 1, 1, 17.08649, 72.53867, 5.433665, -4.954198, 2.244275, 2.083969, 206.1538, 141.1576, 328.3975, -2.755725, 1.053435, -0.7022901],
[1, 1, 1, 1, 1, 17.85267, 74.33186, 5.069084, -3.824427, 2.152672, -0.3435115, 206.2833, 140.7564, 328.6176, -1.0, 1.045802, 2.099237],
[1, 1, 1, 1, 1, 17.38825, 73.30836, 5.273745, -4.908397, 3.40458, -1.152672, 206.6703, 141.1404, 327.8338, -5.0, 0.2824428, 1.450382],
[1, 1, 1, 1, 1, 13.09031, 72.36923, 4.143593, -1.320611, 2.198473, 0.3129771, 205.4165, 142.2193, 328.2611, -4.175572, 2.022901, 1.740458],
[1, 1, 1, 1, 1, 17.70887, 72.48, 5.666169, -3.282443, 1.007634, -1.358779, 205.9321, 141.6717, 328.1767, -1.770992, 2.534351, 2.839695],
[1, 1, 1, 1, 1, 21.27843, 74.30269, 6.148265, -3.572519, 2.091603, -2.664122, 206.2454, 141.333, 328.1339, -3.908397, 1.946565, 1.89313],
[1, 1, 1, 1, 1, 16.4553, 72.80235, 5.134782, -3.022901, 0.5954198, 0.610687, 206.5343, 141.6, 327.5611, -2.496183, 1.0, 1.29771],
[1, 1, 1, 1, 1, 19.12342, 73.49256, 5.773492, -3.946565, 0.7251908, -0.1603053, 205.5256, 141.5949, 328.7091, -2.083969, 2.198473, 1.122137],
[1, 1, 1, 1, 1, 15.5875, 72.9962, 4.78852, -0.3053435, 2.351145, 1.992366, 206.5702, 141.3605, 327.7428, -2.351145, 2.137405, -1.21374],
[1, 1, 1, 1, 1, 16.51855, 73.37627, 4.970476, -0.9312977, -1.053435, -1.022901, 207.0916, 140.6546, 327.8115, -2.412214, 2.946565, 2.251908],
[1, 1, 1, 1, 1, 22.75104, 74.64031, 6.470551, -4.59542, 0.7480916, -2.572519, 206.4343, 141.2208, 328.0244, -4.015267, 1.541985, 2.870229],
[1, 1, 1, 1, 1, 16.38306, 73.52905, 4.878275, -3.381679, 1.954198, 0.480916, 205.9795, 140.9313, 328.799, -2.709924, 1.015267, 1.19084],
[1, 1, 1, 1, 1, 17.93262, 73.74498, 5.298158, -3.091603, 3.832061, 0.2824428, 206.3494, 141.5144, 327.8493, -2.885496, 0.1984733, 1.076336],
[1, 1, 1, 1, 1, 13.27994, 73.22389, 3.985313, -1.656489, 2.076336, 1.694656, 206.4775, 141.3204, 327.8841, -4.267176, 1.748092, 0.6793893],
[1, 1, 1, 1, 1, 15.565, 72.66259, 4.88277, -3.137405, 5.694656, 0.1374046, 205.8414, 141.9116, 328.0587, -2.633588, 2.083969, 1.832061],
[1, 1, 1, 1, 1, 22.38761, 74.46969, 6.430455, -5.732824, -0.259542, -0.5954198, 206.979, 141.0938, 327.5315, -3.587786, 5.587786, 2.244275],
[1, 1, 1, 1, 1, 15.698, 72.64995, 4.930885, -0.8931297, 1.21374, -0.740458, 206.714, 141.1268, 327.7974, -3.656489, 1.335878, 2.664122],
[1, 1, 1, 1, 1, 14.59405, 72.5287, 4.599597, -2.572519, 1.656489, -0.4122138, 206.3192, 141.1052, 328.2597, -3.068702, 1.221374, 1.290076],
[1, 1, 1, 1, 1, 17.83338, 72.53389, 5.689939, -4.320611, 2.229008, -0.1221374, 206.4774, 141.0598, 328.1239, -2.603053, 1.007634, 1.099237],
[1, 1, 1, 1, 1, 19.3846, 73.58581, 5.823602, -1.236641, 1.320611, 0.9236641, 206.6496, 141.2492, 327.7565, -3.0, 2.374046, 1.083969],
[1, 1, 1, 1, 1, 18.0253, 73.84771, 5.291533, -4.70229, 1.59542, -0.7709923, 207.1225, 141.7261, 326.7798, -3.923664, 0.7633588, 2.236641],
[1, 1, 1, 1, 1, 14.69074, 72.76369, 4.564214, -1.923664, 1.801527, 0.7557252, 206.2016, 141.8809, 327.6771, -3.038168, 1.335878, 1.374046],
[1, 1, 1, 1, 1, 15.21652, 72.09912, 4.935462, -4.801527, 2.267176, 0.9389313, 206.4278, 142.0626, 327.25, -2.343511, 1.007634, 1.610687],
[1, 1, 1, 1, 1, 16.30336, 72.72034, 5.110546, -3.10687, 1.320611, 0.4732824, 206.3064, 141.36, 328.0401, -1.610687, 1.122137, 1.900763],
[1, 1, 1, 1, 1, 13.15597, 73.03804, 3.993742, -3.458015, 1.183206, 0.4503817, 206.7546, 141.7434, 327.1785, -3.305344, 1.282443, 0.8854962],
[1, 1, 1, 1, 1, 15.84951, 73.27895, 4.786526, -1.961832, 1.381679, -0.2442748, 206.5198, 141.9504, 327.2506, -1.633588, 1.244275, 2.412214],
[1, 1, 1, 1, 1, 14.99599, 73.30045, 4.507464, -2.59542, 3.564885, 0.8396947, 206.0579, 141.7232, 327.9865, -1.778626, 0.8625955, 0.9236641],
[1, 1, 1, 1, 1, 15.99464, 73.56866, 4.742918, -2.847328, 3.618321, 1.633588, 206.7699, 141.4854, 327.4023, -3.290076, 0.4580153, 0.3587786],
[1, 1, 1, 1, 1, 38.14301, 72.55673, 13.74313, -21.17557, 6.244275, 1.068702, 215.8225, 141.5722, 317.4745, -6.557252, 2.458015, 2.122137],
[1, 1, 1, 1, 1, 36.8981, 72.72491, 13.02534, -1.977099, -1.618321, 5.435114, 216.1516, 141.8569, 316.8377, -0.9236641, 1.526718, -1.885496],
[1, 1, 1, 1, 1, 42.61243, 72.37224, 16.17169, -9.679389, -0.9007633, -1.427481, 217.696, 144.7908, 312.17, 4.48855, 3.099237, -1.679389],
[1, 1, 1, 1, 1, 32.80378, 73.1795, 10.91392, -6.389313, -5.465649, -4.824428, 218.9173, 140.37, 315.5, -2.503817, 5.274809, 1.603053],
[1, 1, 1, 1, 1, 37.923, 70.06537, 15.66602, -1.083969, 0.2748091, 0.4580153, 217.8861, 141.5312, 315.371, -4.801527, 0.09923664, 1.458015],
[1, 1, 1, 1, 1, 50.89216, 75.22305, 17.83813, -4.969466, 5.10687, 1.923664, 217.588, 141.0927, 316.1281, -1.343511, 1.183206, 3.465649],
[1, 1, 1, 1, 1, 45.44081, 73.81814, 16.28989, -10.21374, -4.908397, -4.519084, 219.295, 140.641, 314.838, -2.320611, 3.763359, 3.183206],
[1, 1, 1, 1, 1, 42.78815, 72.58415, 16.06747, -3.114504, 2.984733, -5.824428, 218.9435, 141.1013, 314.7266, -9.816793, -2.80916, 3.091603],
[1, 1, 1, 1, 1, 44.35812, 73.1029, 16.41693, -3.954198, 4.526718, -1.801527, 217.1106, 142.4459, 315.2301, -4.442748, 0.9083969, 5.21374],
[1, 1, 1, 1, 1, 50.58469, 73.75719, 19.38429, 4.587786, 9.267176, -1.038168, 216.9251, 141.6039, 316.291, -3.641221, -4.679389, 1.10687],
[1, 1, 1, 1, 1, 47.31775, 72.04748, 19.23172, -9.320611, 1.793893, 1.610687, 217.3996, 143.857, 313.4594, -1.290076, 2.89313, 1.328244],
[1, 1, 1, 1, 1, 44.2351, 70.78454, 18.62422, -0.09160305, 4.412214, 2.977099, 216.4133, 142.5522, 315.8463, -2.21374, 3.122137, 0.961832],
[1, 1, 1, 1, 1, 45.4634, 71.53577, 18.62084, -1.396947, 2.977099, -0.6564885, 217.5445, 142.8673, 314.3432, -3.022901, 0.5725191, 2.51145],
[1, 1, 1, 1, 1, 45.01011, 72.1827, 17.69836, -2.458015, 2.251908, 0.6030535, 217.3411, 143.1429, 314.2668, -3.549618, 0.9465649, 0.4427481],
[1, 1, 1, 1, 1, 47.93862, 72.52851, 19.1011, -3.412214, 1.335878, -1.763359, 216.4742, 143.1844, 315.1255, -3.465649, 2.038168, 2.083969],
[1, 1, 1, 1, 1, 45.40965, 70.75808, 19.37663, -4.007634, 3.969466, 1.091603, 217.2326, 143.1797, 314.3409, -2.129771, 0.9312977, 1.816794],
[1, 1, 1, 1, 1, 45.58964, 71.41619, 18.81955, -3.19084, 0.7175572, -0.3358779, 216.9549, 142.2439, 315.6007, -3.038168, 1.740458, 1.916031],
[1, 1, 1, 1, 1, 42.455, 71.30531, 17.08118, -5.977099, 0.7938931, 1.664122, 216.1221, 142.9482, 315.7401, -2.419847, 0.2290076, -0.03816794],
[1, 1, 1, 1, 1, 43.71762, 70.99802, 18.10527, -4.778626, 1.541985, -0.09160305, 216.4471, 143.7822, 314.5283, -3.587786, 1.938931, 2.160305],
[1, 1, 1, 1, 1, 40.31073, 70.05737, 16.99434, -4.045802, 2.78626, 0.5419847, 217.4191, 142.5444, 314.8081, -3.244275, -0.4580153, 0.778626],
[1, 1, 1, 1, 1, 42.9875, 70.52607, 18.12322, -5.206107, 0.3587786, -0.129771, 216.7295, 143.4384, 314.5937, -3.725191, 0.9923664, 1.656489],
[1, 1, 1, 1, 1, 44.74981, 71.14873, 18.57677, -0.2213741, 3.022901, 0.5572519, 217.4198, 142.7624, 314.5812, -2.015267, -1.21374, -0.5114504],
[1, 1, 1, 1, 1, 43.80815, 70.56524, 18.57887, -2.259542, 2.099237, -0.8549618, 216.5924, 143.726, 314.4355, -1.633588, 0.2366412, 2.083969],
[1, 1, 1, 1, 1, 43.14487, 71.35969, 17.42361, -0.7557252, 2.412214, 1.435114, 216.2151, 143.9894, 314.5534, -1.580153, -0.2977099, 0.5572519],
[1, 1, 1, 1, 1, 44.1945, 70.30247, 19.07225, -2.152672, 3.679389, -0.1221374, 216.8802, 143.7767, 314.0824, -2.633588, -0.1603053, 1.885496],
[1, 1, 1, 1, 1, 44.45094, 70.80053, 18.74003, -1.007634, 0.8091603, 0.5877862, 216.4989, 144.265, 313.966, -2.709924, 1.366412, 1.480916],
[1, 1, 1, 1, 1, 46.30185, 71.68458, 18.98195, -1.740458, 2.519084, -0.610687, 216.8797, 144.0924, 313.7511, -1.48855, 1.282443, 1.854962],
[1, 1, 1, 1, 1, 42.6848, 70.38379, 18.07755, -2.549618, 1.259542, 1.343511, 216.6551, 144.2556, 313.813, -3.022901, 1.061069, 0.1679389],
[1, 1, 1, 1, 1, 43.37755, 69.66383, 19.18344, -4.969466, 3.465649, -1.755725, 216.8289, 144.876, 312.9758, -3.854962, 0.9923664, 1.671756],
[1, 1, 1, 1, 1, 42.79521, 70.14355, 18.3699, -2.709924, 1.030534, 0.5572519, 216.2552, 145.0188, 313.4222, -4.076336, 2.557252, 0.9236641],
[1, 1, 1, 1, 1, 43.62711, 70.99038, 18.05899, -1.664122, 1.114504, 1.465649, 216.526, 144.5489, 313.6378, -2.740458, 1.229008, 0.1450382],
[1, 1, 1, 1, 1, 42.62789, 70.07179, 18.33672, -3.21374, 0.1984733, 0.6946565, 216.4008, 144.7361, 313.5702, -2.557252, 2.381679, 1.671756],
[1, 1, 1, 1, 1, 44.11209, 71.07504, 18.26543, -4.419847, 1.160305, 1.51145, 216.7511, 144.6579, 313.2878, -1.870229, 1.633588, 0.9694656],
[1, 1, 1, 1, 1, 43.51547, 70.64292, 18.32716, -3.198473, 1.732824, 0.7862596, 216.6338, 143.8366, 314.2761, -3.022901, 1.465649, 1.671756],
[1, 1, 1, 1, 1, 44.62819, 70.00364, 19.63937, -5.038168, 3.335878, 0.259542, 216.6698, 144.1443, 313.915, -2.80916, 0.4351145, 1.145038],
[1, 1, 1, 1, 1, 43.2431, 69.74683, 19.02034, -3.244275, 2.282443, -0.610687, 216.6576, 144.4926, 313.5601, -2.70229, 1.068702, 1.70229],
[1, 1, 1, 1, 1, 41.87151, 70.1128, 17.8482, -2.572519, 1.007634, 0.3969466, 217.0063, 144.3523, 313.3456, -2.824427, 1.679389, 0.7251908],
[1, 1, 1, 1, 1, 43.37213, 70.77571, 18.11404, -0.8244275, 1.618321, -0.01526718, 216.966, 144.5067, 313.2244, -2.335878, 0.8396947, 1.328244],
[1, 1, 1, 1, 1, 45.09769, 70.98101, 18.95733, -4.603054, 1.763359, 0.2824428, 217.1072, 144.37, 313.2223, -2.648855, 1.793893, 0.8778625],
[1, 1, 1, 1, 1, 43.56982, 70.47646, 18.52022, -2.015267, 2.305344, 0.4503817, 216.5544, 144.7849, 313.3581, -3.076336, 1.59542, 0.7862596],
[1, 1, 1, 1, 1, 42.99544, 70.16721, 18.46836, -5.129771, 0.3358779, -1.19084, 216.4258, 144.6697, 313.6145, -2.763359, 1.954198, 1.748092],
[1, 1, 1, 1, 1, 43.8853, 70.84301, 18.35574, -5.282443, -0.6412213, 0.961832, 216.4694, 144.5557, 313.6897, -2.717557, 1.984733, 0.5877862],
[1, 1, 1, 1, 1, 42.91921, 70.03715, 18.54545, -4.70229, 1.946565, 0.1755725, 217.2606, 143.7625, 313.7023, -2.358779, 2.015267, 1.679389],
[1, 1, 1, 1, 1, 44.07332, 71.03616, 18.28023, -2.442748, 0.5572519, 0.05343511, 216.8864, 144.069, 313.7688, -2.816794, 1.519084, 0.9160305],
[1, 1, 1, 1, 1, 43.0575, 71.32259, 17.40863, -4.053435, 1.312977, -0.480916, 217.2635, 143.7592, 313.7029, -3.740458, 1.015267, 1.877863],
[1, 1, 1, 1, 1, 43.99786, 71.17311, 18.10162, -2.694656, 3.603053, 0.2519084, 216.9244, 144.676, 313.0886, -3.580153, 0.1526718, 1.473282],
[1, 1, 1, 1, 1, 43.25842, 71.38422, 17.46559, -4.152672, 0.7022901, 0.6641222, 216.9491, 144.6847, 313.0537, -2.465649, 2.793893, 1.206107],
[1, 1, 1, 1, 1, 43.68186, 70.88262, 18.19557, -3.473282, 1.48855, -0.3053435, 217.2752, 144.0912, 313.3421, -2.229008, 2.137405, 1.29771],





