[0, 0, 0, 0, 0, 356.155, 36.69503, 354.8849, -6.923664, 4.48855, 1.778626, 192.1632, 151.23, 338.3091, -2.244275, 2.122137, 3.862595],
[0, 0, 0, 0, 0, 352.4354, 38.48792, 350.5629, -2.931298, 0.2519084, 8.030535, 192.0722, 152.0306, 337.798, 0.4045802, -0.9007633, -0.5725191],
[0, 0, 0, 0, 0, 353.2566, 37.35445, 351.2411, -2.984733, 1.671756, -4.10687, 192.6311, 151.0384, 337.6977, -0.9770992, 2.061069, 2.755725],
[0, 0, 0, 0, 0, 357.3674, 37.18018, 356.5623, 2.282443, -3.068702, -5.854962, 193.4781, 152.0898, 335.3873, -5.435114, 0.5496183, 0.4961832],
[0, 0, 0, 0, 0, 352.2158, 37.74441, 350.0343, -8.038168, 1.587786, -0.03053435, 192.8939, 151.6042, 336.787, -3.122137, 5.0, 3.80916],
[0, 0, 0, 0, 0, 355.97, 36.01713, 354.5063, -3.48855, 5.366412, -0.1145038, 193.2995, 151.5323, 336.1826, -6.458015, 3.877863, 1.633588],
[0, 0, 0, 0, 0, 355.9493, 36.8262, 354.6359, -2.984733, 7.022901, 1.480916, 190.2084, 150.9035, 341.8176, -2.954198, 1.969466, 0.3053435],
[0, 0, 0, 0, 0, 355.9855, 34.20701, 354.1547, -1.618321, 3.061069, -0.4656488, 190.3137, 149.1082, 342.8431, -1.442748, 0.7328244, 0.7862596],
[0, 0, 0, 0, 0, 356.9974, 34.9485, 355.7491, 1.89313, 4.908397, -2.29771, 189.5802, 150.7868, 342.9554, 1.793893, 1.427481, 1.732824],
[0, 0, 0, 0, 0, 355.2677, 35.72119, 353.479, -3.0, 0.09923664, 3.633588, 193.2452, 149.9533, 337.6055, -0.4045802, 2.381679, 0.7480916],
[0, 0, 0, 0, 0, 355.2494, 35.10144, 353.3051, -2.969466, 1.175573, -1.007634, 193.0781, 150.4649, 337.4507, -4.152672, 0.2519084, 1.648855],
[0, 0, 0, 0, 0, 356.3516, 34.29781, 354.7066, -6.778626, 2.687023, 2.198473, 191.9674, 149.6014, 339.8882, -1.145038, 2.526718, 3.671756],
[0, 0, 0, 0, 0, 353.1362, 34.91656, 350.2738, -7.206107, -2.503817, 5.290076, 192.2419, 150.2108, 338.9905, 2.366412, -1.0, 2.450382],
[0, 0, 0, 0, 0, 352.0997, 35.72648, 349.1385, -4.732824, 0.7480916, 4.251908, 192.2617, 149.944, 339.1646, -0.2137404, 5.061069, -2.015267],
[0, 0, 0, 0, 0, 350.1853, 35.37636, 346.3741, -7.305344, -1.458015, -0.2061069, 192.4057, 149.384, 339.3631, -1.022901, 1.083969, 3.282443],
[0, 0, 0, 0, 0, 350.326, 36.56297, 347.1164, -5.480916, 1.847328, 2.603053, 193.16, 150.1573, 337.5733, -3.312977, 1.290076, 1.854962],
[0, 0, 0, 0, 0, 351.6984, 35.61755, 348.5478, -3.740458, 3.450382, 2.152672, 193.7936, 150.058, 336.6616, -2.396947, 1.21374, 2.328244],
[0, 0, 0, 0, 0, 350.4704, 35.97735, 347.0421, -4.748092, 0.1526718, 2.129771, 194.8698, 149.8123, 335.213, -3.419847, 0.4427481, 1.80916],
[0, 0, 0, 0, 0, 349.6566, 35.71445, 345.8228, -4.938931, 1.664122, 1.78626, 193.9633, 150.3632, 336.1366, -0.4427481, 1.687023, 1.938931],
[0, 0, 0, 0, 0, 350.4163, 36.37014, 347.1484, -3.206107, 1.045802, 3.022901, 194.7376, 150.1604, 335.1094, -2.580153, 2.10687, 0.6793893],
[0, 0, 0, 0, 0, 349.7515, 35.60955, 345.8987, 1.732824, 3.717557, 0.2977099, 193.2236, 150.2505, 337.3965, -3.549618, -0.6183206, 1.343511],
[0, 0, 0, 0, 0, 348.6408, 36.53647, 344.8964, -5.129771, -0.2137404, -1.664122, 194.7062, 150.47, 334.8825, -2.916031, 0.4122138, 3.312977],
[0, 0, 0, 0, 0, 349.4725, 35.70923, 345.5723, -5.274809, 2.80916, -0.4580153, 193.8107, 151.0193, 335.8069, -0.07633588, 2.656489, 0.7175572],
[0, 0, 0, 0, 0, 348.9232, 36.23304, 345.1089, -0.1145038, 2.900763, -1.496183, 193.8678, 150.5909, 336.0904, -5.91603, 1.015267, 0.9541985],
[0, 0, 0, 0, 0, 349.4071, 35.39949, 345.3255, -3.740458, 4.061069, 0.3435115, 194.155, 150.4213, 335.7858, -3.587786, 2.793893, 1.572519],
[0, 0, 0, 0, 0, 348.651, 35.01513, 344.0876, -8.0, 0.0, 4.832061, 194.0065, 149.7424, 336.5963, 0.1984733, 1.175573, 4.48855],
[0, 0, 0, 0, 0, 347.367, 35.77485, 342.7954, -2.045802, -0.09160305, -0.3740458, 194.3637, 150.3179, 335.5501, -6.580153, 0.1221374, 1.519084],
[0, 0, 0, 0, 0, 347.831, 34.75848, 342.8151, -0.740458, 5.648855, -2.305344, 193.6309, 149.8771, 337.0658, -5.259542, 2.099237, 0.8549618],
[0, 0, 0, 0, 0, 349.0728, 36.3964, 345.3897, -2.671756, -0.5496183, -5.221374, 195.0498, 151.0956, 333.7722, -4.503817, -0.961832, 4.870229],
[0, 0, 0, 0, 0, 350.4107, 36.24079, 347.0825, -0.2748091, 4.580153, -2.396947, 192.6212, 150.4552, 338.1895, -7.70229, -0.4885496, 3.51145],
[0, 0, 0, 0, 0, 349.812, 35.94071, 346.1429, -2.603053, 3.541985, -0.1526718, 194.2422, 151.5229, 334.6595, -4.656488, -0.7175572, 1.534351],
[0, 0, 0, 0, 0, 348.2394, 36.75927, 344.4928, -2.175573, 2.931298, -1.725191, 192.3549, 151.8572, 337.4678, -4.022901, 2.015267, 1.854962],
[0, 0, 0, 0, 0, 352.7054, 37.08096, 350.4368, -2.183206, -2.465649, -8.709924, 192.0567, 153.3044, 336.7118, -5.08397, -9.671756, -2.770992],
[0, 0, 0, 0, 0, 352.3031, 45.68342, 352.5035, -1.740458, -5.687023, 6.877862, 192.4039, 156.4298, 332.9439, 1.916031, -10.0916, 5.931298],
[0, 0, 0, 0, 0, 345.7501, 43.14398, 344.8864, -0.5648855, 2.229008, -8.503817, 192.5586, 156.5988, 332.4585, 2.916031, 5.038168, -0.7099237],
[0, 0, 0, 0, 0, 348.0602, 40.93929, 346.3495, -14.66412, -8.893129, 3.022901, 194.2935, 154.4139, 331.6974, 2.847328, 8.816793, 5.442748],
[0, 0, 0, 0, 0, 348.415, 46.94519, 349.1858, -12.60305, 3.045802, -1.21374, 196.3543, 154.0778, 328.5959, 2.229008, 4.48855, 3.549618],
[0, 0, 0, 0, 0, 350.9976, 42.80617, 350.3276, -7.19084, 2.870229, 5.877862, 195.6286, 151.9531, 332.0284, -0.03816794, 1.603053, 3.091603],
[0, 0, 0, 0, 0, 349.5564, 42.29421, 348.5866, -0.4198473, 4.755725, -4.671756, 195.6406, 152.6593, 331.2919, -4.473282, 3.206107, 1.89313],
[0, 0, 0, 0, 0, 350.8989, 42.60508, 350.1544, -0.7709923, 5.374046, -1.267176, 195.1896, 152.6907, 331.9909, -4.435114, 1.984733, 2.152672],
[0, 0, 0, 0, 0, 348.6912, 41.88244, 347.4719, -3.045802, 3.427481, 1.145038, 195.582, 151.9893, 332.0662, -2.259542, 2.59542, 2.038168],
[0, 0, 0, 0, 0, 347.005, 41.42421, 345.3939, -3.427481, 2.984733, 1.030534, 196.6274, 151.8689, 330.5455, -3.564885, 1.480916, 2.832061],
[0, 0, 0, 0, 0, 348.7903, 40.0832, 346.7996, -3.793893, 4.076336, 0.4351145, 195.9238, 151.7397, 331.7755, -2.038168, 2.824427, 2.091603],
[0, 0, 0, 0, 0, 348.5142, 41.91122, 347.2893, -3.290076, 3.305344, 0.4656488, 195.9243, 151.4725, 332.0401, -1.610687, 0.1755725, 2.244275],
[0, 0, 0, 0, 0, 347.9494, 40.73072, 346.1265, -3.160305, 5.526718, -2.740458, 197.2322, 151.9026, 329.5765, -2.465649, 3.137405, 2.290076],
[0, 0, 0, 0, 0, 347.9141, 41.16122, 346.2869, -8.633588, 0.648855, 2.389313, 196.0468, 151.6393, 331.6832, -1.694656, 2.229008, 1.51145],
[0, 0, 0, 0, 0, 347.0253, 40.12071, 344.7643, -3.21374, 1.435114, 0.6793893, 196.949, 151.2676, 330.6653, -3.908397, 2.053435, 1.519084],
[0, 0, 0, 0, 0, 346.8298, 40.87123, 344.922, -6.129771, 1.725191, 4.70229, 197.1951, 151.2193, 330.3406, -0.3740458, 2.320611, 2.022901],

