[0, 0, 0, 0, 0, 257.0105, 97.32237, 330.3887, 7.541985, 2.503817, 11.79389, 217.1326, 120.2551, 335.9759, 3.412214, -16.21374, 1.114504],
[0, 0, 0, 0, 0, 258.1413, 98.45444, 324.1972, 3.244275, 7.59542, -1.007634, 215.5844, 120.7299, 336.766, -9.366412, 3.068702, 7.465649],
[0, 0, 0, 0, 0, 258.073, 98.16726, 325.2939, 1.274809, 1.305344, 0.610687, 214.5584, 122.9981, 335.7085, -3.694656, -1.603053, 0.7862596],
[0, 0, 0, 0, 0, 260.7023, 96.78025, 323.388, -5.335878, 0.6641222, 2.152672, 214.0074, 123.3091, 335.8967, -3.625954, -1.129771, -1.122137],
[0, 0, 0, 0, 0, 260.3274, 96.76994, 324.5341, -3.969466, 1.167939, 1.129771, 214.2008, 123.2578, 335.7832, -1.587786, 1.412214, 0.03816794],
[0, 0, 0, 0, 0, 259.4119, 97.59139, 323.952, -5.091603, 3.320611, -0.04580153, 212.5955, 123.623, 336.7741, -0.1984733, 0.9389313, 1.969466],
[0, 0, 0, 0, 0, 258.5886, 98.36846, 323.3922, -1.396947, 1.587786, -1.129771, 213.9108, 123.1872, 336.0724, -2.114504, 1.251908, 0.2061069],
[0, 0, 0, 0, 0, 257.6673, 98.58932, 324.8653, -3.068702, 0.9694656, 1.78626, 214.2317, 123.2451, 335.7687, -3.099237, 0.2061069, -0.4961832],
[0, 0, 0, 0, 0, 257.5091, 99.60931, 322.1318, -14.30534, 5.51145, -0.1755725, 213.8993, 122.4609, 336.665, -9.702291, 1.267176, 0.1908397],
[0, 0, 0, 0, 0, 257.8755, 98.49664, 324.6832, 3.717557, -0.4045802, -11.98473, 213.9688, 123.0959, 336.0998, -4.0, -1.389313, 2.251908],
[0, 0, 0, 0, 0, 260.9441, 96.33727, 324.4859, -7.908397, -0.480916, 0.4961832, 214.6768, 122.4847, 336.034, -3.801527, 2.236641, 0.2137404],
[0, 0, 0, 0, 0, 260.5848, 96.85886, 323.426, -3.290076, 3.053435, 1.076336, 213.7899, 122.5075, 336.7134, -3.427481, 0.740458, 1.465649],
[0, 0, 0, 0, 0, 260.288, 97.2927, 322.6171, -5.137404, 3.076336, 1.244275, 214.4727, 123.1495, 335.6534, -3.877863, 0.6564885, 2.236641],
[0, 0, 0, 0, 0, 259.374, 97.64922, 323.8455, -2.129771, 2.312977, -0.4122138, 214.863, 122.7673, 335.6545, -2.618321, 1.992366, 2.206107],
[0, 0, 0, 0, 0, 260.1293, 97.00103, 324.1906, -4.603054, 1.366412, 1.015267, 213.9955, 122.831, 336.2922, -4.08397, 2.045802, 0.007633588],
[0, 0, 0, 0, 0, 259.2219, 97.96491, 323.1368, -2.473282, 2.129771, -0.2519084, 213.7348, 123.0064, 336.3579, -3.091603, 1.389313, 2.0],
[0, 0, 0, 0, 0, 260.2981, 96.95535, 323.8863, -4.40458, 1.236641, -0.5496183, 214.1682, 122.8399, 336.1482, -2.335878, 1.748092, 1.526718],
[0, 0, 0, 0, 0, 260.9734, 96.62074, 323.207, -4.328244, 1.152672, -0.5877862, 214.2835, 122.2306, 336.5495, -2.847328, 2.534351, 1.335878],
[0, 0, 0, 0, 0, 259.6031, 97.42855, 324.0321, -3.885496, 2.51145, -0.2213741, 214.1565, 122.2529, 336.6307, -2.89313, 1.427481, 2.679389],
[0, 0, 0, 0, 0, 260.323, 97.14673, 323.0721, -3.312977, 1.648855, 1.083969, 215.4816, 122.1925, 335.6374, -1.984733, 0.9389313, 0.7938931],
[0, 0, 0, 0, 0, 260.4661, 96.79267, 324.0411, -3.816794, 2.801527, 0.3282443, 214.6027, 122.1763, 336.3435, -2.229008, 0.8931297, 1.396947],
[0, 0, 0, 0, 0, 261.053, 96.49039, 323.5013, -3.129771, 2.083969, -0.1526718, 215.0369, 122.4529, 335.7747, -2.282443, 1.083969, 1.007634],
[0, 0, 0, 0, 0, 259.3907, 97.65409, 323.7837, -3.251908, 2.480916, 0.0610687, 214.539, 122.4187, 336.1965, -2.366412, 0.6870229, 1.740458],
[0, 0, 0, 0, 0, 260.3209, 97.09352, 323.2832, -3.526718, 1.870229, 0.1374046, 214.0359, 122.3318, 336.6615, -3.358779, 1.305344, 1.335878],
[0, 0, 0, 0, 0, 259.9607, 97.20953, 323.8666, -3.946565, 2.015267, -0.2137404, 214.2031, 122.4473, 336.4377, -3.427481, 1.641221, 1.717557],
[0, 0, 0, 0, 0, 259.5002, 97.74096, 323.1819, -3.732824, 2.045802, 0.5343512, 214.528, 122.4856, 336.1507, -2.740458, 1.778626, 1.59542],
[0, 0, 0, 0, 0, 259.612, 97.70175, 323.0188, -3.519084, 2.641221, 0.4351145, 214.8384, 122.5669, 335.8387, -3.129771, 1.122137, 2.572519],
[0, 0, 0, 0, 0, 260.276, 97.11461, 323.3322, -3.580153, 2.236641, 0.3816794, 214.159, 123.0865, 335.9558, -2.847328, 0.9465649, 1.862595],
[0, 0, 0, 0, 0, 260.8275, 96.61563, 323.6782, -4.244275, 1.816794, -0.1068702, 215.0355, 122.4456, 335.7819, -2.290076, 1.687023, 1.29771],
[0, 0, 0, 0, 0, 260.5383, 96.99622, 323.0214, -4.366412, 1.839695, 0.1755725, 214.4079, 123.1208, 335.7288, -3.007634, 1.80916, 1.625954],
[0, 0, 0, 0, 0, 260.7322, 96.69158, 323.657, -3.916031, 2.503817, 0.1984733, 214.5948, 122.73, 335.8986, -4.045802, 0.8625955, 2.145038],
[0, 0, 0, 0, 0, 260.1094, 97.0036, 324.2367, 1.625954, 6.061069, -0.9312977, 214.1239, 124.2684, 335.0205, -6.732824, -1.687023, 6.366412],
[0, 0, 0, 0, 0, 262.6396, 95.20458, 324.0361, -6.412214, 5.137404, 0.7251908, 212.9909, 124.2946, 335.9253, -5.21374, 1.007634, 3.862595],
[0, 0, 0, 0, 0, 263.9212, 94.47696, 322.7653, -3.603053, 2.312977, 1.526718, 213.1501, 124.9993, 335.2292, -3.648855, 0.7480916, 1.0],
[0, 0, 0, 0, 0, 264.7739, 93.83109, 322.742, -2.847328, 1.885496, 0.3129771, 213.4225, 125.6715, 334.4548, -1.541985, 1.763359, 1.022901],
[0, 0, 0, 0, 0, 264.3146, 94.15984, 322.8794, -5.351145, 3.335878, 0.8931297, 213.8615, 125.558, 334.1775, -2.564885, 1.572519, 2.473282],
[0, 0, 0, 0, 0, 263.9223, 94.46386, 322.8394, -1.847328, 0.7175572, 0.7022901, 213.5431, 125.0177, 334.888, -1.114504, 1.038168, 1.068702],
[0, 0, 0, 0, 0, 265.2713, 93.46938, 322.6106, -4.816794, 2.022901, 0.3129771, 213.2851, 125.2251, 334.9341, -3.366412, 1.610687, 1.427481],
[0, 0, 0, 0, 0, 263.7704, 94.48832, 323.3832, -3.465649, 1.282443, 0.4961832, 213.0031, 125.997, 334.5436, -4.587786, 1.48855, 1.122137],
[0, 0, 0, 0, 0, 263.3765, 94.89336, 322.7578, -3.992366, 2.0, -0.9312977, 213.2382, 125.8843, 334.4365, -2.183206, 1.763359, 1.793893],
[0, 0, 0, 0, 0, 262.9192, 95.21429, 322.9032, -2.122137, 2.312977, 0.351145, 212.9941, 125.2112, 335.1876, -3.160305, 1.48855, 0.870229],
[0, 0, 0, 0, 0, 264.3922, 94.1833, 322.3394, -1.51145, 1.51145, 0.5648855, 212.6631, 125.9021, 334.9077, -2.748092, 0.9312977, 0.2442748],
[0, 0, 0, 0, 0, 265.3946, 93.31156, 323.1225, -4.801527, 1.648855, 0.9541985, 213.0768, 124.7193, 335.5151, -3.068702, 0.6564885, 1.541985],
[0, 0, 0, 0, 0, 263.5854, 94.63875, 323.3101, -3.839695, 2.083969, 0.5114504, 212.6802, 125.2403, 335.4249, -1.656489, 1.167939, 1.687023],
[0, 0, 0, 0, 0, 264.196, 94.29979, 322.5613, -2.740458, 2.030534, 0.7251908, 212.5993, 125.6846, 335.1364, -3.625954, 0.3740458, 1.29771],
[0, 0, 0, 0, 0, 264.2236, 94.24632, 322.7673, -2.40458, 2.152672, 0.480916, 212.8828, 125.2043, 335.2858, -2.19084, 0.610687, 1.343511],
[0, 0, 0, 0, 0, 265.2563, 93.48907, 322.5466, -4.251908, 2.694656, 0.480916, 212.3511, 125.419, 335.5556, -3.381679, 0.9770992, 1.870229],
[0, 0, 0, 0, 0, 264.134, 94.32959, 322.6728, -4.572519, 1.053435, -0.3282443, 212.458, 125.3986, 335.4831, -0.7022901, 2.045802, 1.10687],
[0, 0, 0, 0, 0, 260.2941, 97.11459, 323.2796, -5.221374, 3.40458, 1.19084, 210.0074, 126.5273, 336.6483, -3.549618, 1.274809, 3.572519],
[0, 0, 0, 0, 0, 261.5248, 96.34277, 322.6057, -1.862595, 3.221374, 2.320611, 211.5732, 127.2524, 334.7533, -4.480916, 0.1068702, 1.045802],
[0, 0, 0, 0, 0, 260.8844, 96.69073, 323.1954, -4.687023, 0.9541985, 0.07633588, 210.1276, 126.6797, 336.4316, -0.778626, 1.496183, 1.167939],
[0, 0, 0, 0, 0, 260.8387, 96.7492, 323.0977, -4.435114, 1.610687, -1.259542, 210.9211, 126.873, 335.6113, -1.503817, 1.59542, 0.9160305],
[0, 0, 0, 0, 0, 261.4777, 96.26321, 323.1084, -2.725191, 1.473282, 1.198473, 210.2508, 127.4906, 335.7036, -3.458015, 0.832061, 0.8396947],
[0, 0, 0, 0, 0, 264.0397, 94.40534, 322.6499, -4.961832, 2.40458, 0.9541985, 209.6913, 127.532, 336.1515, -3.267176, 1.870229, 1.549618],
[0, 0, 0, 0, 0, 262.4063, 95.69499, 322.4619, -2.40458, 2.068702, 0.05343511, 209.9855, 127.104, 336.2276, -1.984733, 1.053435, 1.10687],
[0, 0, 0, 0, 0, 262.4235, 95.55919, 323.0581, -2.442748, 0.9236641, -0.4274809, 210.9481, 127.0345, 335.4619, -1.045802, 0.9923664, 0.7099237],
[0, 0, 0, 0, 0, 263.1177, 95.20718, 322.1388, -5.572519, 2.496183, 1.259542, 210.671, 127.0136, 335.7144, -2.748092, 0.7480916, 0.129771],
[0, 0, 0, 0, 0, 262.8151, 95.57396, 321.4842, -3.839695, 1.564886, 0.740458, 210.1991, 126.9143, 336.1918, -2.977099, 1.419847, 1.022901],
[0, 0, 0, 0, 0, 260.7043, 96.99131, 322.5402, -3.320611, 2.10687, 0.5877862, 210.1258, 126.9486, 336.2276, -2.603053, 0.7633588, 0.778626],
[0, 0, 0, 0, 0, 262.3631, 95.92005, 321.5539, -3.358779, 2.832061, 1.442748, 209.9946, 126.8425, 336.4195, -4.931298, 0.3816794, 2.083969],
[0, 0, 0, 0, 0, 262.6606, 95.58078, 322.055, -1.679389, 2.465649, 0.8091603, 210.1605, 127.0637, 336.1099, -2.022901, 0.1450382, 1.045802],
[0, 0, 0, 0, 0, 262.782, 95.64442, 321.2674, -1.290076, 0.9465649, 0.832061, 209.4284, 127.0787, 336.7188, -1.770992, 0.5725191, 0.3282443],
[0, 0, 0, 0, 0, 261.7462, 96.4136, 321.5474, -2.778626, 1.183206, -0.01526718, 209.645, 127.6924, 336.0688, -1.824428, 1.755725, 0.648855],
[0, 0, 0, 0, 0, 261.6274, 96.41831, 321.9339, -3.641221, 2.083969, 0.3129771, 209.9224, 127.3457, 336.0964, -2.343511, 1.740458, 1.236641],
[0, 0, 0, 0, 0, 262.3617, 95.95848, 321.3797, -3.885496, 1.961832, 0.2137404, 208.9893, 127.1194, 337.0589, -1.229008, 0.5954198, 1.48855],
[0, 0, 0, 0, 0, 262.6225, 95.80291, 321.1229, -2.312977, 0.9389313, 0.4045802, 209.1184, 127.4653, 336.6912, -2.435115, 0.8549618, 0.480916],
[0, 0, 0, 0, 0, 262.344, 95.92843, 321.586, -3.183206, 1.824428, -0.6030535, 209.6864, 127.5167, 336.1673, -1.175573, 1.572519, 1.48855],
[0, 0, 0, 0, 0, 263.2579, 95.32233, 320.9496, -3.984733, 2.427481, -0.3129771, 209.3044, 127.3256, 336.638, -3.19084, 1.694656, 1.496183],
[0, 0, 0, 0, 0, 263.4124, 95.03918, 321.7999, -2.267176, 2.015267, -0.6717557, 209.1914, 128.0943, 336.1537, -2.679389, 1.587786, 1.89313],
[0, 0, 0, 0, 0, 262.9003, 95.59983, 321.0155, -4.282443, 1.717557, 0.7557252, 209.4238, 127.2392, 336.6017, -1.206107, 1.442748, 0.9923664],
[0, 0, 0, 0, 0, 262.6425, 95.69945, 321.5442, -4.580153, 1.59542, -1.862595, 209.9472, 127.0182, 336.3256, -0.6412213, 3.366412, 1.755725],
[0, 0, 0, 0, 0, 261.8165, 96.27134, 321.9255, -3.557252, 2.19084, 0.04580153, 209.8558, 126.6762, 336.6625, -4.015267, 1.732824, 1.59542],
[0, 0, 0, 0, 0, 261.8886, 96.33029, 321.4141, -1.839695, 1.641221, -0.05343511, 209.4652, 127.2571, 336.5531, -1.335878, 0.3816794, 1.458015],
[0, 0, 0, 0, 0, 261.8608, 96.31872, 321.5626, -2.725191, 2.083969, -0.1984733, 209.346, 127.2851, 336.6332, -2.335878, 1.40458, 1.580153],
[0, 0, 0, 0, 0, 262.323, 95.80729, 322.2338, -3.59542, 1.900763, 0.129771, 209.7718, 126.6509, 336.7522, -2.603053, 1.51145, 1.29771],
[0, 0, 0, 0, 0, 261.2317, 96.70259, 322.0476, -4.48855, 1.900763, 0.7328244, 210.0849, 126.8531, 336.3352, -2.656489, 1.450382, 0.9007633],
[0, 0, 0, 0, 0, 262.2848, 96.01837, 321.3883, -4.557252, 2.793893, 0.5343512, 209.6248, 126.867, 336.7125, -2.648855, 1.053435, 1.770992],
[0, 0, 0, 0, 0, 262.3641, 96.0597, 320.9024, -3.877863, 1.664122, 0.8167939, 209.7526, 127.2843, 336.288, -2.824427, 1.687023, 0.9236641],
[0, 0, 0, 0, 0, 261.7412, 96.64061, 320.5949, -3.152672, 1.282443, 0.4961832, 209.1552, 127.5736, 336.5784, -2.091603, 1.274809, 0.5419847],
[0, 0, 0, 0, 0, 261.4287, 96.774, 321.1042, -3.358779, 1.732824, -0.4503817, 209.5669, 126.5848, 336.9734, -1.916031, 1.59542, 1.267176],
[0, 0, 0, 0, 0, 261.4981, 96.7119, 321.1286, -1.435114, 1.480916, -0.2519084, 209.3269, 127.1901, 336.7208, -2.709924, 1.503817, 1.80916],
[0, 0, 0, 0, 0, 262.3277, 96.0707, 320.9882, -1.366412, 1.274809, 1.145038, 209.0026, 127.4095, 336.8315, -3.183206, 0.1984733, 0.9236641],
[0, 0, 0, 0, 0, 261.5835, 96.65626, 321.0716, -4.412214, 3.725191, 1.625954, 209.2012, 127.2489, 336.7832, -3.541985, 0.4656488, 1.580153],
[0, 0, 0, 0, 0, 262.7798, 95.78876, 320.5739, 0.1221374, -0.9923664, -1.870229, 209.0674, 127.0085, 337.0757, 1.061069, 2.854962, 0.4198473],
[0, 0, 0, 0, 0, 259.5296, 98.17787, 321.5779, 2.908397, 1.618321, 0.6335878, 209.0529, 126.5449, 337.4315, -3.778626, -1.687023, 1.21374],
[0, 0, 0, 0, 0, 262.3771, 96.1279, 320.5417, -3.099237, 1.824428, -0.08396947, 209.4134, 127.2655, 336.5907, -2.053435, 1.641221, 2.290076],
[0, 0, 0, 0, 0, 264.1155, 94.67616, 320.6474, -0.6183206, 2.694656, -2.183206, 210.2147, 127.4294, 335.782, -3.648855, 2.541985, 3.709924],
[0, 0, 0, 0, 0, 263.0677, 95.51791, 320.7425, -1.70229, 1.923664, -1.374046, 209.445, 126.9686, 336.7875, -1.839695, 3.129771, 2.282443],
[0, 0, 0, 0, 0, 266.1983, 92.95076, 320.8099, -4.175572, -0.2824428, 0.8549618, 210.8598, 126.8624, 335.6716, -1.900763, -0.2366412, 0.5801527],
[0, 0, 0, 0, 0, 262.4457, 95.77324, 321.9388, -4.167939, 0.610687, -0.389313, 210.4137, 126.8427, 336.0651, -2.847328, 2.335878, 0.9923664],
[0, 0, 0, 0, 0, 264.3858, 94.39067, 321.0452, -7.38168, -2.083969, 0.4885496, 212.1193, 126.3221, 335.03, -2.885496, 0.6030535, 1.969466],
[0, 0, 0, 0, 0, 261.5978, 96.22651, 322.8695, -5.351145, 3.114504, -0.6717557, 211.1967, 125.9019, 336.1358, -3.839695, 2.320611, 2.152672],
[0, 0, 0, 0, 0, 263.4238, 94.87807, 322.6415, -7.374046, 2.816794, 1.931298, 211.5965, 126.474, 335.3519, -4.129771, 1.259542, 1.312977],
[0, 0, 0, 0, 0, 266.2465, 92.83441, 321.5405, -4.740458, 1.015267, 1.740458, 211.571, 126.5203, 335.3369, -3.633588, 0.8244275, 2.419847],
[0, 0, 0, 0, 0, 265.0214, 93.8833, 320.9973, -3.519084, 0.778626, -0.9083969, 209.5339, 126.8009, 336.8388, -7.374046, 2.091603, -0.2671756],
[0, 0, 0, 0, 0, 262.7759, 95.59958, 321.5122, -2.045802, 3.435115, 2.351145, 210.758, 127.3223, 335.3992, -5.274809, 0.3816794, 0.1755725],
[0, 0, 0, 0, 0, 256.7417, 100.1986, 322.1811, 2.053435, 3.022901, 7.160306, 207.8863, 123.1393, 340.7626, -3.259542, -0.9465649, -1.137405],
[0, 0, 0, 0, 0, 265.4225, 93.50819, 321.387, 8.274809, 6.229008, 1.251908, 208.626, 127.7701, 336.8838, -1.557252, -5.496183, 4.427481],
[0, 0, 0, 0, 0, 269.2, 90.47114, 322.5961, 4.053435, 1.175573, -3.709924, 210.9002, 128.2812, 334.5185, -1.038168, 0.610687, 0.3053435],
[0, 0, 0, 0, 0, 265.6274, 93.42147, 320.7648, -3.80916, -3.083969, -1.755725, 209.9919, 126.8586, 336.4095, -2.977099, 8.267176, 1.007634],
[0, 0, 0, 0, 0, 265.1259, 93.82781, 320.7871, -3.198473, 0.7557252, 0.6641222, 209.9357, 126.867, 336.4505, -1.977099, 1.312977, 0.3053435],
[0, 0, 0, 0, 0, 264.2848, 94.49184, 320.9252, -4.946565, 1.389313, 1.053435, 209.4847, 126.1114, 337.3949, -4.625954, 1.778626, 0.01526718],
[0, 0, 0, 0, 0, 264.5732, 94.30782, 320.6011, -7.496183, 1.366412, -1.442748, 209.2314, 125.9688, 337.7087, -5.0, 1.580153, 1.931298],
[0, 0, 0, 0, 0, 267.3977, 91.97742, 320.7673, -1.305344, 1.748092, -0.8244275, 209.7396, 125.9616, 337.2964, -0.8396947, 1.435114, 0.8625955],
[0, 0, 0, 0, 0, 265.7576, 93.27326, 321.1142, -5.862596, 1.877863, 1.038168, 209.49, 126.6581, 336.9827, -3.068702, 1.931298, 1.358779],
[0, 0, 0, 0, 0, 265.9762, 93.1536, 320.6188, -2.221374, 2.618321, 0.4580153, 209.6846, 126.0865, 337.2485, -2.091603, 0.5954198, 2.351145],
[0, 0, 0, 0, 0, 265.3861, 93.61239, 320.8111, -4.076336, 1.587786, 0.6030535, 209.9208, 126.1315, 337.0194, -1.259542, 1.061069, 0.778626],
[0, 0, 0, 0, 0, 265.5847, 93.47655, 320.6049, -3.0, 2.068702, 0.3816794, 209.5758, 126.1381, 337.2998, -2.603053, 1.374046, 1.427481],
[0, 0, 0, 0, 0, 266.012, 93.21769, 319.8089, -3.580153, 1.564886, 0.9236641, 209.7818, 126.4414, 336.9017, -3.122137, 0.8625955, 0.7633588],
[0, 0, 0, 0, 0, 266.0831, 93.10875, 320.2384, -2.396947, 2.908397, -0.6030535, 209.1308, 126.4181, 337.4605, -2.061069, 1.839695, 1.938931],
[0, 0, 0, 0, 0, 266.0021, 93.12769, 320.6602, -4.664122, 2.70229, 0.09160305, 209.8272, 126.3853, 336.9061, -3.21374, 1.045802, 2.0],
[0, 0, 0, 0, 0, 266.6009, 92.65334, 320.4959, -3.572519, 0.6412213, -0.5496183, 210.1686, 125.6674, 337.1644, -2.587786, 2.48855, 1.099237],
[0, 0, 0, 0, 0, 265.642, 93.45717, 320.3841, -4.015267, 2.549618, -0.04580153, 210.2994, 126.0539, 336.7643, -3.603053, 1.847328, 1.954198],
[0, 0, 0, 0, 0, 265.1308, 93.73805, 321.4099, -4.442748, 3.045802, 0.01526718, 210.9402, 125.3398, 336.7809, -3.381679, 1.664122, 1.816794],
[0, 0, 0, 0, 0, 264.4615, 94.34505, 320.9459, -3.030534, 2.068702, 1.923664, 210.0837, 126.0507, 336.9455, -4.114504, -0.02290076, 0.6335878],
[0, 0, 0, 0, 0, 264.7504, 94.17624, 320.5082, -4.068702, 3.641221, 0.2137404, 209.6081, 125.6755, 337.617, -3.847328, 1.274809, 2.572519],
[0, 0, 0, 0, 0, 265.8172, 93.21908, 321.1658, -4.839694, 3.503817, 0.5801527, 210.0311, 125.8779, 337.1191, -4.061069, 1.48855, 1.610687],
[0, 0, 0, 0, 0, 264.0697, 94.4322, 322.3418, -5.496183, 4.740458, -0.4045802, 210.5628, 125.9344, 336.637, -3.206107, 1.030534, 2.80916],
[0, 0, 0, 0, 0, 264.9777, 93.9995, 320.4346, -1.877863, 1.519084, 1.099237, 210.38, 125.763, 336.9185, -2.656489, 0.01526718, 0.5419847],
[0, 0, 0, 0, 0, 264.377, 94.52109, 320.2804, -2.19084, 1.267176, 0.03816794, 210.1063, 125.4114, 337.4074, -2.656489, 1.679389, 0.7862596],
[0, 0, 0, 0, 0, 265.7913, 93.30398, 320.6297, -1.244275, 0.7099237, 2.351145, 209.1475, 126.1754, 337.6256, -3.229008, -0.5954198, -1.625954],
[0, 0, 0, 0, 0, 266.7118, 92.58187, 320.2854, -5.70229, 3.251908, 0.5648855, 209.0187, 126.6576, 337.3767, -3.435115, 2.206107, 1.854962],
[0, 0, 0, 0, 0, 266.1139, 93.07018, 320.3543, -4.19084, 2.458015, 0.4503817, 208.8823, 125.6901, 338.1973, -2.885496, 2.076336, 0.8625955],
[0, 0, 0, 0, 0, 266.3983, 92.85143, 320.1938, -5.236641, 2.458015, 0.1984733, 209.7726, 126.1041, 337.1626, -3.70229, 1.717557, 2.236641],
[0, 0, 0, 0, 0, 266.0606, 93.21238, 319.5007, -1.877863, 1.045802, 0.9694656, 209.2759, 125.8548, 337.7563, -2.030534, -0.1068702, 0.259542],
[0, 0, 0, 0, 0, 265.3244, 93.79036, 319.8651, -3.763359, 2.419847, 0.1068702, 209.4973, 126.4812, 337.109, -3.206107, 1.274809, 1.984733],
[0, 0, 0, 0, 0, 264.3318, 94.48898, 320.7071, -1.954198, 0.870229, 0.4580153, 209.0506, 126.2805, 337.6283, -2.687023, 0.5954198, -0.09923664],
[0, 0, 0, 0, 0, 264.0311, 94.87944, 319.8731, -0.9847328, 0.5419847, -0.6946565, 208.6411, 126.7067, 337.6552, 0.02290076, 1.10687, 1.549618],
[0, 0, 0, 0, 0, 265.8773, 93.28074, 320.2309, -6.198473, 2.908397, -0.5954198, 207.9434, 127.0318, 338.0011, -2.885496, 2.358779, 2.534351],
[0, 0, 0, 0, 0, 263.9176, 94.94582, 320.0383, -3.839695, 3.259542, -0.3053435, 209.3727, 127.147, 336.7145, -2.312977, 2.10687, 2.671756],
[0, 0, 0, 0, 0, 265.2173, 93.83796, 320.1716, -2.152672, 1.740458, 0.7633588, 209.6112, 126.1709, 337.2461, -1.465649, 0.2900764, 0.832061],
[0, 0, 0, 0, 0, 265.6932, 93.48441, 319.8274, -3.015267, 0.7557252, 0.4045802, 208.9603, 127.1786, 337.0394, -2.091603, 1.320611, 0.5496183],
[0, 0, 0, 0, 0, 265.9267, 93.26678, 320.0007, -6.007634, 2.480916, -0.129771, 209.5606, 126.9084, 336.7355, -2.603053, 1.603053, 1.335878],
[0, 0, 0, 0, 0, 264.5873, 94.40124, 319.9315, -1.832061, 1.335878, -0.4503817, 210.0082, 126.4223, 336.7272, -2.862595, 1.343511, 2.114504],
[0, 0, 0, 0, 0, 266.0811, 93.18446, 319.5906, -2.900763, 1.526718, -0.5572519, 208.7985, 126.8999, 337.3819, -1.236641, 1.870229, 1.259542],
[0, 0, 0, 0, 0, 265.2871, 93.75243, 320.3718, -4.099236, 1.412214, -0.2366412, 209.657, 126.7155, 336.7997, -2.503817, 2.022901, 1.496183],
[0, 0, 0, 0, 0, 264.6311, 94.28836, 320.4188, -4.877862, 2.236641, -0.1832061, 209.4398, 126.7952, 336.9221, -2.961832, 2.465649, 1.267176],
[0, 0, 0, 0, 0, 264.4878, 94.40513, 320.4302, -3.038168, 1.618321, 0.4045802, 210.487, 125.8768, 336.7438, -4.541985, 1.496183, 0.9770992],
[0, 0, 0, 0, 0, 266.2093, 92.97757, 320.4793, 2.358779, 1.496183, -0.9312977, 209.7873, 126.2207, 337.0631, -2.687023, 1.664122, 2.587786],
[0, 0, 0, 0, 0, 264.2036, 94.69451, 320.1064, -2.824427, 1.641221, 0.1984733, 209.7922, 125.9859, 337.235, -1.793893, 1.572519, 1.534351],
[0, 0, 0, 0, 0, 265.6269, 93.38501, 321.0621, -1.022901, 0.6793893, -1.877863, 210.116, 126.1306, 336.8583, -1.251908, 2.755725, 1.824428],
[0, 0, 0, 0, 0, 265.747, 93.38555, 320.26, -4.549618, 1.221374, 0.1374046, 210.3308, 126.1806, 336.6419, -1.900763, 2.480916, 1.221374],
[0, 0, 0, 0, 0, 264.9248, 94.09376, 320.0908, -4.030534, 1.900763, 0.1984733, 209.8725, 125.9149, 337.2219, -3.625954, 1.59542, 1.129771],
[0, 0, 0, 0, 0, 262.9045, 95.72935, 320.362, 0.1068702, 1.389313, -0.3358779, 209.1717, 126.4185, 337.4263, -2.961832, 1.236641, 1.656489],
[0, 0, 0, 0, 0, 262.246, 96.24365, 320.5082, -8.053435, 5.282443, 3.259542, 208.6388, 123.4854, 339.9565, -7.709924, -0.3740458, 3.145038],
[0, 0, 0, 0, 0, 261.8316, 96.35486, 321.5063, -4.763359, 1.343511, 0.3740458, 208.9561, 122.8343, 340.1706, -4.694656, 1.503817, 2.290076],
[0, 0, 0, 0, 0, 261.6908, 96.41365, 321.7377, -4.862596, 4.541985, -1.152672, 209.0369, 123.007, 339.989, -1.412214, 0.2824428, 3.419847],
[0, 0, 0, 0, 0, 259.2551, 98.0782, 322.6589, -4.908397, 2.633588, -1.763359, 208.7476, 123.4101, 339.9261, -8.412213, 3.244275, 4.374046],
[0, 0, 0, 0, 0, 261.6219, 96.0776, 323.4503, 0.129771, -4.435114, 3.824427, 209.2273, 123.8876, 339.2203, -2.916031, 0.351145, 0.3664122],
[0, 0, 0, 0, 0, 264.4742, 94.35031, 320.8467, 5.496183, -2.954198, -9.572519, 208.0088, 123.5394, 340.3982, -0.3206107, 2.442748, 1.343511],
[0, 0, 0, 0, 0, 263.4271, 95.398, 319.8269, -18.28244, 12.98473, 0.6717557, 207.5204, 123.5309, 340.7737, -6.0, 3.78626, 4.954198],
[0, 0, 0, 0, 0, 257.0141, 100.3448, 321.1771, -24.16031, 12.89313, -4.290076, 208.7653, 124.1923, 339.3628, -9.290076, -0.4274809, 2.412214],
[0, 0, 0, 0, 0, 261.0029, 96.55524, 323.3865, -1.709924, 2.618321, 1.198473, 208.6567, 123.9438, 339.6221, -2.748092, 0.9923664, 2.229008],
[0, 0, 0, 0, 0, 260.0659, 97.44421, 322.6906, -4.419847, 1.816794, -0.3740458, 208.6671, 123.8631, 339.6707, -3.030534, 1.572519, 1.725191],
[0, 0, 0, 0, 0, 259.7994, 97.54355, 323.0751, -4.21374, 2.366412, 0.5267176, 208.3631, 124.0252, 339.7919, -3.343511, 1.114504, 1.59542],
[0, 0, 0, 0, 0, 261.4148, 96.48831, 322.3462, -5.045802, 2.450382, 1.21374, 208.0291, 124.341, 339.8313, -4.847328, 1.282443, 2.007634],
[0, 0, 0, 0, 0, 261.8259, 96.2185, 322.1264, -2.335878, 1.007634, 0.5954198, 207.4433, 124.5753, 340.1257, -2.343511, 1.526718, 0.6946565],
[0, 0, 0, 0, 0, 261.4091, 96.4498, 322.5289, -1.534351, 1.564886, 0.4503817, 208.0851, 124.6979, 339.5396, -1.709924, 0.7251908, 1.122137],
[0, 0, 0, 0, 0, 261.0193, 96.65355, 322.928, -4.061069, 2.206107, -0.3053435, 207.7175, 125.0439, 339.5887, -2.305344, 1.938931, 1.51145],
[0, 0, 0, 0, 0, 259.4195, 97.91997, 322.7682, -3.21374, 0.6259542, -0.8473283, 207.6515, 124.5953, 339.9498, -1.870229, 2.053435, 0.9083969],
[0, 0, 0, 0, 0, 260.7177, 97.13379, 321.9405, 0.9847328, -1.320611, 3.061069, 208.3967, 123.3834, 340.2113, -3.068702, 3.19084, 0.1526718],
[0, 0, 0, 0, 0, 259.6971, 97.6449, 322.9898, -2.740458, 3.732824, 0.6564885, 207.706, 124.2392, 340.1515, -4.335878, 1.030534, 2.793893],
[0, 0, 0, 0, 0, 260.6579, 97.23542, 321.7307, -3.961832, 3.984733, 1.038168, 208.0598, 124.615, 339.6172, -3.664122, 1.290076, 2.679389],
[0, 0, 0, 0, 0, 262.3427, 95.75877, 322.3917, -3.458015, 1.175573, 0.9312977, 207.9575, 123.6455, 340.3646, -3.458015, 1.717557, 0.07633588],
[0, 0, 0, 0, 0, 260.4583, 96.98926, 323.286, 0.778626, 0.5877862, 1.526718, 208.0212, 124.1898, 339.9419, -2.183206, -0.1679389, 0.9770992],
[0, 0, 0, 0, 0, 260.1038, 97.55075, 322.1887, -3.793893, 2.961832, 0.4351145, 208.1776, 124.3618, 339.7014, -2.694656, 0.5801527, 2.236641],
[0, 0, 0, 0, 0, 262.4836, 95.79998, 321.6685, -3.091603, 2.10687, 0.4045802, 208.867, 124.0469, 339.3866, -2.389313, 1.320611, 1.656489],
[0, 0, 0, 0, 0, 260.6727, 96.98104, 322.6769, -1.473282, 2.358779, -0.351145, 208.8263, 123.741, 339.6339, -2.564885, 1.137405, 1.900763],
[0, 0, 0, 0, 0, 262.8735, 95.48749, 321.6839, -4.374046, 1.564886, 0.01526718, 208.7222, 124.1168, 339.4496, -1.984733, 1.770992, 1.717557],
[0, 0, 0, 0, 0, 261.2965, 96.67334, 321.9578, -2.70229, 0.2366412, 0.7938931, 208.9239, 124.2594, 339.1916, -1.022901, 0.7251908, -0.1755725],
[0, 0, 0, 0, 0, 261.8457, 96.10602, 322.5605, -3.969466, 2.236641, 0.3969466, 209.4975, 124.1002, 338.8574, -2.732824, 1.70229, 1.709924],
[0, 0, 0, 0, 0, 262.066, 96.21392, 321.2982, -3.465649, 2.503817, 0.03816794, 208.8722, 123.7569, 339.5874, -3.40458, 1.122137, 2.045802],
[0, 0, 0, 0, 0, 260.3294, 97.35089, 322.276, -2.29771, 1.847328, 0.4045802, 208.6519, 124.0778, 339.5316, -2.656489, 0.7938931, 1.755725],
[0, 0, 0, 0, 0, 261.9703, 96.35509, 321.016, -0.9312977, 0.4503817, 0.1908397, 208.5463, 124.1954, 339.531, -2.091603, 0.8931297, 0.4427481],
[0, 0, 0, 0, 0, 261.8845, 96.42328, 321.0226, -5.08397, 0.7862596, -0.4351145, 208.6074, 124.3304, 339.3884, -1.78626, 1.145038, 1.053435],
[0, 0, 0, 0, 0, 260.2747, 97.55438, 321.6779, -4.38168, 1.862595, -0.832061, 209.0892, 123.3949, 339.6764, -1.740458, 2.580153, 1.687023],
[0, 0, 0, 0, 0, 260.9471, 96.90145, 322.1463, -5.412214, 3.793893, 0.7938931, 207.9898, 124.2769, 339.906, -4.068702, 1.038168, 2.221374],
[0, 0, 0, 0, 0, 261.163, 96.93357, 321.3286, -0.8778625, 0.832061, 0.6870229, 207.6899, 124.577, 339.9325, -2.366412, 0.4580153, 0.740458],
[0, 0, 0, 0, 0, 261.73, 96.31408, 322.0365, -3.824427, 2.038168, 0.3816794, 208.5343, 124.5173, 339.3138, -4.0, 2.015267, 1.534351],
[0, 0, 0, 0, 0, 260.4334, 97.56513, 321.1668, -2.854962, 1.465649, 0.7709923, 208.3204, 123.9239, 339.8952, -1.419847, 1.167939, 0.6793893],
[0, 0, 0, 0, 0, 261.822, 96.56046, 320.6524, -3.946565, 1.946565, 0.3358779, 208.5431, 123.7611, 339.8375, -2.977099, 2.007634, 1.847328],
[0, 0, 0, 0, 0, 260.753, 97.22325, 321.4852, -4.633588, 1.931298, -0.4122138, 208.4369, 124.2362, 339.5874, -3.259542, 1.679389, 1.412214],
[0, 0, 0, 0, 0, 260.492, 97.27569, 322.0784, -2.885496, 0.2519084, -0.3358779, 208.9567, 123.4447, 339.7424, -0.9160305, 1.549618, -0.4656488],
[0, 0, 0, 0, 0, 261.6238, 96.56735, 321.3091, -4.320611, 2.778626, 1.244275, 208.4057, 123.9146, 339.836, -4.450382, 1.419847, 1.740458],
[0, 0, 0, 0, 0, 261.2545, 96.83615, 321.4253, -3.305344, 1.931298, 1.114504, 208.5637, 123.7597, 339.8225, -3.687023, 0.5725191, 0.9465649],
[0, 0, 0, 0, 0, 261.4163, 96.90774, 320.599, -1.59542, 1.251908, 0.2442748, 207.8436, 124.3101, 339.9965, -2.427481, 1.343511, 0.961832],
[0, 0, 0, 0, 0, 262.4285, 95.97522, 321.051, -2.496183, 1.793893, -0.0610687, 208.0978, 124.0579, 339.9739, -2.076336, 1.946565, 1.122137],
[0, 0, 0, 0, 0, 260.4261, 97.62243, 320.9772, -4.290076, 2.671756, -0.4045802, 208.1535, 123.9728, 339.9897, -2.21374, 2.19084, 1.801527],
[0, 0, 0, 0, 0, 260.466, 97.53455, 321.182, -4.259542, 2.931298, 0.2824428, 208.6628, 124.2976, 339.3683, -3.374046, 1.641221, 2.229008],
[0, 0, 0, 0, 0, 260.9804, 97.23968, 320.7075, -3.083969, 0.9465649, 0.1908397, 208.567, 124.0395, 339.6243, -2.900763, 1.763359, 0.9312977],
[0, 0, 0, 0, 0, 260.8509, 97.15772, 321.4348, -1.946565, 0.8778625, -0.1068702, 208.4133, 124.2345, 339.6069, -1.969466, 1.389313, 1.358779],
[0, 0, 0, 0, 0, 261.3683, 96.79009, 321.239, -3.10687, 1.671756, 0.04580153, 208.0937, 123.9415, 340.0573, -2.496183, 1.496183, 1.343511],
[0, 0, 0, 0, 0, 265.0198, 93.98257, 320.3108, -3.358779, 2.145038, 0.01526718, 208.9876, 126.8787, 337.2392, -2.877863, 0.9694656, 1.206107],
[0, 0, 0, 0, 0, 265.4899, 93.5327, 320.773, -1.435114, 0.8244275, 0.8549618, 208.7176, 126.8201, 337.5083, -2.877863, 0.2137404, 0.0610687],
[0, 0, 0, 0, 0, 265.6101, 93.4329, 320.7871, -2.160305, 2.480916, -0.1984733, 208.1632, 127.1775, 337.7115, -2.977099, 1.351145, 1.816794],
[0, 0, 0, 0, 0, 265.7718, 93.31589, 320.6632, -3.641221, 1.908397, -0.2137404, 208.7713, 126.8613, 337.4332, -2.458015, 1.29771, 1.198473],
[0, 0, 0, 0, 0, 266.3389, 92.92982, 319.9213, -3.29771, 2.442748, 0.3282443, 209.1261, 126.9589, 337.0633, -2.633588, 0.832061, 1.587786],
[0, 0, 0, 0, 0, 266.0537, 93.09555, 320.5704, -3.946565, 2.755725, -0.07633588, 209.1985, 126.5592, 337.2997, -1.847328, 1.312977, 1.641221],
[0, 0, 0, 0, 0, 266.3779, 92.77333, 321.1147, -3.40458, 2.19084, -0.5267176, 209.6496, 126.7539, 336.777, -2.21374, 2.29771, 2.305344],
[0, 0, 0, 0, 0, 265.9519, 93.30012, 319.5422, -2.312977, 2.290076, 0.9160305, 209.8558, 126.7177, 336.6312, -2.519084, 1.465649, 0.9923664],
[0, 0, 0, 0, 0, 268.7533, 90.91949, 319.4239, 1.183206, 0.04580153, -1.748092, 209.1505, 126.7093, 337.2284, -1.648855, 2.19084, 2.076336],
[0, 0, 0, 0, 0, 267.3663, 92.00149, 320.7875, -4.908397, 0.03053435, -1.40458, 209.3674, 127.0804, 336.769, -2.320611, 3.022901, 1.709924],
[0, 0, 0, 0, 0, 266.0872, 93.04423, 320.7832, -1.381679, 0.6412213, -0.740458, 208.813, 127.6613, 336.805, -3.175573, 1.610687, 1.694656],
[0, 0, 0, 0, 0, 267.3445, 91.99062, 321.1723, -3.160305, 2.251908, 0.08396947, 209.5645, 126.6733, 336.909, -2.335878, 1.152672, 1.389313],
[0, 0, 0, 0, 0, 266.209, 92.90524, 321.1535, -3.312977, 0.8015267, 0.4961832, 209.1024, 126.8919, 337.133, -3.862595, 1.694656, 0.7633588],
[0, 0, 0, 0, 0, 266.4502, 92.71843, 321.0807, -4.473282, 2.244275, -0.1068702, 209.7522, 126.6252, 336.788, -3.068702, 2.259542, 1.572519],
[0, 0, 0, 0, 0, 266.6608, 92.58018, 320.7461, -3.366412, 2.59542, 0.2900764, 209.4968, 126.6676, 336.9699, -2.335878, 0.9541985, 1.748092],
[0, 0, 0, 0, 0, 266.1969, 93.00702, 320.3038, -2.618321, 1.755725, 0.0, 209.264, 126.9226, 336.9744, -3.816794, 1.519084, 1.389313],
[0, 0, 0, 0, 0, 266.8372, 92.45059, 320.5864, -2.160305, 2.465649, -0.2824428, 209.5856, 126.8721, 336.7417, -2.320611, 1.122137, 1.923664],
[0, 0, 0, 0, 0, 266.8121, 92.44103, 320.92, -4.496183, 3.671756, 0.7862596, 209.7453, 127.1562, 336.3917, -3.145038, 0.389313, 1.885496],
[0, 0, 0, 0, 0, 267.776, 91.69544, 320.348, -1.954198, 1.083969, 0.4885496, 208.7719, 127.877, 336.679, -1.80916, 0.6183206, 1.099237],
[0, 0, 0, 0, 0, 266.5931, 92.64037, 320.6948, -2.992366, 1.091603, 0.2671756, 209.2129, 128.2839, 335.9907, -2.183206, 1.59542, 0.7938931],
[0, 0, 0, 0, 0, 266.6559, 92.715, 319.3959, -2.282443, 1.717557, 0.3969466, 209.3522, 127.0751, 336.7858, -3.267176, 1.244275, 1.740458],
[0, 0, 0, 0, 0, 266.9593, 92.40589, 319.9508, -3.435115, 1.206107, 1.114504, 208.4762, 126.74, 337.7682, -2.48855, 0.8854962, 0.2213741],
[0, 0, 0, 0, 0, 266.8956, 92.56979, 318.7468, -3.694656, 1.770992, -0.1526718, 207.636, 127.4492, 337.9589, -1.358779, 2.038168, 1.312977],
[0, 0, 0, 0, 0, 267.7115, 91.81403, 319.3599, -6.625954, 3.549618, 0.5572519, 207.6848, 127.8883, 337.6008, -2.78626, 2.648855, 2.59542],
[0, 0, 0, 0, 0, 269.4956, 90.29032, 319.0399, -1.587786, 1.946565, -0.06870229, 210.008, 127.5803, 335.8429, -2.328244, 1.145038, 1.687023],
[0, 0, 0, 0, 0, 267.2947, 92.16051, 319.4933, -4.633588, 2.778626, 1.931298, 209.4629, 127.2539, 336.5574, -4.801527, 0.007633588, 1.099237],
[0, 0, 0, 0, 0, 267.4063, 92.03017, 319.9592, -3.832061, 1.641221, -0.0610687, 209.1327, 127.0434, 336.9948, -3.541985, 1.778626, 1.396947],
[0, 0, 0, 0, 0, 268.3584, 91.23897, 319.806, -3.0, 2.259542, 0.1603053, 209.727, 126.6256, 336.8088, -2.70229, 0.8473283, 1.59542],
[0, 0, 0, 0, 0, 266.7783, 92.55012, 320.0332, -1.89313, 1.740458, -0.5648855, 209.9073, 126.6142, 336.6663, -2.717557, 1.137405, 1.664122],
[0, 0, 0, 0, 0, 267.0548, 92.24848, 320.8692, -2.427481, 2.053435, -0.1984733, 209.8574, 126.8173, 336.5542, -3.0, 1.633588, 1.664122],
[0, 0, 0, 0, 0, 267.676, 91.74681, 320.825, -3.343511, 2.396947, 0.6870229, 210.1991, 126.7814, 336.2936, -4.175572, 0.9923664, 1.70229],
[0, 0, 0, 0, 0, 267.3811, 92.01541, 320.4378, -2.412214, 1.732824, 0.4961832, 209.7107, 127.6211, 336.0668, -3.206107, 0.2671756, 1.21374],
[0, 0, 0, 0, 0, 267.2078, 92.16975, 320.2946, -2.748092, 1.778626, 0.129771, 209.5736, 127.0896, 336.5877, -2.793893, 1.007634, 1.40458],
[0, 0, 0, 0, 0, 268.3942, 91.1802, 320.4355, -3.435115, 1.946565, 1.351145, 209.8758, 126.9039, 336.473, -3.70229, 1.183206, 0.5419847],
[0, 0, 0, 0, 0, 267.9066, 91.56885, 320.6612, -1.610687, 2.145038, -0.06870229, 210.1619, 126.9781, 336.1744, -2.839695, 1.091603, 1.007634],
[0, 0, 0, 0, 0, 266.946, 92.36039, 320.5972, -2.007634, 1.938931, -0.2366412, 209.7262, 127.0055, 336.5223, -2.580153, 1.083969, 1.335878],
[0, 0, 0, 0, 0, 267.2668, 92.07479, 320.8886, -1.442748, 1.137405, 0.08396947, 210.2347, 126.9029, 336.1704, -2.244275, 0.9847328, 0.6183206],
[0, 0, 0, 0, 0, 268.0672, 91.46674, 320.1265, -3.725191, 2.221374, 2.175573, 209.7675, 127.0707, 336.4379, -3.465649, 0.2671756, 0.5038168],
[0, 0, 0, 0, 0, 267.3919, 92.01473, 320.3277, -4.59542, 1.656489, 0.4503817, 209.8315, 126.6288, 336.7188, -3.099237, 1.938931, 1.175573],
[0, 0, 0, 0, 0, 266.8604, 92.45818, 320.2903, -4.229008, 1.625954, 0.007633588, 209.3617, 126.4944, 337.2121, -2.290076, 2.145038, 1.236641],
[0, 0, 0, 0, 0, 267.5557, 91.85451, 320.6818, 1.992366, 1.091603, 0.08396947, 210.031, 126.9649, 336.2953, -0.4885496, 0.6717557, 1.167939],
[0, 0, 0, 0, 0, 268.2145, 91.29493, 321.1069, -2.312977, 2.633588, 0.5648855, 209.7697, 126.4344, 336.917, -2.053435, 1.129771, 1.374046],
[0, 0, 0, 0, 0, 268.1848, 91.36508, 320.1967, -3.839695, 1.458015, 0.6717557, 210.1294, 126.3551, 336.677, -3.152672, 1.267176, 1.030534],
[0, 0, 0, 0, 0, 268.9292, 90.7408, 320.3779, -2.526718, 0.7633588, 0.2290076, 209.5062, 126.5926, 337.0182, -2.473282, 1.328244, 0.5801527],
[0, 0, 0, 0, 0, 268.0062, 91.51776, 320.1229, -2.587786, 1.656489, 0.1374046, 209.5463, 127.0737, 336.6229, -3.030534, 1.122137, 0.7328244],
[0, 0, 0, 0, 0, 266.2668, 93.01093, 319.7335, -3.541985, 2.900763, -0.3664122, 209.4059, 126.5945, 337.1006, -4.473282, 0.9465649, 2.312977],
[0, 0, 0, 0, 0, 268.0541, 91.50197, 319.6902, -4.175572, 2.083969, 0.5801527, 209.8871, 126.6532, 336.6537, -2.862595, 1.137405, 1.458015],
[0, 0, 0, 0, 0, 267.0157, 92.29266, 320.722, -4.091603, 2.083969, -0.09160305, 209.5186, 127.7156, 336.1597, -1.870229, 1.687023, 1.854962],
