[0, 0, 1, 1, 1, 171.5271, 106.7202, 2.460497, -3.076336, -0.05343511, -0.3282443, 231.3825, 129.9751, 313.3884, -3.10687, -0.2442748, -0.2442748],
[0, 0, 1, 1, 1, 169.8036, 107.4152, 3.128949, -6.946565, -2.045802, 0.3358779, 231.0663, 131.1324, 312.5436, -1.450382, 0.9160305, 0.9923664],
[0, 0, 1, 1, 1, 169.5305, 106.7665, 3.087678, -4.908397, 1.221374, 0.5648855, 231.2162, 129.9363, 313.598, -3.160305, 2.78626, 1.709924],
[0, 0, 1, 1, 1, 170.6463, 107.2539, 2.827456, -2.854962, 2.862595, -1.053435, 231.1882, 129.821, 313.7437, -2.091603, -0.3129771, 0.351145],
[0, 0, 1, 1, 1, 171.6092, 107.937, 2.630049, 2.458015, 4.358778, 0.1145038, 231.3511, 130.75, 312.6374, -3.305344, 0.6335878, 0.07633588],
[0, 0, 1, 1, 1, 170.4638, 107.3748, 2.907867, -0.9389313, 4.068702, -0.4885496, 230.823, 130.5084, 313.4205, -1.374046, 0.7709923, 0.7633588],
[0, 0, 1, 1, 1, 169.7284, 107.1268, 3.096612, -1.412214, 1.801527, 1.083969, 230.9727, 130.1844, 313.5955, -3.053435, 0.8091603, 1.282443],
[0, 0, 1, 1, 1, 169.3363, 107.0826, 3.212707, -4.664122, 1.053435, 0.01526718, 230.6708, 130.6607, 313.422, -2.832061, 0.7175572, 1.473282],
[0, 0, 1, 1, 1, 168.4235, 107.1872, 3.527574, -2.038168, 0.8549618, -1.358779, 230.5471, 130.7325, 313.4754, -2.198473, -0.1679389, 1.519084],
[0, 0, 1, 1, 1, 170.258, 106.6251, 2.834915, -2.572519, 1.465649, 1.045802, 230.587, 130.3921, 313.7789, -2.458015, 1.977099, 0.5114504],
[0, 0, 1, 1, 1, 167.9632, 106.9999, 3.632958, -3.48855, 0.8549618, -0.8931297, 230.8357, 130.4275, 313.4894, -2.19084, 1.152672, 1.763359],
[0, 0, 1, 1, 1, 170.4862, 107.4201, 2.908905, -2.671756, 3.839695, 0.7557252, 230.8349, 131.0516, 312.8607, -3.259542, 1.374046, 1.755725],
[0, 0, 1, 1, 1, 170.9444, 106.8825, 2.668109, -2.709924, 3.206107, 1.603053, 231.4775, 130.2418, 313.021, -2.519084, 1.427481, 0.519084],
[0, 0, 1, 1, 1, 167.4325, 107.446, 3.910872, -4.412214, 5.045802, 1.526718, 231.0683, 130.5084, 313.1703, -2.961832, 0.8549618, 1.022901],
[0, 0, 1, 1, 1, 168.4419, 107.3986, 3.568599, -5.328244, 2.305344, -1.061069, 230.8295, 130.8501, 313.0692, -5.259542, 2.59542, 2.343511],
[0, 0, 1, 1, 1, 166.2757, 105.8284, 3.867975, -4.862596, 2.847328, -3.816794, 231.6833, 130.2141, 312.8381, -4.0, 3.625954, 3.206107],
[0, 0, 1, 1, 1, 160.6002, 106.3643, 5.818397, -9.908397, 1.122137, -1.167939, 231.6267, 130.9947, 312.1095, -2.48855, 1.549618, 0.8854962],
[0, 0, 1, 1, 1, 163.2998, 107.135, 5.194496, -4.900764, 2.114504, 1.045802, 231.4625, 130.3782, 312.8986, -2.671756, 0.778626, 2.122137],
[0, 0, 1, 1, 1, 162.4251, 107.3257, 5.553762, -4.351145, 2.587786, 1.427481, 231.6118, 130.3209, 312.8035, -4.114504, 2.877863, 2.29771],
[0, 0, 1, 1, 1, 165.4006, 107.3197, 4.550143, -8.053435, -0.8167939, 2.206107, 231.5089, 130.6441, 312.5828, -2.832061, 3.770992, 2.328244],
[0, 0, 1, 1, 1, 161.8878, 106.7221, 5.524664, -6.175572, 1.633588, 0.8396947, 232.3931, 129.5157, 312.8153, -2.931298, 1.824428, 2.137405],
[0, 0, 1, 1, 1, 163.7625, 106.5371, 4.852155, -3.923664, 1.465649, -0.6412213, 231.9102, 130.7936, 312.0212, -2.748092, 1.091603, 1.656489],
[0, 0, 1, 1, 1, 170.0683, 106.2912, 2.830434, -5.48855, 2.061069, 0.4274809, 231.4767, 130.9723, 312.2854, -3.259542, 3.229008, 2.664122],
[0, 0, 1, 1, 1, 162.3197, 108.066, 5.84613, -4.603054, 2.717557, 0.8091603, 232.1581, 129.6677, 312.9035, -3.122137, 1.198473, 1.70229],
[0, 0, 1, 1, 1, 162.2807, 106.3609, 5.270986, -3.938931, 3.641221, 0.3053435, 231.2524, 131.6594, 311.8251, -3.954198, 0.6030535, 1.671756],
[0, 0, 1, 1, 1, 158.713, 106.4948, 6.498502, -11.14504, 5.045802, 1.251908, 231.2203, 132.2127, 311.3054, -11.81679, 1.740458, 6.068702],
[0, 0, 1, 1, 1, 166.6504, 104.0962, 3.319211, -7.839694, 1.259542, -0.7251908, 227.0093, 135.14, 312.6271, -11.33588, 2.389313, 9.030535],
[0, 0, 1, 1, 1, 163.7028, 106.0275, 4.711483, -5.78626, 1.251908, -0.1908397, 229.2491, 134.7127, 310.8119, -1.763359, 2.824427, 1.396947],
[0, 0, 1, 1, 1, 160.6308, 106.101, 5.709366, -2.48855, 1.778626, -2.816794, 228.9185, 134.7021, 311.1533, -1.076336, -0.3969466, -0.2671756],
[0, 0, 1, 1, 1, 157.1908, 105.1086, 6.398993, -4.244275, 4.854962, 2.59542, 228.4009, 136.0234, 310.3622, -5.343512, 2.557252, 1.045802],
[0, 0, 1, 1, 1, 171.9038, 104.0303, 1.937239, 4.152672, 3.320611, 5.137404, 228.6958, 135.352, 310.7322, -0.0610687, 2.908397, -5.816794],
[0, 0, 1, 1, 1, 164.7842, 103.8993, 3.762619, -19.74046, 8.343512, 1.801527, 224.8351, 142.1613, 307.7767, -15.0916, 3.557252, 6.51145],
[0, 0, 1, 1, 1, 148.3581, 107.2099, 10.73651, 6.740458, -7.038168, -12.1374, 230.4887, 130.4845, 313.7856, 37.36641, 2.358779, 12.82443],
[0, 0, 1, 1, 1, 172.2066, 107.2582, 2.331165, -6.557252, -5.900764, -0.4885496, 225.8403, 137.2268, 311.713, 5.519084, -1.656489, 7.053435],
[0, 0, 1, 1, 1, 161.2799, 103.5693, 4.593326, -9.007633, -1.755725, -2.908397, 227.7421, 135.3201, 311.7158, 0.9694656, 1.480916, 7.862596],
[0, 0, 1, 1, 1, 152.5742, 103.4894, 7.026063, -4.610687, 6.183206, -0.6030535, 226.7508, 137.4163, 310.6208, -3.267176, -0.6335878, 3.572519],
[0, 0, 1, 1, 1, 149.4381, 102.8551, 7.610703, -0.9389313, 4.473282, 2.022901, 227.7816, 137.8599, 309.1639, -2.099237, -0.6335878, -1.381679],
[0, 0, 1, 1, 1, 149.8543, 103.0835, 7.621618, -3.381679, 2.854962, 1.435114, 227.8596, 137.2463, 309.6917, -4.229008, 3.045802, 0.8167939],
[0, 0, 1, 1, 1, 150.7583, 102.1759, 6.822701, -3.709924, 0.4656488, 0.5572519, 227.7529, 137.0783, 309.9632, -1.946565, 2.610687, 0.6946565],
[0, 0, 1, 1, 1, 151.6783, 103.6548, 7.390577, -2.587786, 0.4274809, -1.396947, 228.4448, 136.3433, 310.0028, -2.435115, 1.145038, 2.129771],
[0, 0, 1, 1, 1, 150.4012, 102.9195, 7.3585, -2.717557, 5.19084, 3.450382, 227.5485, 136.6269, 310.6123, -3.419847, 0.7175572, 1.038168],
[0, 0, 1, 1, 1, 146.2561, 103.2005, 8.845432, -2.740458, 1.824428, 0.1755725, 228.2941, 136.8828, 309.6203, -2.946565, 1.541985, 1.442748],
[0, 0, 1, 1, 1, 147.0755, 103.0014, 8.442708, -3.10687, 3.305344, 0.3206107, 228.1872, 137.2615, 309.3531, -4.030534, 1.175573, 1.580153],
[0, 0, 1, 1, 1, 150.8038, 103.1738, 7.385085, -4.0, 2.320611, 0.6641222, 227.9619, 136.6821, 310.1475, -2.580153, 1.305344, 1.885496],
[0, 0, 1, 1, 1, 150.8716, 103.8172, 7.73606, -0.1221374, 1.099237, -0.3435115, 227.428, 137.1728, 310.1914, -0.3587786, 0.9236641, 0.5419847],
[0, 0, 1, 1, 1, 146.6787, 103.0498, 8.603694, -1.419847, 3.801527, -2.10687, 228.5, 136.9145, 309.3854, -2.450382, -0.519084, 2.519084],
[0, 0, 1, 1, 1, 148.2411, 104.0891, 8.766907, -4.396946, 3.778626, 0.9465649, 227.8765, 137.6132, 309.3132, -2.312977, 0.4885496, 1.48855],
[0, 0, 1, 1, 1, 148.9735, 103.6123, 8.222432, -2.244275, 2.221374, 1.343511, 227.985, 137.1599, 309.653, -2.80916, 1.641221, 1.236641],
[0, 0, 1, 1, 1, 148.0296, 96.79986, 4.20496, -3.244275, 1.374046, -2.229008, 229.058, 132.0343, 313.6745, -3.549618, 0.9312977, 1.374046],
[0, 0, 1, 1, 1, 154.446, 96.73193, 3.168171, -5.587786, -0.4427481, -0.6793893, 228.7759, 132.2503, 313.7423, -2.053435, 0.3053435, 1.0],
[0, 0, 1, 1, 1, 147.7284, 97.00309, 4.384362, -7.137404, 2.022901, 3.091603, 228.9695, 132.5301, 313.2665, -2.984733, 1.221374, 0.778626],
[0, 0, 1, 1, 1, 153.7528, 98.07948, 3.940886, -4.694656, 0.7557252, -3.793893, 228.7772, 131.8105, 314.1828, -2.824427, 1.687023, 5.022901],
[0, 0, 1, 1, 1, 147.5879, 97.8536, 4.952552, -6.183206, 3.21374, 0.7328244, 229.4435, 131.3139, 314.0093, -5.099236, 0.8167939, 2.229008],
[0, 0, 1, 1, 1, 146.1308, 97.70223, 5.137118, -1.503817, 1.648855, -0.9312977, 229.1763, 131.6676, 313.9235, -2.221374, 0.8778625, 1.648855],
[0, 0, 1, 1, 1, 149.547, 97.13145, 4.152487, -3.21374, 1.80916, -0.1450382, 229.0922, 132.3066, 313.3667, -1.89313, 0.4885496, 1.175573],
[0, 0, 1, 1, 1, 139.4027, 96.93247, 5.91344, -3.641221, 5.038168, -0.6793893, 228.125, 133.2914, 313.3545, -4.007634, 0.778626, 1.282443],
[0, 0, 1, 1, 1, 147.2715, 96.79986, 4.33223, -5.70229, 1.877863, -0.2290076, 228.826, 132.8719, 313.069, -3.549618, 1.572519, 1.259542],
[0, 0, 1, 1, 1, 144.1916, 97.30012, 5.234851, -6.801527, -0.4351145, -0.7862596, 228.473, 132.7448, 313.5515, -2.641221, 2.648855, 1.78626],
[0, 0, 1, 1, 1, 147.2682, 96.00639, 3.820488, -2.694656, 0.7099237, -0.07633588, 228.3505, 132.4841, 313.9362, -2.473282, 0.7709923, 0.3358779],
[0, 0, 1, 1, 1, 136.3142, 96.96817, 6.629255, -6.61832, 0.4656488, -2.671756, 228.8219, 132.6152, 313.3301, -2.870229, 2.824427, 3.610687],
[0, 0, 1, 1, 1, 148.8121, 97.49575, 4.49991, -3.038168, 3.282443, 0.7099237, 228.3474, 133.6764, 312.7465, -2.931298, 1.816794, 1.053435],
[0, 0, 1, 1, 1, 144.2214, 96.89164, 4.933317, -7.374046, 1.458015, 1.412214, 229.8817, 131.0959, 313.7851, -2.793893, 2.0, 1.694656],
[0, 0, 1, 1, 1, 140.0355, 95.96045, 4.965899, -5.259542, 2.21374, -1.366412, 230.0453, 131.8809, 312.8299, -3.122137, 2.274809, 3.015267],
[0, 0, 1, 1, 1, 142.1554, 96.97004, 5.384826, -1.587786, 1.435114, -0.389313, 229.1765, 132.0737, 313.5153, -5.053435, 1.282443, 1.091603],
[0, 0, 1, 1, 1, 140.4373, 97.1097, 5.84546, -4.51145, 2.236641, 0.8015267, 228.7819, 132.0303, 313.9571, -3.679389, 2.053435, -0.4732824],
[0, 0, 1, 1, 1, 137.3574, 95.95067, 5.454198, -3.21374, 1.946565, 0.8549618, 229.0114, 131.7524, 314.0048, -1.458015, 0.2824428, 0.9083969],
[0, 0, 1, 1, 1, 142.5051, 95.83005, 4.439841, -2.175573, 4.152672, -1.076336, 228.4612, 132.6477, 313.6608, -2.687023, -0.7709923, 0.2442748],
[0, 0, 1, 1, 1, 133.0022, 96.3483, 6.782905, -4.755725, -0.9465649, -2.343511, 228.814, 132.7381, 313.215, -2.618321, 2.083969, 2.251908],
[0, 0, 1, 1, 1, 147.0118, 96.76349, 4.352585, -1.259542, 0.8854962, -1.70229, 228.3594, 132.1074, 314.3054, -3.89313, 2.870229, 1.305344],
[0, 0, 1, 1, 1, 136.9969, 96.33048, 5.877961, -6.038168, 2.40458, 1.442748, 228.6784, 132.3708, 313.7196, -3.961832, 0.961832, 1.870229],
[0, 0, 1, 1, 1, 139.2232, 94.97563, 4.26354, -1.045802, 3.954198, 2.59542, 227.9101, 132.7587, 314.1038, -2.679389, 1.427481, 1.236641],
[0, 0, 1, 1, 1, 138.5881, 96.02962, 5.290685, -4.679389, 3.587786, 0.3053435, 228.1652, 132.5641, 314.0425, -3.343511, 0.3969466, 0.610687],
[0, 0, 1, 1, 1, 137.4733, 96.50043, 5.935667, -0.7557252, 1.122137, 0.9541985, 228.0119, 132.7175, 314.0428, -1.022901, 0.9083969, 0.3129771],
[0, 0, 1, 1, 1, 137.468, 95.88973, 5.377039, -1.122137, 2.51145, -1.091603, 228.4943, 133.2647, 313.01, -2.954198, 1.145038, 0.4274809],
[0, 0, 1, 1, 1, 140.0468, 96.90736, 5.757946, -1.29771, 1.412214, -1.641221, 227.5018, 132.7007, 314.5722, -3.076336, 0.5038168, 1.374046],
[0, 0, 1, 1, 1, 147.3572, 97.03979, 4.472327, 1.206107, -2.122137, -0.8167939, 227.87, 132.1607, 314.7443, -1.564886, 1.465649, 1.847328],
[0, 0, 1, 1, 1, 143.1558, 96.80107, 5.064016, -1.068702, 4.236641, -0.3206107, 228.3103, 132.7958, 313.6643, -3.854962, -0.129771, 0.4045802],
[0, 0, 1, 1, 1, 146.2744, 97.73857, 5.133416, -4.068702, 1.862595, 2.526718, 227.1503, 132.6909, 314.9347, -1.152672, 0.6793893, 1.877863],
[0, 0, 1, 1, 1, 130.5184, 95.73672, 6.69222, 1.48855, 2.221374, -0.03053435, 227.4385, 133.2, 314.1354, -3.519084, 0.3358779, 0.5648855],
[0, 0, 1, 1, 1, 137.3076, 96.19823, 5.691975, -1.770992, 4.29771, 2.167939, 226.4808, 132.8609, 315.4352, -3.221374, 0.1755725, 0.03816794],
[0, 0, 1, 1, 1, 134.7016, 96.00738, 6.04672, -1.877863, 0.9083969, -0.6335878, 227.9766, 132.5704, 314.2258, -0.9847328, 1.152672, 1.374046],
[0, 0, 1, 1, 1, 134.6565, 96.48418, 6.537396, -4.427481, 0.1526718, -0.5725191, 227.4615, 132.4345, 314.8797, -3.503817, 3.0, 2.854962],
[0, 0, 1, 1, 1, 137.8117, 96.26666, 5.653313, -1.038168, 3.114504, 0.4885496, 227.5469, 133.4765, 313.7497, -2.916031, 1.0, 0.3206107],
[0, 0, 1, 1, 1, 137.732, 96.36939, 5.762604, -4.267176, 2.343511, -0.8167939, 227.8239, 133.1556, 313.7928, -0.5877862, 1.221374, 1.503817],
[0, 0, 1, 1, 1, 135.0226, 96.79332, 6.762016, -6.099236, 1.732824, 0.7480916, 228.5777, 131.655, 314.5403, -3.969466, 2.717557, 2.778626],
[0, 0, 1, 1, 1, 136.3781, 95.2712, 4.999889, -0.4427481, 2.427481, 1.129771, 227.8028, 133.6616, 313.3079, -0.9007633, 0.3358779, 0.519084],
[0, 0, 1, 1, 1, 130.5961, 95.75725, 6.697589, -7.320611, 0.832061, 0.6641222, 228.4309, 132.3376, 314.0023, -3.480916, 2.450382, 2.435115],
[0, 0, 1, 1, 1, 141.9959, 96.92704, 5.382476, -0.1450382, 4.534351, 2.022901, 228.3237, 132.3912, 314.0564, -1.580153, 0.07633588, 0.480916],
[0, 0, 1, 1, 1, 140.8063, 96.56142, 5.320522, -4.778626, 2.305344, 0.4656488, 228.0955, 133.6876, 312.9882, -2.450382, 1.709924, 1.435114],
[0, 0, 1, 1, 1, 135.419, 97.13523, 7.004889, -4.91603, -1.374046, 0.0, 228.4964, 131.6238, 314.6537, -3.175573, 2.267176, 3.328244],
[0, 0, 1, 1, 1, 132.3914, 95.74866, 6.276464, -2.206107, 4.59542, -0.5038168, 227.5609, 133.5548, 313.6574, -3.824427, 0.5801527, 0.2900764],
[0, 0, 1, 1, 1, 132.2443, 96.15744, 6.756907, -3.030534, -0.9312977, -1.862595, 227.6117, 132.6628, 314.4998, -2.419847, 2.061069, 3.320611],
[0, 0, 1, 1, 1, 137.9256, 96.44073, 5.787618, -4.900764, 3.152672, 2.519084, 228.4436, 131.9562, 314.3725, -1.900763, 0.5343512, 0.648855],
[0, 0, 1, 1, 1, 133.192, 96.18626, 6.566044, -3.732824, 2.89313, 0.7862596, 229.1707, 132.7542, 312.8393, -3.137405, 1.458015, 0.5419847],
[0, 0, 1, 1, 1, 137.0496, 96.70505, 6.215384, -3.389313, -0.03816794, -0.7022901, 228.4744, 132.4649, 313.8308, -4.282443, 1.137405, 0.7938931],
[0, 0, 1, 1, 1, 145.2661, 97.18939, 4.950886, -3.679389, 1.465649, 1.053435, 228.6316, 131.6769, 314.4639, -4.770992, 2.244275, 1.969466],
[0, 0, 1, 1, 1, 147.9124, 94.83362, 2.987472, -2.083969, 2.10687, -0.870229, 224.4556, 138.1637, 312.154, -3.290076, 0.2824428, 2.244275],
[0, 0, 1, 1, 1, 157.3531, 94.68622, 1.895244, -4.91603, -0.5114504, -0.480916, 224.6646, 138.2899, 311.8197, -2.19084, 1.938931, 1.885496],
[0, 0, 1, 1, 1, 150.008, 95.13153, 2.915148, -1.78626, 1.099237, 1.312977, 224.2945, 137.8835, 312.5952, -3.183206, 1.824428, 0.5877862],
[0, 0, 1, 1, 1, 157.6266, 95.07651, 2.02959, -5.236641, 0.09160305, -0.1526718, 224.264, 138.5826, 311.9248, -4.038168, 1.618321, 1.068702],
[0, 0, 1, 1, 1, 155.5124, 94.95936, 2.202324, -1.236641, 4.671756, 0.6259542, 224.4023, 138.1041, 312.2668, -2.480916, 0.5725191, 1.664122],
[0, 0, 1, 1, 1, 163.9262, 95.5054, 1.515758, -2.854962, 1.70229, 0.2748091, 224.2759, 138.1915, 312.3051, -1.877863, 1.137405, 0.9389313],
[0, 0, 1, 1, 1, 155.4637, 94.76923, 2.12052, -4.08397, -0.01526718, -0.7709923, 224.9909, 137.8738, 311.9115, -3.007634, 1.366412, 1.526718],
[0, 0, 1, 1, 1, 153.7032, 94.69092, 2.26447, -3.076336, -2.114504, -0.6183206, 224.5754, 138.1499, 312.0486, -3.610687, 1.061069, 1.160305],
[0, 0, 1, 1, 1, 152.1316, 95.62236, 2.923413, -1.549618, 2.625954, -0.3816794, 224.0726, 138.1444, 312.5549, -1.732824, 0.5114504, 2.389313],
[0, 0, 1, 1, 1, 152.3902, 94.84975, 2.485306, -2.725191, 2.541985, 1.503817, 224.5097, 138.1232, 312.1408, -2.648855, 1.19084, 0.7328244],
[0, 0, 1, 1, 1, 149.1208, 94.98671, 2.936815, -4.114504, 0.9160305, 0.610687, 224.0963, 138.4505, 312.2243, -2.557252, 1.603053, 1.427481],
[0, 0, 1, 1, 1, 155.1094, 94.09107, 1.841828, -3.839695, 1.458015, 1.206107, 223.3649, 139.001, 312.4002, -3.923664, 1.572519, 1.89313],
[0, 0, 1, 1, 1, 152.1604, 94.1781, 2.15537, -3.572519, 5.519084, 1.083969, 223.9905, 138.3774, 312.4031, -3.137405, 1.381679, 1.137405],
[0, 0, 1, 1, 1, 153.0238, 94.68981, 2.334717, -3.465649, 1.21374, 0.03816794, 224.1816, 138.9672, 311.621, -2.923664, 1.374046, 1.251908],
[0, 0, 1, 1, 1, 154.2479, 95.13666, 2.423816, -2.969466, -0.1145038, -1.290076, 224.7286, 138.0971, 311.9491, -3.198473, 1.328244, 1.977099],
[0, 0, 1, 1, 1, 157.6507, 95.06999, 2.024358, -2.053435, 2.793893, -0.6564885, 225.321, 137.6142, 311.8427, -3.832061, 1.015267, 2.21374],
[0, 0, 1, 1, 1, 156.0823, 94.63498, 1.997868, -5.114504, 2.778626, 0.1526718, 224.7835, 138.4715, 311.5199, -3.183206, 1.389313, 1.801527],
[0, 0, 1, 1, 1, 148.6047, 95.31905, 3.202324, -5.633588, -0.05343511, 0.1755725, 224.7179, 139.0124, 311.0436, -2.51145, 1.78626, 1.580153],
[0, 0, 1, 1, 1, 144.3292, 95.0914, 3.617985, -4.091603, 4.099236, 0.4351145, 224.5685, 138.7142, 311.4903, -2.473282, 2.320611, 2.358779],
[0, 0, 1, 1, 1, 158.192, 94.88569, 1.893714, -2.778626, 3.152672, 0.6717557, 224.3917, 138.6821, 311.6982, -2.854962, 1.259542, 0.9312977],
[0, 0, 1, 1, 1, 157.2056, 95.68352, 2.330099, -3.870229, 1.503817, 1.618321, 224.5207, 138.3655, 311.8871, -1.900763, 1.076336, 0.7328244],
[0, 0, 1, 1, 1, 158.8996, 95.61389, 2.104741, -1.732824, 0.740458, -1.221374, 224.1049, 138.7538, 311.9114, -2.564885, 0.6641222, 1.541985],
[0, 0, 1, 1, 1, 164.1303, 96.3048, 1.722537, -3.374046, 1.145038, -1.40458, 224.7297, 138.4895, 311.5552, -2.206107, 1.870229, 2.251908],
[0, 0, 1, 1, 1, 156.5028, 96.21853, 2.647617, -2.335878, 3.091603, -0.4274809, 224.8275, 138.8016, 311.1459, -2.320611, 1.473282, 1.992366],
[0, 0, 1, 1, 1, 148.2777, 95.29129, 3.227502, -3.541985, 3.587786, 1.969466, 224.3163, 138.5744, 311.8811, -2.992366, 0.8854962, 0.6717557],
[0, 0, 1, 1, 1, 145.9149, 94.69202, 3.135247, -3.564885, -0.3816794, -2.610687, 225.0877, 138.9175, 310.7723, -2.770992, 0.8015267, 1.091603],
[0, 0, 1, 1, 1, 154.981, 95.1565, 2.351274, -3.061069, -0.6946565, -0.3053435, 224.5437, 138.8446, 311.3844, -2.427481, 1.48855, 1.351145],
[0, 0, 1, 1, 1, 148.8335, 95.7849, 3.455429, -2.061069, 2.320611, -0.4580153, 224.4482, 138.827, 311.4968, -3.068702, 1.343511, 1.534351],
[0, 0, 1, 1, 1, 154.9594, 94.81532, 2.193895, -3.977099, 3.648855, -0.4274809, 224.6537, 138.8506, 311.2693, -3.030534, 1.236641, 2.366412],
[0, 0, 1, 1, 1, 152.6578, 96.21277, 3.16343, -5.923664, 0.2519084, -0.5343512, 224.0071, 138.9136, 311.8483, -1.389313, 2.0, 2.175573],
[0, 0, 1, 1, 1, 149.8932, 95.46279, 3.121654, -2.51145, 4.29771, 0.519084, 224.5538, 139.0894, 311.129, -1.900763, 1.625954, 1.030534],
[0, 0, 1, 1, 1, 157.0323, 95.85793, 2.424909, -2.70229, -0.7480916, -0.6793893, 226.0751, 137.752, 310.9566, -2.21374, 2.251908, 1.610687],
[0, 0, 1, 1, 1, 166.7612, 96.00306, 1.337163, -4.38168, 2.061069, 2.938931, 224.459, 137.6966, 312.6185, -6.854962, 2.687023, 1.641221],
[0, 0, 1, 1, 1, 158.89, 95.67147, 2.12817, -5.267176, 0.4656488, -0.8396947, 224.8386, 138.9384, 310.9981, -3.167939, 1.633588, 2.206107],
[0, 0, 1, 1, 1, 156.9229, 95.58339, 2.32081, -5.854962, 0.9007633, -0.5343512, 224.7062, 138.2372, 311.8311, -3.854962, 1.923664, 1.923664],
[0, 0, 1, 1, 1, 152.7135, 95.35651, 2.712085, -2.923664, 3.099237, -0.8625955, 224.9583, 138.1551, 311.6628, -2.389313, 0.6946565, 2.503817],
[0, 0, 1, 1, 1, 149.5971, 95.87107, 3.400401, -3.618321, 2.78626, 0.2366412, 224.9905, 138.7879, 310.9981, -4.030534, 0.9007633, 1.580153],
[0, 0, 1, 1, 1, 150.3345, 94.87597, 2.729845, -4.335878, 0.9465649, -0.03816794, 224.6658, 139.337, 310.7702, -2.412214, 0.4198473, 1.335878],
[0, 0, 1, 1, 1, 160.4912, 96.32387, 2.177502, -3.221374, -0.1984733, -0.6717557, 224.3977, 139.3931, 310.9794, -1.335878, 1.519084, 1.854962],
[0, 0, 1, 1, 1, 154.0873, 94.86431, 2.309211, -2.59542, 3.480916, 0.5496183, 224.696, 138.5666, 311.5116, -3.664122, 2.152672, 1.48855],
[0, 0, 1, 1, 1, 154.0965, 96.09292, 2.907115, -3.770992, 1.755725, -0.2366412, 224.9361, 138.9665, 310.8734, -2.320611, 1.465649, 1.007634],
[0, 0, 1, 1, 1, 157.2337, 95.63642, 2.306916, -4.435114, 0.6259542, 0.7175572, 224.3854, 139.3069, 311.078, -2.427481, 1.748092, 1.206107],
[0, 0, 1, 1, 1, 154.8982, 96.56867, 3.025273, -5.396946, 0.6412213, -0.2137404, 224.5004, 139.2712, 310.9998, -1.21374, 0.5954198, 2.251908],
[0, 0, 1, 1, 1, 151.1875, 95.31639, 2.875831, -2.015267, 3.038168, 0.09923664, 224.4406, 139.1648, 311.1658, -2.068702, 1.229008, 1.534351],
[0, 0, 1, 1, 1, 150.3245, 95.79979, 3.258896, -4.152672, 3.419847, 1.816794, 225.1984, 138.3309, 311.2487, -3.129771, 2.061069, 1.419847],
[0, 0, 1, 1, 1, 159.0142, 95.15522, 1.91508, -3.946565, 0.1755725, 0.7328244, 224.8173, 138.9837, 310.9738, -3.21374, 1.145038, 1.145038],
[0, 0, 1, 1, 1, 153.3066, 95.84693, 2.888754, -0.007633588, 2.305344, -0.2900764, 224.6536, 139.0371, 311.0826, -1.755725, 0.5801527, 1.396947],
[0, 0, 1, 1, 1, 149.5935, 96.27422, 3.638532, -2.022901, 3.40458, -0.480916, 225.381, 138.5518, 310.8473, -2.610687, 1.129771, 2.099237],
[0, 0, 1, 1, 1, 205.0448, 91.20569, 359.3301, -4.358778, -0.870229, 3.534351, 223.3306, 138.2297, 313.21, -3.480916, 2.305344, 0.7022901],
[0, 0, 1, 1, 1, 161.8081, 93.3201, 1.023566, 5.908397, 6.854962, 1.221374, 224.6683, 139.6368, 310.4675, -1.312977, -0.6335878, -0.1221374],
[0, 0, 1, 1, 1, 223.7091, 92.30822, 357.6417, 1.603053, 9.274809, 3.480916, 223.9696, 139.2358, 311.562, -2.641221, 1.038168, 1.648855],
[0, 0, 1, 1, 1, 222.695, 91.22055, 358.7279, -2.572519, 2.793893, -0.6564885, 224.4354, 139.362, 310.9733, -4.679389, 2.564885, 1.519084],
[0, 0, 1, 1, 1, 205.2991, 91.95841, 358.9659, -3.458015, 0.4580153, -3.053435, 223.965, 139.7379, 311.0622, -1.152672, -0.1374046, 1.335878],
[0, 0, 1, 1, 1, 219.3102, 91.17914, 358.8976, -5.374046, 1.366412, 0.4045802, 224.5483, 139.7557, 310.467, -3.305344, 1.572519, 1.290076],
[0, 0, 1, 1, 1, 222.5549, 91.86532, 358.1402, -4.450382, 1.465649, 0.1908397, 224.1224, 139.2224, 311.4237, -2.900763, 1.763359, 1.954198],
[0, 0, 1, 1, 1, 270.9942, 89.89275, 358.7195, -2.778626, 3.610687, -0.2748091, 224.6984, 139.5738, 310.5009, 0.8015267, -0.1908397, 0.9007633],
[0, 0, 1, 1, 1, 285.5953, 89.55546, 358.652, -2.961832, -0.0610687, -2.160305, 224.8934, 139.8405, 310.0415, -2.137405, 2.396947, 1.839695],
[0, 0, 1, 1, 1, 247.1786, 90.7801, 357.8737, -4.91603, -0.2290076, 0.9389313, 223.9027, 138.9603, 311.9053, -3.381679, 3.343511, 2.038168],
[0, 0, 1, 1, 1, 265.9095, 90.10144, 357.2885, 3.343511, 4.923664, 1.351145, 224.6446, 138.5928, 311.5364, -2.778626, -3.549618, -1.435114],
[0, 0, 1, 1, 1, 210.2816, 91.34559, 359.0975, -2.152672, -2.564885, -0.7328244, 224.8609, 139.676, 310.2382, -3.10687, 0.9160305, 1.328244],
[0, 0, 1, 1, 1, 219.3527, 90.48934, 359.4633, -6.748092, 3.114504, -1.801527, 223.3862, 139.5973, 311.7786, -4.045802, 1.839695, 0.5114504],
[0, 0, 1, 1, 1, 206.1724, 90.55109, 359.6217, -1.564886, 4.137404, 0.3664122, 224.0552, 139.7102, 311.0006, -4.854962, 1.091603, 1.053435],
[0, 0, 1, 1, 1, 210.3088, 91.83345, 358.8103, -7.038168, 7.458015, 2.320611, 223.6835, 139.5446, 311.5359, -6.320611, 2.89313, 4.366412],
[0, 0, 1, 1, 1, 178.6191, 92.7384, -0.02702222, -6.694656, 1.145038, 3.076336, 222.9377, 138.8469, 312.9821, -6.687023, 2.717557, 1.473282],
[0, 0, 1, 1, 1, 276.124, 89.67223, 357.6964, -4.022901, 3.877863, 0.9160305, 224.018, 139.4755, 311.2732, -3.580153, 1.89313, 3.473282],
[0, 0, 1, 1, 1, 259.8109, 90.16182, 358.5543, -4.335878, -0.8473283, -3.427481, 223.9341, 140.9144, 309.9093, -1.458015, 0.4427481, 1.977099],
[0, 0, 1, 1, 1, 256.3179, 90.43876, 357.7744, -0.8854962, 4.091603, -0.8396947, 223.0259, 140.6099, 311.115, -2.633588, 0.1679389, 1.290076],
[0, 0, 1, 1, 1, 262.8455, 90.31497, 356.7223, -3.977099, 0.5648855, 0.8396947, 223.3461, 140.1137, 311.2979, -3.610687, 2.183206, 0.6641222],
[0, 0, 1, 1, 1, 245.4447, 90.81836, 357.9528, -8.068703, 2.984733, 1.625954, 223.6145, 140.1853, 310.9595, -3.969466, 3.076336, 1.656489],
[0, 0, 1, 1, 1, 240.4799, 90.56785, 358.7796, -0.8931297, 4.274809, 1.076336, 222.9678, 139.8319, 311.9588, -4.793893, -0.7938931, 0.3282443],
[0, 0, 1, 1, 1, 265.9014, 90.05928, 357.8917, -0.610687, 3.21374, 6.549618, 222.1128, 139.9107, 312.7336, -4.267176, 0.3053435, -2.916031],
[0, 0, 1, 1, 1, 269.15, 89.96313, 356.4244, -1.709924, 4.290076, 2.030534, 222.8277, 140.0704, 311.8576, -3.778626, 0.8473283, 0.4732824],
[0, 0, 1, 1, 1, 224.4719, 91.7175, 358.1614, -1.549618, 3.984733, -2.122137, 223.1884, 140.1718, 311.3961, -2.70229, -0.1221374, 4.145038],
[0, 0, 1, 1, 1, 220.2581, 91.3198, 358.7427, -4.839694, -1.78626, -3.801527, 223.047, 139.2759, 312.4405, -0.8091603, 3.10687, 3.175573],
[0, 0, 1, 1, 1, 255.7028, 90.20646, 358.7871, -0.5114504, 2.557252, -1.473282, 223.1715, 140.1199, 311.4653, -1.969466, -0.870229, 0.8396947],
[0, 0, 1, 1, 1, 228.7687, 90.99751, 358.6973, -3.328244, 1.717557, 0.7099237, 222.899, 140.5448, 311.307, -2.038168, 0.1908397, 1.664122],
[0, 0, 1, 1, 1, 251.5269, 90.49891, 358.1816, -1.160305, 2.251908, -1.862595, 222.9112, 140.5838, 311.2555, -2.580153, 0.2061069, 0.7938931],
[0, 0, 1, 1, 1, 246.8312, 91.32454, 356.6338, -3.19084, 3.244275, 0.3129771, 222.2592, 140.6905, 311.7968, -4.290076, 1.931298, 2.091603],
[0, 0, 1, 1, 1, 212.2985, 90.73543, 359.4153, -4.70229, 0.0, 1.526718, 222.8306, 140.7955, 311.1213, -3.061069, 2.427481, 0.7328244],
[0, 0, 1, 1, 1, 272.0608, 89.86408, 358.5581, -0.9312977, 2.900763, 1.007634, 222.9865, 140.0102, 311.7601, -2.694656, 0.3206107, 0.7022901],
[0, 0, 1, 1, 1, 247.7063, 90.87822, 357.5793, -3.89313, 0.1679389, 0.2442748, 222.4453, 140.8664, 311.4328, -2.908397, 1.641221, 1.312977],
[0, 0, 1, 1, 1, 248.2154, 90.4594, 358.5691, -2.030534, 2.030534, 0.2900764, 222.7963, 140.3566, 311.5995, -2.053435, 0.1221374, -0.0610687],
[0, 0, 1, 1, 1, 275.0635, 89.75193, 358.117, -0.8396947, 4.076336, -0.8549618, 222.2508, 140.9781, 311.5133, -1.641221, -0.2213741, 1.923664],
[0, 0, 1, 1, 1, 268.8076, 89.94884, 358.2247, -2.664122, 1.549618, -0.9389313, 222.1675, 141.0162, 311.5577, -2.496183, -0.09160305, 1.099237],
[0, 0, 1, 1, 1, 261.4306, 90.20146, 358.021, -4.10687, 0.7633588, 1.862595, 222.3684, 141.1882, 311.1829, -3.290076, 1.946565, 0.389313],
[0, 0, 1, 1, 1, 225.4119, 90.73884, 359.0976, -4.572519, 1.534351, 0.961832, 222.6288, 141.4066, 310.7022, -3.129771, 1.587786, 0.7862596],
[0, 0, 1, 1, 1, 260.747, 90.29704, 357.575, -3.984733, 0.5572519, -0.1679389, 222.4331, 140.8836, 311.4275, -2.671756, 1.748092, 1.824428],
[0, 0, 1, 1, 1, 267.6234, 90.00564, 357.6938, -3.335878, 3.59542, 1.832061, 222.2382, 141.0246, 311.4788, -3.099237, 0.7938931, 0.8625955],
[0, 0, 1, 1, 1, 262.6258, 90.10531, 358.4532, -5.091603, 1.770992, -0.3740458, 222.5417, 141.0182, 311.1829, -3.351145, 1.770992, 1.473282],
[0, 0, 1, 1, 1, 276.5616, 89.62367, 357.4283, -2.770992, 1.419847, 1.381679, 223.1698, 139.9174, 311.6714, -2.687023, 1.51145, 0.870229],
[0, 0, 1, 1, 1, 277.6281, 89.66462, 358.0811, -11.76336, 0.1450382, 1.641221, 222.4697, 140.5783, 311.7006, -2.221374, 0.3740458, 0.4198473],
[0, 0, 1, 1, 1, 266.5234, 90.06152, 357.4803, -6.335878, 0.7480916, -0.08396947, 222.1634, 141.3881, 311.1837, -3.908397, 1.847328, 0.740458],
[0, 0, 1, 1, 1, 254.9619, 90.36733, 358.2449, -4.183206, 1.709924, 0.6641222, 221.7144, 140.7919, 312.2388, -2.687023, 2.328244, 0.6793893],
[0, 0, 1, 1, 1, 251.9828, 90.60049, 357.8205, -2.427481, 2.10687, -0.5496183, 223.0011, 140.4654, 311.2857, -3.015267, 0.9541985, 1.763359],
[0, 0, 1, 1, 1, 229.649, 91.24719, 358.3636, -2.854962, 2.549618, -1.763359, 223.279, 140.0069, 311.4724, -1.618321, -0.06870229, 1.847328],
[0, 0, 1, 1, 1, 222.6699, 91.21769, 358.7316, -1.465649, 2.587786, -1.183206, 223.5131, 140.5416, 310.7007, -1.328244, -0.1221374, -0.1145038],
[0, 0, 1, 1, 1, 279.9658, 87.71613, 347.6926, -2.671756, 0.9847328, -0.7175572, 223.2444, 136.0789, 315.4532, -2.022901, 0.7862596, 1.114504],
[0, 0, 1, 1, 1, 281.0707, 87.46753, 347.6883, -3.816794, 1.389313, -0.129771, 223.6098, 135.7115, 315.4549, -2.587786, 1.648855, 1.480916],
[0, 0, 1, 1, 1, 275.778, 88.65359, 347.8009, -3.21374, 3.053435, 0.9083969, 223.0163, 135.9916, 315.7691, -2.381679, 1.251908, 1.21374],
[0, 0, 1, 1, 1, 280.3428, 87.68173, 347.9528, -3.984733, 3.29771, 0.648855, 223.5996, 135.2417, 315.9349, -2.442748, 0.8091603, 1.564886],
[0, 0, 1, 1, 1, 278.4643, 87.99067, 347.3138, -3.236641, 2.221374, 0.5267176, 223.5459, 135.8814, 315.3489, -3.145038, 1.877863, 0.9923664],
[0, 0, 1, 1, 1, 279.6786, 87.79398, 347.7691, -3.320611, 2.045802, -0.5954198, 223.0129, 135.6593, 316.1047, -3.068702, 0.5725191, 1.870229],
[0, 0, 1, 1, 1, 281.5719, 87.38767, 347.8422, -2.267176, 1.099237, -1.198473, 223.5979, 135.2281, 315.9501, -0.9160305, 0.8015267, 1.664122],
[0, 0, 1, 1, 1, 281.5758, 87.4095, 347.9477, -3.89313, 0.5496183, -1.900763, 223.5874, 135.5999, 315.589, -1.801527, 0.9083969, 2.198473],
[0, 0, 1, 1, 1, 278.1536, 88.32933, 349.0906, -4.068702, 2.374046, -0.648855, 223.6234, 136.0119, 315.1408, -2.564885, 1.221374, 1.839695],
[0, 0, 1, 1, 1, 278.2874, 88.28715, 348.9853, -1.709924, 2.946565, -0.1068702, 223.6883, 135.7989, 315.2889, -2.709924, 0.2366412, 1.419847],
[0, 0, 1, 1, 1, 285.1648, 86.81525, 348.688, -3.526718, 2.015267, 0.3435115, 223.6513, 135.7742, 315.3506, -3.412214, 1.687023, 0.8854962],
[0, 0, 1, 1, 1, 281.3188, 87.58929, 348.5346, -4.908397, 3.442748, 1.503817, 223.5288, 135.691, 315.5565, -4.412214, 2.0, 1.633588],
[0, 0, 1, 1, 1, 281.6822, 87.32367, 347.6609, -3.78626, 1.572519, -0.4198473, 223.4927, 136.0816, 315.2018, -3.022901, 1.160305, 1.152672],
[0, 0, 1, 1, 1, 280.7281, 87.58951, 347.914, -5.0, 0.8778625, -0.5038168, 223.2637, 135.6842, 315.8288, -3.183206, 1.572519, 1.648855],
[0, 0, 1, 1, 1, 283.544, 87.03492, 348.1989, -2.908397, 1.992366, 0.4885496, 223.2876, 136.1155, 315.3733, -1.923664, 1.221374, 1.557252],
[0, 0, 1, 1, 1, 280.1251, 87.7945, 348.3002, -3.679389, 2.152672, -0.9541985, 223.4722, 136.0931, 315.2109, -2.832061, 1.114504, 1.358779],
[0, 0, 1, 1, 1, 282.4345, 87.39543, 348.7117, -5.274809, 1.374046, 0.778626, 223.5775, 136.4364, 314.7617, -2.748092, 2.59542, 1.572519],
[0, 0, 1, 1, 1, 282.3122, 87.14127, 347.4893, -3.954198, 1.541985, -0.1145038, 223.0908, 136.429, 315.2566, -2.427481, 0.9923664, 1.572519],
[0, 0, 1, 1, 1, 282.8684, 87.2055, 348.2942, -2.381679, 2.427481, -0.519084, 223.874, 136.2417, 314.66, -3.580153, 0.6412213, 1.229008],
[0, 0, 1, 1, 1, 279.1538, 87.87189, 347.5441, -4.564886, 1.175573, 0.1679389, 223.3833, 136.1703, 315.2225, -2.839695, 2.694656, 1.816794],
[0, 0, 1, 1, 1, 278.4763, 87.92918, 346.9418, -6.48855, -0.1832061, 0.2519084, 222.7198, 136.1272, 315.9305, -1.259542, 2.038168, 1.450382],
[0, 0, 1, 1, 1, 282.6493, 87.13568, 347.7958, -0.740458, 2.221374, 0.7099237, 223.5392, 135.6063, 315.6308, -2.015267, 0.6793893, -0.1221374],
[0, 0, 1, 1, 1, 282.3213, 87.47912, 348.9759, -4.022901, 3.229008, 0.740458, 223.5453, 135.939, 315.2919, -3.480916, 1.969466, 1.671756],
[0, 0, 1, 1, 1, 285.1778, 86.57561, 347.852, -3.916031, 2.450382, -0.8854962, 223.8636, 135.794, 315.1183, -2.519084, 1.236641, 2.633588],
[0, 0, 1, 1, 1, 283.2341, 86.85857, 347.2098, -3.381679, 2.076336, 0.8473283, 223.119, 136.1379, 315.5197, -3.343511, 1.053435, 0.832061],
[0, 0, 1, 1, 1, 281.5944, 87.35763, 347.7261, -5.167939, 1.152672, -0.6564885, 222.9864, 136.2401, 315.5503, -2.503817, 1.320611, 2.175573],
[0, 0, 1, 1, 1, 281.69, 87.37073, 347.8855, -3.366412, 2.625954, -0.519084, 223.2216, 136.0935, 315.4614, -3.358779, 1.427481, 2.259542],
[0, 0, 1, 1, 1, 282.7604, 86.89838, 346.906, -3.625954, 1.419847, -0.3053435, 223.2108, 136.2179, 315.3477, -2.358779, 0.4351145, 0.4351145],
[0, 0, 1, 1, 1, 284.6732, 86.7372, 348.0205, -2.763359, 1.519084, 1.122137, 223.695, 135.5415, 315.5397, -1.656489, 1.122137, 0.6793893],
[0, 0, 1, 1, 1, 280.9508, 87.52902, 347.8579, -3.419847, 3.320611, 0.2137404, 223.1884, 135.8227, 315.7657, -3.244275, 1.931298, 2.412214],
[0, 0, 1, 1, 1, 284.0418, 86.64357, 347.125, -1.068702, 3.793893, 0.6717557, 223.0181, 135.8709, 315.888, -3.564885, 1.473282, 1.656489],
[0, 0, 1, 1, 1, 283.0503, 87.25795, 348.6734, -1.068702, 0.7557252, -1.687023, 223.1774, 136.237, 315.362, -2.450382, 0.6946565, 1.633588],
[0, 0, 1, 1, 1, 275.6929, 88.70741, 348.1359, -11.23664, 2.664122, -1.045802, 222.7067, 135.9647, 316.1062, -1.007634, 1.587786, 2.343511],
[0, 0, 1, 1, 1, 278.5037, 88.20037, 348.7038, -3.152672, 2.80916, -0.09923664, 223.4082, 136.2604, 315.1075, -3.015267, 1.824428, 2.198473],
[0, 0, 1, 1, 1, 278.9651, 88.24126, 349.5212, -4.854962, 3.732824, 0.9236641, 223.0648, 136.3948, 315.317, -2.633588, 0.8625955, 2.038168],
[0, 0, 1, 1, 1, 279.8646, 87.83313, 348.209, -1.351145, 3.022901, 3.221374, 223.7915, 135.9468, 315.0377, -2.0, 1.29771, 0.2519084],
[0, 0, 1, 1, 1, 277.6215, 88.53412, 349.8136, -5.374046, 1.587786, 0.389313, 223.347, 136.4826, 314.9463, -2.061069, 1.274809, 1.068702],
[0, 0, 1, 1, 1, 279.246, 87.86884, 347.6472, -6.412214, 1.129771, 0.5648855, 224.085, 135.9729, 314.7179, -2.137405, 2.931298, 2.335878],
[0, 0, 1, 1, 1, 279.1104, 88.00987, 348.3039, -1.969466, 2.48855, 0.3969466, 223.4781, 135.9374, 315.3609, -3.78626, 1.053435, 0.3282443],
[0, 0, 1, 1, 1, 280.789, 87.72668, 348.6682, -1.099237, 0.7862596, -1.175573, 223.6183, 135.9704, 315.1874, -1.954198, 0.5801527, 1.015267],
[0, 0, 1, 1, 1, 282.3444, 87.53022, 349.2208, -4.244275, 1.984733, -0.2671756, 223.6803, 136.1494, 314.9463, -2.343511, 1.236641, 1.832061],
[0, 0, 1, 1, 1, 277.9323, 88.38819, 349.198, -3.29771, 1.816794, -0.007633588, 223.7897, 135.6982, 315.2882, -3.534351, 1.770992, 1.709924],
[0, 0, 1, 1, 1, 278.683, 88.1869, 348.8472, -3.137405, 2.572519, 0.3129771, 223.4975, 135.9205, 315.3583, -3.549618, 1.496183, 1.763359],
[0, 0, 1, 1, 1, 274.2966, 89.09929, 349.3713, -5.343512, 1.534351, -0.1450382, 224.0986, 135.8674, 314.8098, -4.053435, 2.282443, 1.480916],
[0, 0, 1, 1, 1, 279.0444, 88.03925, 348.3964, -5.076336, 2.396947, -0.129771, 223.8034, 136.0034, 314.9691, -4.91603, 1.648855, 2.167939],
[0, 0, 1, 1, 1, 275.0326, 88.86959, 348.3836, -7.351145, 3.343511, 0.519084, 223.283, 136.0959, 315.3975, -5.969466, 2.48855, 3.89313],
[0, 0, 1, 1, 1, 277.9405, 88.1346, 347.4786, -2.70229, 1.618321, 1.641221, 223.0887, 135.803, 315.8851, -2.679389, 1.977099, 1.198473],
[0, 0, 1, 1, 1, 276.0134, 88.74821, 349.1147, -2.198473, 1.603053, -0.3816794, 223.7027, 135.9426, 315.1308, -0.7709923, 1.679389, 2.160305],






