[0, 0, 0, 0, 0, 2.95366, 37.63964, 3.841937, -4.503817, 3.320611, 0.6412213, 207.4635, 162.5503, 300.8904, -4.977099, 1.580153, 1.312977],
[0, 0, 0, 0, 0, 1.582945, 36.23845, 2.185097, -4.030534, 2.21374, -0.4122138, 206.9309, 162.5819, 301.421, -3.435115, 0.9312977, 2.29771],
[0, 0, 0, 0, 0, 2.354608, 36.95503, 3.147897, -3.969466, 2.19084, 0.5496183, 207.1901, 162.2804, 301.6053, -3.366412, 2.099237, 0.870229],
[0, 0, 0, 0, 0, 1.349594, 37.17293, 1.802483, -2.946565, 0.8549618, 0.2137404, 206.9121, 162.4207, 301.6937, -3.709924, 2.305344, 1.763359],
[0, 0, 0, 0, 0, 1.917607, 37.22417, 2.543763, -0.740458, 0.9770992, 0.1603053, 207.5992, 161.9975, 301.5933, -1.755725, 1.21374, 1.114504],
[0, 0, 0, 0, 0, 2.27141, 36.78882, 3.056721, -4.320611, -0.1068702, -0.3129771, 207.0539, 161.7229, 302.6149, -3.419847, 2.343511, 1.51145],
[0, 0, 0, 0, 0, 3.100055, 36.49938, 4.204127, -4.61832, 2.061069, 0.2519084, 207.6271, 161.6338, 302.1156, -4.335878, 0.648855, 1.625954],
[0, 0, 0, 0, 0, 1.763125, 37.30218, 2.334403, -4.709924, 0.07633588, -1.183206, 207.8358, 161.4338, 302.1889, -4.59542, 3.083969, 1.725191],
[0, 0, 0, 0, 0, 1.787005, 37.22876, 2.372135, -3.89313, 0.7862596, -0.7022901, 207.934, 162.0492, 301.1538, -3.564885, 2.664122, 1.755725],
[0, 0, 0, 0, 0, 1.72296, 37.86462, 2.234251, -2.740458, 1.900763, -0.4427481, 208.1988, 162.1223, 300.7618, -3.534351, 1.885496, 1.450382],
[0, 0, 0, 0, 0, 2.489254, 37.77925, 3.225958, -2.625954, 4.519084, -1.022901, 207.3381, 161.8518, 302.1016, -4.496183, -0.8015267, 1.740458],
[0, 0, 0, 0, 0, 1.145357, 37.23797, 1.530307, -3.633588, 2.320611, 1.007634, 206.9646, 161.732, 302.701, -3.587786, 1.320611, 0.4580153],
[0, 0, 0, 0, 0, 2.185753, 37.99089, 2.813917, -4.969466, 1.763359, -0.2213741, 207.1131, 162.0852, 301.9919, -2.320611, 1.740458, 1.549618],
[0, 0, 0, 0, 0, 2.11123, 37.96057, 2.721962, -1.78626, 1.335878, 0.9541985, 207.4344, 161.5198, 302.5004, -2.21374, 1.450382, 0.6641222],
[0, 0, 0, 0, 0, 1.328187, 37.78805, 1.733397, -0.5419847, 0.9465649, -0.259542, 207.4253, 161.7555, 302.1525, -0.9694656, 1.694656, 1.862595],
[0, 0, 0, 0, 0, 1.497438, 37.27055, 1.989371, -2.160305, 1.557252, 0.648855, 206.4372, 161.9032, 303.0348, -1.244275, 1.969466, 0.740458],
[0, 0, 0, 0, 0, 1.550731, 38.28652, 1.981939, -2.19084, 2.694656, -0.389313, 207.9705, 161.4789, 301.9747, -2.473282, 0.8854962, 2.419847],
[0, 0, 0, 0, 0, 0.6872633, 37.36683, 0.9249304, -4.801527, 1.610687, -0.7633588, 207.6571, 161.1244, 302.8488, -3.954198, 2.152672, 2.366412],
[0, 0, 0, 0, 0, 2.386548, 37.92996, 3.076831, -3.183206, 0.9007633, -1.396947, 207.6268, 160.7407, 303.4541, -4.923664, 2.274809, 2.038168],
[0, 0, 0, 0, 0, 1.043033, 38.14826, 1.34816, -3.40458, 2.946565, 0.6793893, 207.4785, 160.908, 303.3713, -3.167939, 1.305344, 0.7938931],
[0, 0, 0, 0, 0, 1.32357, 37.65701, 1.736061, -3.770992, 2.633588, 0.2671756, 207.3236, 160.8162, 303.6829, -2.824427, 1.267176, 1.610687],
[0, 0, 0, 0, 0, 0.2935832, 37.24445, 0.4133252, -2.603053, 1.450382, 0.2442748, 207.0314, 161.2711, 303.3287, -1.587786, 1.290076, 1.557252],
[0, 0, 0, 0, 0, 0.1008757, 38.32493, 0.1510266, -1.328244, 0.7862596, -0.1145038, 207.0817, 161.0756, 303.5675, -1.664122, 1.335878, 1.549618],
[0, 0, 0, 0, 0, 1.230153, 38.16659, 1.584475, -3.587786, 2.877863, 0.480916, 207.4389, 160.7518, 303.6486, -2.961832, 1.496183, 0.9541985],
[0, 0, 0, 0, 0, 1.206205, 38.22197, 1.550827, -2.282443, 1.80916, -1.114504, 207.2092, 161.1229, 303.3518, -2.603053, 0.7709923, 2.59542],
[0, 0, 0, 0, 0, 1.503886, 37.20798, 2.00254, -2.389313, 2.175573, 1.21374, 207.3453, 161.2274, 303.0413, -3.206107, 1.160305, 0.1603053],
[0, 0, 0, 0, 0, 0.2822852, 37.98939, 0.3855243, -3.419847, 1.465649, 0.4045802, 207.1368, 161.4652, 302.9151, -2.618321, 1.587786, 1.29771],
[0, 0, 0, 0, 0, 0.008128524, 37.0704, 0.03987758, -2.770992, 2.022901, 0.3282443, 207.0127, 161.2188, 303.4292, -3.419847, 0.9083969, 0.5038168],
[0, 0, 0, 0, 0, 1.423011, 37.91075, 1.846678, -4.152672, 1.274809, 0.1450382, 207.0866, 161.2299, 303.3287, -2.664122, 2.343511, 1.618321],
[0, 0, 0, 0, 0, 1.701252, 37.88109, 2.205098, -3.526718, 1.21374, -0.03816794, 207.3944, 160.5883, 303.9419, -2.419847, 1.496183, 1.793893],
[0, 0, 0, 0, 0, 0.652495, 37.60326, 0.8713095, -2.618321, 1.969466, 0.5954198, 207.114, 161.2244, 303.3061, -3.29771, 0.8244275, 0.9083969],
[0, 0, 0, 0, 0, 0.615664, 37.39193, 0.8306395, -2.198473, 2.21374, 0.1603053, 207.1464, 161.2299, 303.2612, -2.755725, 1.267176, 1.480916],
[0, 0, 0, 0, 0, 0.9245889, 37.69354, 1.219128, -2.969466, 2.152672, -0.5954198, 207.051, 160.9498, 303.792, -2.748092, 1.274809, 1.89313],
[0, 0, 0, 0, 0, 0.9841251, 37.77433, 1.291875, -3.183206, 1.648855, 0.2213741, 207.5397, 160.8517, 303.3866, -3.21374, 1.70229, 1.236641],
[0, 0, 0, 0, 0, 0.1491277, 36.83671, 0.2286096, -2.977099, 1.992366, -0.2442748, 207.3728, 161.1009, 303.2009, -2.59542, 1.244275, 1.48855],
[0, 0, 0, 0, 0, 1.392259, 37.39309, 1.843071, -1.748092, 1.480916, 0.3206107, 207.4455, 161.8587, 301.973, -1.984733, 1.053435, 1.137405],
[0, 0, 0, 0, 0, 1.030451, 37.53794, 1.363802, -3.931298, 1.496183, -0.03816794, 207.4551, 161.3195, 302.7801, -2.496183, 1.59542, 1.099237],
[0, 0, 0, 0, 0, 0.8738094, 37.12428, 1.179483, -2.847328, 1.801527, -0.1984733, 207.4589, 161.4382, 302.5966, -2.19084, 1.183206, 1.51145],
[0, 0, 0, 0, 0, 0.8739187, 37.2272, 1.174906, -2.496183, 2.48855, 0.3282443, 207.6143, 161.091, 302.9464, -2.496183, 0.8549618, 1.229008],
[0, 0, 0, 0, 0, 0.6792577, 37.40565, 0.9130723, -2.80916, 2.290076, 0.1679389, 207.1674, 161.4518, 302.9011, -2.572519, 1.343511, 1.099237],
[0, 0, 0, 0, 0, 1.252462, 37.35793, 1.663082, -2.129771, 1.717557, -0.06870229, 207.1589, 161.1961, 303.2982, -2.282443, 1.045802, 1.694656],
[0, 0, 0, 0, 0, 0.7348732, 37.25924, 0.9912701, -2.923664, 1.801527, 0.2748091, 207.2912, 161.0696, 303.3396, -2.694656, 0.9694656, 1.236641],
[0, 0, 0, 0, 0, 1.420101, 37.46012, 1.874601, -3.274809, 1.740458, 0.5114504, 207.9333, 161.4016, 302.1309, -2.480916, 1.343511, 0.9847328],
[0, 0, 0, 0, 0, 0.8561043, 37.37193, 1.145056, -2.877863, 2.21374, 0.4198473, 207.6558, 161.1229, 302.8525, -3.122137, 1.236641, 1.206107],
[0, 0, 0, 0, 0, 0.6106365, 37.05986, 0.8351614, -3.801527, 2.030534, 0.2748091, 207.3968, 161.1827, 303.0511, -2.351145, 1.503817, 0.8625955],
[0, 0, 0, 0, 0, 1.028702, 37.1675, 1.381111, -3.015267, 2.312977, -0.2442748, 207.5266, 161.6818, 302.153, -3.312977, 1.625954, 2.022901],
[0, 0, 0, 0, 0, 1.344253, 37.33591, 1.784382, -2.419847, 2.175573, -0.09160305, 207.2081, 161.5285, 302.7389, -2.862595, 1.061069, 1.610687],
[0, 0, 0, 0, 0, 1.12798, 37.17907, 1.510935, -3.656489, 2.152672, 0.6641222, 207.3271, 161.6686, 302.3933, -2.274809, 1.412214, 1.29771],
[0, 0, 0, 0, 0, 346.4122, 34.67461, 340.8233, 2.175573, -1.977099, -4.030534, 204.8588, 157.3984, 311.6611, -2.091603, 6.068702, 4.335878],
[0, 0, 0, 0, 0, 348.8544, 29.67503, 341.0308, 5.61832, 2.763359, -1.854962, 205.0867, 163.6221, 301.8298, -4.259542, -7.259542, 5.221374],
[0, 0, 0, 0, 0, 351.3832, 29.26581, 344.9661, 3.633588, 2.015267, 7.328244, 204.4643, 163.7513, 302.3485, 2.572519, -3.374046, -4.343512],
[0, 0, 0, 0, 0, 350.9474, 30.69408, 345.066, 0.3282443, -0.4122138, 5.679389, 206.216, 164.1963, 299.6084, -5.389313, -1.671756, -5.625954],
[0, 0, 0, 0, 0, 352.1768, 31.73342, 347.5524, -4.374046, 5.160306, -0.519084, 205.2617, 163.3811, 302.0254, -1.557252, -1.664122, -0.007633588],
[0, 0, 0, 0, 0, 353.5643, 33.40538, 350.358, 0.02290076, 3.778626, 2.099237, 205.9462, 164.5846, 299.2554, -2.083969, -1.480916, -1.51145],
[0, 0, 0, 0, 0, 357.7686, 30.25596, 356.2376, 12.72519, -4.687023, -9.251908, 204.1357, 164.2742, 301.8483, -1.412214, 1.80916, 8.312977],
[0, 0, 0, 0, 0, 355.1959, 31.73888, 352.3273, -3.099237, 0.3282443, 3.10687, 206.824, 164.8521, 297.8852, 1.267176, 0.3358779, -1.755725],
[0, 0, 0, 0, 0, 356.5938, 32.98612, 354.8124, -1.763359, 4.854962, 3.183206, 206.3581, 163.7664, 300.1581, -3.580153, 0.5419847, -4.068702],
[0, 0, 0, 0, 0, 357.6846, 32.95129, 356.4772, -4.748092, 2.51145, 2.290076, 205.2521, 165.6302, 298.2193, -1.015267, 2.274809, 0.3969466],
[0, 0, 0, 0, 0, 354.6384, 30.70004, 351.0913, -3.435115, 4.908397, 3.038168, 204.9432, 164.4171, 300.6561, -2.748092, -2.854962, -1.458015],
[0, 0, 0, 0, 0, 355.261, 30.76016, 352.1404, -4.129771, -0.961832, 0.5877862, 205.2992, 165.3011, 298.7396, -3.78626, 3.641221, -0.02290076],
[0, 0, 0, 0, 0, 354.272, 31.16905, 350.6568, -3.793893, 2.10687, 0.8167939, 205.8817, 164.4222, 299.5971, -3.946565, 2.068702, 0.2671756],
[0, 0, 0, 0, 0, 354.3883, 31.11145, 350.8252, -2.198473, 2.847328, 1.320611, 205.5542, 164.1601, 300.3976, -2.312977, 0.5114504, 0.519084],
[0, 0, 0, 0, 0, 355.1106, 30.7203, 351.8791, -2.389313, 3.503817, 1.328244, 205.2129, 165.2383, 298.9428, -4.793893, 0.1908397, 0.8091603],
[0, 0, 0, 0, 0, 355.0417, 29.93725, 351.509, -2.641221, 2.274809, 0.4580153, 204.4927, 164.8495, 300.4296, -3.305344, 1.129771, 1.030534],
[0, 0, 0, 0, 0, 354.3133, 29.98082, 350.286, -3.244275, 1.656489, -0.1068702, 204.7088, 164.4546, 300.862, -3.10687, 1.847328, 1.870229],
[0, 0, 0, 0, 0, 354.5661, 30.83385, 351.0185, -2.992366, 2.167939, 0.6641222, 205.0245, 164.5689, 300.3041, -2.381679, 0.8473283, 0.9541985],
[0, 0, 0, 0, 0, 354.8304, 29.97442, 351.1618, -3.335878, 2.343511, 0.1679389, 204.6002, 164.4847, 300.9364, -2.603053, 0.8854962, 1.137405],
[0, 0, 0, 0, 0, 354.5722, 30.47379, 350.9025, -3.931298, 2.496183, 0.7862596, 204.4692, 164.9231, 300.3284, -3.076336, 1.29771, 0.9541985],
[0, 0, 0, 0, 0, 354.4132, 29.84498, 350.4044, -3.740458, 2.732824, 0.8931297, 204.6791, 164.7642, 300.3628, -3.251908, 1.236641, 0.8396947],
[0, 0, 0, 0, 0, 354.6049, 30.09596, 350.8224, -3.442748, 1.992366, 0.1221374, 204.7538, 164.5237, 300.6913, -2.274809, 1.80916, 1.465649],
[0, 0, 0, 0, 0, 355.1837, 30.34729, 351.883, -1.916031, 2.725191, -0.3129771, 205.2923, 164.6416, 299.8786, -2.473282, 0.1374046, 2.160305],
[0, 0, 0, 0, 0, 354.4964, 29.98602, 350.5985, -3.480916, 0.8931297, 1.21374, 204.9567, 164.8604, 299.8805, -0.9465649, 1.244275, 1.290076],
[0, 0, 0, 0, 0, 354.6124, 30.02272, 350.8087, -2.534351, 1.801527, 1.351145, 205.0313, 164.0245, 301.22, -2.473282, 1.21374, 0.2061069],
[0, 0, 0, 0, 0, 354.6946, 30.51134, 351.1194, -4.167939, 1.480916, -1.351145, 204.8085, 165.4059, 299.0983, -4.664122, 2.839695, 2.259542],
[0, 0, 0, 0, 0, 354.5089, 30.35426, 350.754, -6.29771, 2.656489, -0.2748091, 204.399, 164.0479, 301.9222, -5.335878, 2.89313, 1.610687],
[0, 0, 0, 0, 0, 353.6634, 29.79125, 349.1064, -2.748092, 2.946565, 0.8091603, 204.046, 164.3695, 301.7909, -2.717557, 0.4045802, 0.9389313],
[0, 0, 0, 0, 0, 354.093, 29.92211, 349.8898, -3.244275, 2.221374, 0.4885496, 204.1534, 164.1065, 302.116, -3.068702, 1.480916, 1.251908],
[0, 0, 0, 0, 0, 353.7714, 29.51589, 349.1735, -4.206107, 2.427481, 0.259542, 204.186, 164.5014, 301.3946, -3.167939, 0.9465649, 0.961832],
[0, 0, 0, 0, 0, 353.5752, 29.28767, 348.7355, -2.427481, 1.916031, 0.4351145, 204.2914, 164.8307, 300.6963, -2.274809, 0.740458, 1.251908],
[0, 0, 0, 0, 0, 353.8224, 29.44808, 349.2323, -2.51145, 1.656489, 1.038168, 204.0777, 164.8202, 300.9662, -2.358779, 1.122137, 0.4885496],
[0, 0, 0, 0, 0, 353.866, 29.15714, 349.1834, -2.435115, 1.961832, 1.351145, 204.2188, 165.9318, 298.8242, -0.7099237, 0.5343512, 0.9770992],
[0, 0, 0, 0, 0, 353.1761, 29.36034, 348.0801, -3.526718, 1.320611, -0.3129771, 204.5348, 165.3265, 299.5456, -2.610687, 1.931298, 1.328244],
[0, 0, 0, 0, 0, 354.3749, 28.91606, 349.9763, -3.145038, 2.259542, 0.648855, 204.5966, 164.9887, 300.0674, -3.80916, 1.480916, 1.137405],
[0, 0, 0, 0, 0, 352.9554, 28.84702, 347.4488, -3.969466, 2.755725, 0.5877862, 204.5523, 164.8895, 300.2911, -2.908397, 1.694656, 1.045802],
[0, 0, 0, 0, 0, 353.3311, 29.14369, 348.2468, -3.717557, 2.854962, -0.4656488, 204.4955, 164.7089, 300.6707, -3.061069, 1.10687, 2.061069],
[0, 0, 0, 0, 0, 353.2824, 29.4218, 348.2915, -4.221374, 1.877863, -0.08396947, 204.3363, 164.6869, 300.8947, -3.916031, 1.984733, 1.458015],
[0, 0, 0, 0, 0, 353.4716, 29.49857, 348.6511, -3.961832, 2.381679, 0.3816794, 204.1142, 164.3808, 301.6896, -3.480916, 1.335878, 0.7022901],
[0, 0, 0, 0, 0, 353.5576, 28.45769, 348.3248, -3.045802, 1.305344, 0.06870229, 204.2596, 164.5764, 301.1771, -2.59542, 1.137405, 1.129771],
[0, 0, 0, 0, 0, 353.356, 28.74201, 348.1014, -2.908397, 2.221374, 0.129771, 204.0594, 164.6587, 301.271, -2.473282, 1.114504, 1.557252],
[0, 0, 0, 0, 0, 353.2163, 28.62923, 347.8004, -5.015267, 2.221374, -0.1450382, 204.3833, 164.6121, 300.9696, -4.21374, 1.885496, 1.80916],
[0, 0, 0, 0, 0, 353.5788, 28.88518, 348.5603, -3.877863, 2.343511, 0.259542, 204.0352, 164.579, 301.4392, -2.740458, 1.427481, 1.244275],
[0, 0, 0, 0, 0, 353.3597, 28.93995, 348.2013, -3.839695, 1.900763, -0.2748091, 204.3833, 164.8964, 300.4744, -2.206107, 1.671756, 1.793893],
[0, 0, 0, 0, 0, 353.0216, 28.20561, 347.2416, -2.916031, 1.152672, 0.259542, 204.4934, 165.7787, 298.7906, -2.778626, 1.236641, 1.885496],
[0, 0, 0, 0, 0, 353.8218, 28.68904, 348.901, -3.603053, 2.320611, -0.1679389, 204.1882, 165.6704, 299.329, -1.977099, 1.564886, 2.358779],
[0, 0, 0, 0, 0, 353.6653, 28.37168, 348.4774, -3.770992, 1.328244, 0.2442748, 204.9216, 165.0992, 299.5069, -2.984733, 1.923664, 0.5725191],
[0, 0, 0, 0, 0, 353.4389, 29.08277, 348.4059, -3.145038, 1.351145, 0.3282443, 205.2046, 164.3836, 300.4152, -0.5648855, 1.610687, 1.70229],
[0, 0, 0, 0, 0, 0.09185915, 34.90782, 0.1702892, -15.0, 0.7862596, -5.274809, 202.512, 166.6576, 299.4664, -2.145038, 1.534351, 4.603054],
[0, 0, 0, 0, 0, 353.8436, 33.12091, 350.6759, -0.1450382, 4.961832, -1.061069, 202.7207, 166.8737, 298.8014, -5.458015, -0.7862596, 3.412214],
[0, 0, 0, 0, 0, 359.3282, 34.26094, 359.0471, 6.152672, -1.549618, -1.259542, 203.6412, 167.8815, 295.8254, -3.358779, -0.1603053, -0.6793893],
[0, 0, 0, 0, 0, 0.6086556, 34.34084, 0.9297665, -2.519084, 3.267176, 0.8931297, 203.1077, 167.7744, 296.613, -3.221374, 1.21374, 0.6946565],
[0, 0, 0, 0, 0, 1.059973, 34.55024, 1.574884, -2.48855, 2.236641, -1.10687, 202.3909, 167.9243, 297.1269, -3.29771, 1.748092, 2.778626],
[0, 0, 0, 0, 0, 0.7074548, 33.76553, 1.099318, -2.351145, 2.374046, 1.167939, 203.1784, 167.9528, 296.1867, -2.358779, 1.21374, 0.7175572],
[0, 0, 0, 0, 0, 0.4813589, 33.45415, 0.7724283, -4.671756, 3.015267, 0.3969466, 203.7724, 168.4588, 294.5705, -1.229008, 0.03816794, 1.366412],
[0, 0, 0, 0, 0, 0.7925789, 33.91474, 1.218787, -3.015267, 2.007634, -0.2137404, 203.7619, 168.0279, 295.4155, -3.40458, 1.343511, 1.40458],
[0, 0, 0, 0, 0, 0.4582302, 34.1773, 0.7152691, -3.664122, 1.824428, -0.4274809, 203.6895, 167.8985, 295.7412, -3.007634, 1.687023, 2.19084],
[0, 0, 0, 0, 0, 0.2985559, 33.95223, 0.4857579, -3.938931, 1.633588, 0.01526718, 203.2101, 168.0118, 296.0368, -3.122137, 1.70229, 1.396947],
[0, 0, 0, 0, 0, 0.8186584, 33.94161, 1.256082, -2.259542, 2.221374, -0.5725191, 203.7244, 168.2832, 294.9612, -3.427481, 0.9847328, 1.694656],
[0, 0, 0, 0, 0, 359.895, 33.58807, 359.8748, -3.755725, 1.801527, 0.2366412, 203.0263, 167.4986, 297.2408, -2.954198, 1.29771, 1.496183],
[0, 0, 0, 0, 0, -0.04647603, 33.56042, -0.02398939, -4.267176, 2.564885, 0.7175572, 203.526, 168.1996, 295.3315, -3.244275, 0.7175572, 0.5343512],
[0, 0, 0, 0, 0, 0.3322449, 34.26926, 0.5282174, -3.328244, 2.816794, 0.2900764, 203.9222, 167.5513, 296.1562, -3.641221, 1.068702, 1.282443],
[0, 0, 0, 0, 0, 0.7530428, 33.25288, 1.191915, -4.061069, 3.541985, 0.8244275, 203.1966, 168.2121, 295.6583, -3.564885, 0.5267176, 1.083969],
[0, 0, 0, 0, 0, 0.5309634, 33.3087, 0.8524294, -3.557252, 1.358779, -0.2290076, 203.6056, 167.7907, 296.0381, -1.778626, 1.656489, 1.343511],
[0, 0, 0, 0, 0, 0.1259306, 33.75832, 0.2325987, -2.29771, 3.221374, 0.7022901, 203.2624, 168.5307, 294.9594, -4.374046, 0.7862596, 1.21374],
[0, 0, 0, 0, 0, 359.0912, 33.25039, 358.6524, -6.282443, 3.274809, -0.1526718, 203.1453, 168.3215, 295.4977, -4.114504, 1.694656, 1.78626],
[0, 0, 0, 0, 0, 359.3837, 32.86634, 359.0846, -3.526718, 2.251908, -0.1068702, 203.4992, 167.9766, 295.7933, -1.641221, 1.244275, 1.503817],
[0, 0, 0, 0, 0, 0.08635361, 32.00485, 0.1919425, -1.694656, 2.236641, 0.9160305, 203.3848, 168.2216, 295.4381, -3.015267, 0.0, 1.015267],
[0, 0, 0, 0, 0, 359.6232, 32.57259, 359.4484, -5.305344, 1.274809, 0.1221374, 202.8864, 167.4348, 297.5236, -3.167939, 2.870229, 0.9236641],
[0, 0, 0, 0, 0, 359.7071, 32.99336, 359.5851, -1.40458, 1.709924, 0.2977099, 203.2286, 167.678, 296.6667, -2.503817, 0.740458, 1.259542],
[0, 0, 0, 0, 0, 359.6252, 32.98801, 359.4592, -1.969466, 1.320611, -0.2061069, 203.3295, 168.1499, 295.6375, -1.48855, 1.10687, 1.206107],
[0, 0, 0, 0, 0, 359.8439, 33.04738, 359.7953, -1.946565, 2.183206, 0.007633588, 203.6135, 167.7919, 296.0274, -2.19084, 0.8931297, 1.145038],
[0, 0, 0, 0, 0, 0.02196751, 33.2513, 0.08084807, -4.221374, 2.29771, -0.4732824, 203.317, 168.0982, 295.7521, -2.687023, 1.793893, 1.923664],
[0, 0, 0, 0, 0, 359.6922, 32.76082, 359.5589, -2.183206, 2.519084, 0.03816794, 203.3037, 167.9768, 296.0035, -3.045802, 1.122137, 1.236641],
[0, 0, 0, 0, 0, 0.6720582, 33.19125, 1.071585, -2.496183, 2.068702, -0.3664122, 203.7241, 167.9839, 295.54, -2.984733, 1.343511, 1.442748],
[0, 0, 0, 0, 0, -0.02916706, 33.38577, 0.002650309, -2.641221, 3.053435, 1.328244, 203.4837, 168.0614, 295.6453, -3.076336, 0.740458, 0.4351145],
[0, 0, 0, 0, 0, -0.06356642, 32.81764, -0.04844327, -4.458015, 2.290076, -0.1526718, 203.4909, 168.4079, 294.9613, -3.206107, 1.778626, 1.51145],
[0, 0, 0, 0, 0, 359.9289, 32.66787, 359.9254, -2.022901, 2.305344, 0.1221374, 203.2458, 168.4408, 295.1547, -2.977099, 0.610687, 1.732824],
[0, 0, 0, 0, 0, 359.6286, 32.17506, 359.4495, -2.549618, 1.564886, 0.09160305, 203.454, 167.7276, 296.3237, -2.282443, 1.259542, 1.206107],
[0, 0, 0, 0, 0, 359.572, 32.63617, 359.37, -2.755725, 1.954198, 0.2900764, 203.4368, 167.7577, 296.2842, -2.610687, 1.427481, 1.198473],
[0, 0, 0, 0, 0, 359.9116, 32.9612, 359.8989, -2.977099, 2.0, 0.3129771, 203.6095, 168.3059, 295.0366, -2.389313, 1.152672, 0.9007633],
[0, 0, 0, 0, 0, 359.7259, 32.58059, 359.6087, -3.923664, 1.679389, -0.3969466, 203.2363, 167.8782, 296.2691, -2.473282, 1.923664, 1.656489],
[0, 0, 0, 0, 0, 0.1720924, 32.33703, 0.3232967, -3.587786, 2.816794, 0.4580153, 203.4414, 167.5716, 296.6375, -3.557252, 0.9389313, 1.274809],
[0, 0, 0, 0, 0, 0.342286, 32.73618, 0.5808138, -2.572519, 2.259542, 0.9007633, 203.2198, 168.1007, 295.852, -3.557252, 0.9465649, 0.259542],
[0, 0, 0, 0, 0, 0.5261955, 32.53642, 0.8732493, -3.419847, 1.603053, -0.007633588, 203.4269, 168.1522, 295.529, -2.870229, 2.007634, 1.496183],
[0, 0, 0, 0, 0, 0.3801554, 33.20019, 0.6266887, -3.740458, 1.465649, 0.5114504, 203.2234, 167.7768, 296.4807, -2.778626, 2.183206, 0.8473283],
[0, 0, 0, 0, 0, 359.759, 32.71254, 359.6617, -3.732824, 2.267176, 0.1755725, 203.2079, 168.1151, 295.8366, -4.206107, 1.221374, 1.503817],
[0, 0, 0, 0, 0, 0.003210425, 32.25771, 0.05791061, -3.40458, 2.748092, 0.2061069, 202.9458, 168.2108, 295.9333, -4.412214, 0.6335878, 1.519084],
[0, 0, 0, 0, 0, 0.00364759, 32.36758, 0.05797892, -3.068702, 2.465649, 0.3664122, 202.9629, 168.1903, 295.9551, -4.122138, 1.236641, 1.221374],
[0, 0, 0, 0, 0, 359.4107, 31.6072, 359.0859, -3.503817, 4.244275, 2.198473, 202.5421, 168.7095, 295.3733, -4.259542, -0.351145, -0.740458],
[0, 0, 0, 0, 0, 358.6964, 30.76888, 357.8623, -2.603053, 3.114504, 0.5267176, 202.527, 167.6531, 297.509, -2.923664, 0.7938931, 1.374046],
[0, 0, 0, 0, 0, 358.6606, 31.24218, 357.8419, -1.381679, 1.870229, 0.6793893, 201.9634, 168.7097, 296.0177, -1.694656, 0.3129771, 0.9541985],
[0, 0, 0, 0, 0, 359.8119, 31.37669, 359.7338, -4.526718, 2.29771, 0.7328244, 202.1913, 168.6499, 295.8837, -3.480916, 1.755725, 0.8854962],
[0, 0, 0, 0, 0, 359.5763, 31.85286, 359.3596, -4.442748, 2.206107, 0.1984733, 202.2515, 168.7545, 295.6015, -4.603054, 2.129771, 1.572519],
[0, 0, 0, 0, 0, 358.6208, 31.51405, 357.7996, -3.770992, 2.022901, 0.08396947, 202.2646, 169.2523, 294.5574, -4.274809, 2.618321, 1.839695],
[0, 0, 0, 0, 0, 358.8548, 30.88267, 358.1354, -2.755725, 1.068702, -0.4198473, 201.7597, 167.9231, 297.8708, -1.847328, 1.618321, 1.656489],
[0, 0, 0, 0, 0, 351.8633, 30.65531, 346.5243, -4.076336, 2.877863, 2.274809, 203.4807, 164.7011, 301.8955, -4.732824, 1.221374, -0.3435115],
[0, 0, 0, 0, 0, 349.5054, 29.74758, 342.1421, 3.938931, -0.4351145, 1.206107, 203.0237, 163.7797, 304.0886, -0.1755725, 2.427481, 0.832061],
[0, 0, 0, 0, 0, 351.666, 30.19464, 345.9596, 1.961832, 0.3358779, 1.633588, 203.4412, 164.544, 302.2221, -1.854962, -0.4732824, -0.1145038],
[0, 0, 0, 0, 0, 351.8809, 30.85349, 346.654, -2.625954, 3.419847, 1.389313, 203.809, 164.3455, 302.1194, -1.633588, 0.8625955, -0.4503817],
[0, 0, 0, 0, 0, 351.0136, 30.60197, 345.1206, -5.38168, -1.015267, 0.6412213, 203.2861, 164.6906, 302.1539, -4.030534, 2.770992, -0.5572519],
[0, 0, 0, 0, 0, 351.0173, 30.96626, 345.3297, -0.5343512, 0.04580153, -1.145038, 202.7587, 164.0915, 303.8845, -0.3053435, 2.450382, 3.137405],
[0, 0, 0, 0, 0, 353.9313, 31.85905, 350.3621, -2.862595, 2.442748, 1.068702, 203.4096, 164.727, 301.9367, -3.244275, 1.664122, 1.10687],
[0, 0, 0, 0, 0, 353.1029, 31.67693, 348.9839, -4.122138, 2.603053, -0.03053435, 203.7156, 164.3137, 302.289, -4.557252, 1.549618, 1.603053],
[0, 0, 0, 0, 0, 351.9345, 31.80394, 347.2072, -3.885496, 1.832061, -0.6259542, 203.8982, 164.1993, 302.2649, -2.656489, 2.656489, 2.282443],
[0, 0, 0, 0, 0, 351.6215, 30.9985, 346.3117, -3.083969, 2.732824, 1.160305, 203.0026, 163.9017, 303.9032, -2.755725, 0.3664122, 0.7022901],
[0, 0, 0, 0, 0, 352.6084, 31.63294, 348.1847, -2.290076, 1.625954, -0.8778625, 203.0279, 164.8068, 302.2678, -2.40458, 2.129771, 2.412214],
[0, 0, 0, 0, 0, 351.7881, 30.96649, 346.5621, -3.938931, 2.038168, 0.3740458, 203.144, 163.839, 303.8312, -2.145038, 2.145038, 1.167939],
[0, 0, 0, 0, 0, 351.6669, 30.56298, 346.1572, -3.442748, 1.938931, -0.3740458, 203.4296, 163.6482, 303.7982, -2.816794, 1.412214, 1.526718],
[0, 0, 0, 0, 0, 352.005, 31.68287, 347.2596, -3.427481, 2.78626, 0.480916, 203.3505, 164.0523, 303.1981, -3.015267, 1.40458, 1.122137],
[0, 0, 0, 0, 0, 352.0941, 30.30827, 346.724, -3.748092, 2.007634, -0.7328244, 202.167, 164.1051, 304.6386, -2.770992, 2.053435, 2.183206],
[0, 0, 0, 0, 0, 351.9324, 30.29841, 346.4528, -3.564885, 3.320611, 0.9312977, 202.8235, 164.0739, 303.8316, -3.152672, 1.053435, 0.5801527],
[0, 0, 0, 0, 0, 350.7756, 30.80622, 344.8542, -5.221374, 2.572519, 0.1068702, 202.5259, 164.0196, 304.3152, -3.427481, 1.366412, 1.10687],
[0, 0, 0, 0, 0, 351.9444, 31.11215, 346.8855, -3.961832, 1.694656, -0.2366412, 203.2511, 164.1372, 303.1748, -2.389313, 1.748092, 1.320611],
[0, 0, 0, 0, 0, 351.909, 30.85831, 346.7016, -3.961832, 2.038168, -0.5343512, 202.4075, 164.2818, 304.0045, -3.40458, 1.770992, 2.167939],
[0, 0, 0, 0, 0, 351.3437, 30.36382, 345.5235, -2.778626, 2.549618, -0.6946565, 203.4079, 163.9493, 303.3051, -2.748092, 1.19084, 2.419847],
[0, 0, 0, 0, 0, 352.4714, 30.15098, 347.2693, -3.70229, 2.0, -0.6259542, 203.1042, 164.155, 303.3294, -3.198473, 2.030534, 2.053435],
[0, 0, 0, 0, 0, 350.8664, 29.80006, 344.415, -3.847328, 2.21374, -0.1908397, 202.7156, 164.4848, 303.2412, -3.244275, 1.709924, 1.435114],
[0, 0, 0, 0, 0, 351.4254, 30.9344, 345.9643, -2.916031, 3.312977, -0.2671756, 202.6045, 164.111, 304.0505, -2.427481, 1.10687, 1.984733],
[0, 0, 0, 0, 0, 352.1291, 29.73985, 346.4884, -2.732824, 2.557252, -0.3358779, 203.4312, 164.3644, 302.5509, -1.167939, 1.175573, 2.21374],
[0, 0, 0, 0, 0, 352.2292, 29.84571, 346.7114, -3.572519, 2.282443, 0.2442748, 203.0535, 164.4977, 302.7879, -3.015267, 2.053435, 1.427481],
[0, 0, 0, 0, 0, 351.8255, 29.81881, 346.0217, -2.435115, 1.343511, -0.8778625, 202.6336, 164.2244, 303.8114, -3.076336, 1.564886, 2.236641],
[0, 0, 0, 0, 0, 352.473, 30.15928, 347.276, -2.145038, 1.519084, -0.2213741, 203.4913, 164.4307, 302.3599, -1.961832, 1.030534, 1.725191],
[0, 0, 0, 0, 0, 352.2123, 30.08166, 346.804, -3.519084, 2.412214, -0.07633588, 203.2494, 164.8094, 301.9875, -2.885496, 1.541985, 1.557252],
[0, 0, 0, 0, 0, 351.8878, 29.42556, 345.9126, -3.770992, 2.129771, 0.6259542, 203.0186, 164.666, 302.5316, -4.152672, 1.938931, 1.015267],
[0, 0, 0, 0, 0, 351.6919, 29.39666, 345.5644, -2.80916, 2.061069, 0.1908397, 202.6742, 164.8065, 302.7156, -3.175573, 1.534351, 1.427481],
[0, 0, 0, 0, 0, 351.8344, 29.14267, 345.6647, -2.755725, 1.694656, 0.5725191, 203.3505, 164.4797, 302.4479, -2.022901, 1.557252, 1.129771],
[0, 0, 0, 0, 0, 351.7351, 30.29073, 346.1246, -3.419847, 2.427481, 0.4351145, 203.1839, 164.174, 303.1951, -2.19084, 0.5267176, 1.427481],
[0, 0, 0, 0, 0, 351.77, 29.35329, 345.6726, -4.961832, 2.961832, -0.1374046, 202.4946, 164.3832, 303.709, -4.229008, 2.068702, 1.946565],
[0, 0, 0, 0, 0, 351.6012, 29.7231, 345.5941, -3.610687, 2.091603, 0.6717557, 203.104, 164.2903, 303.0913, -3.076336, 1.175573, 1.259542],
[0, 0, 0, 0, 0, 351.3389, 29.47594, 345.0133, -3.389313, 1.694656, -0.3282443, 203.0082, 164.6465, 302.5796, -1.80916, 1.221374, 2.160305],
[0, 0, 0, 0, 0, 351.9768, 29.60963, 346.163, -2.908397, 3.503817, -0.09923664, 202.5106, 164.9353, 302.6912, -3.862595, 0.0610687, 2.122137],
[0, 0, 0, 0, 0, 351.6342, 29.17517, 345.3409, -5.656488, 2.312977, 0.1832061, 202.6989, 164.3676, 303.4719, -3.885496, 2.412214, 1.40458],
[0, 0, 0, 0, 0, 351.5963, 29.68078, 345.5624, -3.80916, 2.267176, 1.503817, 202.5036, 164.6021, 303.3042, -2.954198, 1.862595, 0.03816794],
[0, 0, 0, 0, 0, 351.1926, 29.17118, 344.5864, -2.870229, 1.40458, -0.2519084, 202.2806, 164.6225, 303.5579, -3.099237, 1.21374, 1.717557],
[0, 0, 0, 0, 0, 352.1344, 29.86764, 346.5641, -2.061069, 1.534351, 0.1450382, 202.9688, 164.4683, 302.9474, -2.061069, 1.48855, 1.0],
[0, 0, 0, 0, 0, 351.6469, 29.35411, 345.4642, -3.251908, 1.374046, -0.3969466, 202.93, 164.5165, 302.9108, -2.465649, 1.648855, 1.770992],
[0, 0, 0, 0, 0, 351.6529, 29.84728, 345.7491, -2.549618, 1.80916, 0.1603053, 202.8106, 164.6818, 302.7664, -2.053435, 1.206107, 1.007634],
[0, 0, 0, 0, 0, 351.8161, 29.13613, 345.6296, -2.374046, 2.465649, 0.961832, 203.1371, 164.6636, 302.3875, -2.793893, 0.9541985, 1.022901],
[0, 0, 0, 0, 0, 351.4187, 29.93588, 345.4089, -2.900763, 1.580153, 0.2290076, 203.2651, 164.7851, 302.0114, -2.274809, 1.694656, 1.618321],
[0, 0, 0, 0, 0, 351.4923, 29.52186, 345.298, -2.282443, 2.045802, 0.1374046, 203.0657, 164.0562, 303.552, -2.89313, 1.122137, 1.198473],
[0, 0, 0, 0, 0, 351.4187, 29.52555, 345.1763, -2.870229, 2.832061, 0.832061, 202.7772, 164.2086, 303.6534, -4.305344, 1.076336, 0.8549618],
[0, 0, 0, 0, 0, 350.6733, 28.6273, 343.3591, -2.412214, 2.519084, -0.5801527, 202.5859, 164.9262, 302.6113, -2.580153, 1.137405, 1.854962],
[0, 0, 0, 0, 0, 351.1579, 28.62555, 344.1945, -2.824427, 1.465649, 0.1221374, 202.5319, 164.489, 303.4708, -2.755725, 1.366412, 0.9236641],
[0, 0, 0, 0, 0, 356.1092, 27.35281, 352.5968, -4.244275, 3.78626, 0.6030535, 205.0163, 166.9832, 296.0622, -3.21374, 2.114504, 1.900763],
[0, 0, 0, 0, 0, 354.7096, 26.99283, 349.7943, -3.21374, 1.778626, -0.03816794, 204.5713, 168.4889, 293.7146, -1.412214, 2.816794, 1.816794],
[0, 0, 0, 0, 0, 354.9123, 26.31497, 349.8965, -3.145038, 1.534351, -1.114504, 204.2869, 167.2118, 296.4053, -1.885496, 2.549618, 2.885496],
[0, 0, 0, 0, 0, 355.3596, 26.37292, 350.8014, -0.740458, 2.10687, 2.282443, 204.7916, 167.1747, 295.9449, -2.083969, 0.9236641, 0.3206107],
[0, 0, 0, 0, 0, 355.6146, 26.43475, 351.3273, -5.129771, 2.503817, 0.6335878, 204.7841, 167.7277, 294.9332, -3.335878, 0.610687, 0.8549618],
[0, 0, 0, 0, 0, 356.1019, 26.61949, 352.3496, -2.839695, 2.129771, 0.4656488, 205.4187, 167.9471, 293.9073, -2.267176, 1.587786, 1.343511],
[0, 0, 0, 0, 0, 355.1927, 27.33576, 350.8517, -3.10687, 1.977099, 0.1145038, 204.855, 167.6298, 295.0432, -2.503817, 1.282443, 1.778626],
[0, 0, 0, 0, 0, 354.8883, 26.06886, 349.7418, -3.335878, 2.740458, -0.01526718, 204.877, 167.7825, 294.7386, -3.770992, 1.290076, 1.946565],
[0, 0, 0, 0, 0, 354.7556, 26.27444, 349.5703, -3.870229, 2.89313, -0.02290076, 204.7188, 167.1915, 295.9896, -2.496183, 1.40458, 1.725191],
[0, 0, 0, 0, 0, 354.2745, 26.03824, 348.5105, -2.839695, 2.099237, 0.4045802, 205.0904, 167.9425, 294.2326, -2.503817, 1.206107, 1.053435],
[0, 0, 0, 0, 0, 354.9595, 25.38181, 349.5778, -2.503817, 2.854962, 0.351145, 204.9447, 168.3509, 293.6139, -2.51145, 0.4580153, 2.053435],
[0, 0, 0, 0, 0, 354.5703, 25.10919, 348.6483, -3.70229, 1.320611, 0.1679389, 204.4533, 167.8963, 294.9521, -2.099237, 3.572519, 2.816794],
[0, 0, 0, 0, 0, 354.7124, 25.79954, 349.2689, -3.175573, 1.51145, 0.2442748, 204.9431, 167.7682, 294.6994, -2.236641, 2.51145, 1.152672],
[0, 0, 0, 0, 0, 355.6856, 26.47333, 351.4813, -2.793893, 2.038168, 1.198473, 204.746, 167.7904, 294.855, -3.312977, 1.083969, 0.6717557],
[0, 0, 0, 0, 0, 354.744, 25.91561, 349.3856, -2.923664, 1.374046, -0.7862596, 204.6839, 166.9084, 296.5443, -2.320611, 2.022901, 2.419847],
[0, 0, 0, 0, 0, 354.8846, 25.72414, 349.5808, -2.648855, 1.847328, 0.9236641, 204.7605, 167.9042, 294.6286, -2.091603, 1.038168, 0.1755725],
[0, 0, 0, 0, 0, 354.7397, 25.41037, 349.142, -3.259542, 3.618321, 0.1526718, 204.6654, 167.0571, 296.2917, -2.709924, 0.5419847, 1.961832],
[0, 0, 0, 0, 0, 355.1027, 26.03095, 350.1524, -3.78626, 1.656489, 0.610687, 204.5613, 167.1376, 296.2529, -6.984733, 4.022901, 2.061069],
[0, 0, 0, 0, 0, 354.7111, 25.42372, 349.0901, -3.801527, 2.374046, 0.5038168, 204.6089, 167.5973, 295.3528, -3.229008, 1.335878, 0.7022901],
[0, 0, 0, 0, 0, 354.1448, 24.79923, 347.6055, -1.389313, 3.671756, 1.076336, 204.6403, 167.3164, 295.841, -0.2900764, -2.152672, 0.9770992],
[0, 0, 0, 0, 0, 355.1558, 24.65113, 349.6511, -3.503817, 0.961832, -0.3053435, 204.3032, 167.728, 295.4225, -1.351145, 1.290076, 0.6946565],
[0, 0, 0, 0, 0, 354.7725, 25.02607, 349.0256, -3.175573, 1.541985, 0.3282443, 204.7533, 167.6263, 295.1523, -2.40458, 1.541985, 1.122137],
[0, 0, 0, 0, 0, 355.174, 25.09542, 349.891, -2.534351, 2.732824, 0.4732824, 204.5242, 167.9968, 294.6915, -3.48855, 1.244275, 1.251908],
[0, 0, 0, 0, 0, 354.2917, 24.06319, 347.5078, -5.053435, 0.8015267, -2.374046, 204.5548, 167.295, 295.9691, -4.091603, 3.259542, 2.335878],
[0, 0, 0, 0, 0, 354.6432, 24.95282, 348.7215, -1.793893, 2.793893, 2.862595, 204.5269, 167.1019, 296.3549, -4.175572, 1.19084, -0.9160305],
[0, 0, 0, 0, 0, 355.209, 25.44923, 350.1184, -2.328244, 3.900763, 2.900763, 205.0381, 168.4778, 293.2873, 2.442748, -1.366412, -0.1374046],
[0, 0, 0, 0, 0, 354.8614, 26.2597, 349.7721, -2.290076, 1.961832, 0.9923664, 204.5409, 168.697, 293.3475, -3.755725, 0.2442748, 0.9847328],
[0, 0, 0, 0, 0, 354.7368, 26.90614, 349.8094, -1.099237, 3.923664, 1.435114, 204.7634, 168.0536, 294.3466, -5.358778, 1.114504, 0.4045802],
[0, 0, 0, 0, 0, 353.8552, 25.56915, 347.4329, -0.0610687, 2.091603, 0.6259542, 205.1378, 167.8088, 294.4325, -1.267176, -0.6641222, 2.816794],
[0, 0, 0, 0, 0, 354.0807, 24.89129, 347.5231, -4.244275, 1.038168, 0.8778625, 204.0424, 166.5374, 297.9185, -3.458015, 1.862595, 0.1068702],
[0, 0, 0, 0, 0, 354.5359, 25.63406, 348.8357, -3.854962, 2.854962, 1.076336, 204.7077, 167.7589, 294.9521, -4.167939, 1.083969, 0.480916],
[0, 0, 0, 0, 0, 353.8031, 25.52141, 347.3022, -2.793893, 0.3129771, -0.3358779, 203.7227, 167.7184, 296.0514, -5.419847, 2.442748, 1.89313],
[0, 0, 0, 0, 0, 353.2857, 24.05606, 345.3576, -3.572519, 0.1526718, 0.5954198, 204.0853, 166.6127, 297.7324, -4.91603, 2.160305, 0.03053435],
[0, 0, 0, 0, 0, 353.5393, 23.57264, 345.5854, -3.870229, 0.8091603, -0.3053435, 205.2693, 166.9306, 295.8982, -5.435114, 2.435115, -0.007633588],
[0, 0, 0, 0, 0, 353.8718, 24.6431, 346.9496, -3.931298, 3.755725, -0.1068702, 204.796, 166.9953, 296.2683, -3.221374, 0.9160305, 1.610687],
[0, 0, 0, 0, 0, 353.9243, 25.24885, 347.3981, -3.022901, 1.938931, -0.2900764, 204.3443, 166.9473, 296.8337, -1.778626, 0.6793893, 1.648855],
[0, 0, 0, 0, 0, 353.6407, 26.23626, 347.3675, -3.946565, 1.061069, -0.1679389, 204.9845, 167.1973, 295.7058, -3.458015, 1.625954, 1.396947],
[0, 0, 0, 0, 0, 353.2749, 25.54966, 346.2611, -6.48855, 2.854962, -3.427481, 204.0689, 167.3158, 296.4433, -4.641222, 2.091603, 3.251908],
[0, 0, 0, 0, 0, 354.2146, 24.59887, 347.6418, -2.259542, 0.480916, -0.519084, 204.9161, 167.0843, 295.9817, -2.030534, 1.206107, 1.755725],
[0, 0, 0, 0, 0, 353.4577, 26.0287, 346.8966, -0.4885496, 1.946565, 2.648855, 205.1183, 167.4398, 295.1281, 0.5954198, -0.03053435, -0.4503817],
[0, 0, 0, 0, 0, 355.268, 25.34903, 350.1963, -3.290076, 3.694656, 1.694656, 204.9991, 167.4559, 295.2182, -2.885496, 0.2213741, -0.2748091],
[0, 0, 0, 0, 0, 353.945, 25.82608, 347.7492, -4.465649, 1.564886, 0.4580153, 204.7329, 166.5817, 297.086, -2.51145, 3.557252, 1.167939],
[0, 0, 0, 0, 0, 353.3037, 26.75116, 346.9958, -3.671756, 2.396947, -0.3664122, 204.7132, 166.2781, 297.6546, -0.480916, 1.48855, 2.435115],
[0, 0, 0, 0, 0, 354.0053, 25.75032, 347.8298, -1.29771, 3.465649, -0.6183206, 204.7801, 166.7641, 296.7056, -2.641221, 0.1374046, 1.80916],
[0, 0, 0, 0, 0, 355.0125, 25.28996, 349.6449, -2.89313, 3.694656, 0.7328244, 204.7818, 166.5173, 297.1503, -2.59542, -0.519084, 0.7938931],
[0, 0, 0, 0, 0, 355.2781, 24.75564, 349.9569, -4.572519, 1.656489, -1.374046, 205.0967, 167.42, 295.1859, -4.519084, 2.229008, 1.175573],
[0, 0, 0, 0, 0, 354.3574, 24.29164, 347.775, -2.725191, 1.832061, -0.01526718, 204.304, 167.0926, 296.6082, -4.557252, 2.022901, 1.343511],
[0, 0, 0, 0, 0, 353.3428, 24.29407, 345.6314, -3.068702, 1.221374, -0.3053435, 204.2554, 167.2025, 296.4559, -3.19084, 1.251908, 1.80916],
[0, 0, 0, 0, 0, 347.1057, 19.57448, 327.4257, -3.832061, 1.480916, -0.4656488, 203.5055, 170.6199, 290.4964, -2.977099, 1.793893, 0.5114504],
[0, 0, 0, 0, 0, 347.1488, 20.6367, 328.9813, -3.641221, 0.648855, 3.435115, 204.0359, 169.8635, 291.5477, -1.396947, 2.458015, -1.89313],
[0, 0, 0, 0, 0, 347.0059, 18.72163, 325.9583, -4.427481, -1.847328, 1.51145, 202.485, 168.8373, 295.1751, -3.412214, 0.480916, 0.9236641],
[0, 0, 0, 0, 0, 347.7681, 22.83345, 332.9207, -11.78626, 5.175572, -1.778626, 204.3516, 168.1285, 294.6164, 1.687023, 4.526718, 0.351145],
[0, 0, 0, 0, 0, 346.6235, 19.78854, 326.7344, -5.099236, 2.458015, 0.480916, 204.277, 169.967, 291.1234, -3.10687, -1.503817, 2.114504],
[0, 0, 0, 0, 0, 347.8717, 19.46422, 328.8993, -3.320611, 2.725191, -0.9007633, 204.4204, 168.9608, 292.9569, -3.442748, -0.4732824, 2.633588],
[0, 0, 0, 0, 0, 348.3884, 20.34766, 331.2006, -2.374046, 0.5038168, -1.458015, 204.8792, 169.9033, 290.717, -0.7633588, 3.221374, 2.022901],
[0, 0, 0, 0, 0, 345.8123, 20.32599, 325.8767, -5.442748, 3.778626, 1.274809, 205.0601, 168.5705, 293.0928, -2.732824, 0.2977099, 1.366412],
[0, 0, 0, 0, 0, 346.8339, 18.84398, 325.78, -1.80916, -1.671756, -3.526718, 204.7589, 169.3095, 291.9696, -2.022901, 3.641221, 4.267176],
[0, 0, 0, 0, 0, 346.1384, 18.39178, 323.6299, -4.671756, 5.053435, 0.4351145, 204.4557, 169.1567, 292.5449, -4.419847, 1.167939, 0.9083969],
[0, 0, 0, 0, 0, 346.3428, 20.00251, 326.4705, -4.557252, 1.732824, -0.3206107, 205.2213, 169.8618, 290.5027, -2.78626, 1.51145, 0.7175572],
[0, 0, 0, 0, 0, 346.0183, 18.50339, 323.5601, -2.099237, 2.48855, 0.2061069, 204.713, 169.5499, 291.5476, -4.40458, 1.305344, 1.29771],
[0, 0, 0, 0, 0, 345.5739, 19.6442, 324.4175, -1.824428, 1.267176, -0.6641222, 205.2237, 169.4677, 291.2517, -0.6793893, 2.274809, 2.129771],
[0, 0, 0, 0, 0, 345.5453, 18.43266, 322.4897, -3.603053, 0.5038168, -0.5114504, 205.0988, 169.1996, 291.8713, -5.068702, 1.587786, 0.08396947],
[0, 0, 0, 0, 0, 346.1983, 20.64711, 327.0853, -6.045802, 3.198473, -0.3664122, 205.3956, 169.3525, 291.3189, -3.618321, 0.9541985, 1.236641],
[0, 0, 0, 0, 0, 345.2945, 19.31141, 323.3675, -4.015267, 3.396947, 1.274809, 204.2542, 169.3818, 292.2963, -2.251908, 0.740458, 1.114504],
[0, 0, 0, 0, 0, 344.4441, 19.37374, 321.8291, -4.656488, 1.618321, -0.2748091, 204.6263, 169.2851, 292.1382, -4.267176, 1.152672, 1.282443],
[0, 0, 0, 0, 0, 346.8934, 18.90006, 325.99, -4.015267, 3.366412, 0.648855, 204.5845, 169.1976, 292.3456, -3.877863, 0.1984733, 1.885496],
[0, 0, 0, 0, 0, 346.3362, 20.32202, 326.9084, 0.2442748, 2.946565, 2.396947, 205.0199, 169.2143, 291.9145, -1.366412, 2.740458, 2.320611],
[0, 0, 0, 0, 0, 344.4127, 18.5762, 320.5083, -5.778626, 1.900763, -1.938931, 205.4398, 169.2026, 291.5618, -3.122137, 2.755725, 3.290076],
[0, 0, 0, 0, 0, 345.5824, 18.20396, 322.1953, -1.923664, 2.19084, 2.419847, 204.258, 168.7688, 293.484, -5.091603, -1.129771, 0.3969466],
[0, 0, 0, 0, 0, 345.302, 19.72936, 324.0124, -3.206107, 2.78626, -1.21374, 203.9696, 169.4164, 292.497, 0.2137404, 1.465649, 5.10687],
[0, 0, 0, 0, 0, 344.0574, 19.09478, 320.6684, -3.679389, 1.557252, -0.6335878, 203.3971, 170.0579, 291.7505, -1.877863, 2.175573, 1.908397],
[0, 0, 0, 0, 0, 344.841, 19.20925, 322.3306, 1.419847, 1.51145, -0.2671756, 203.238, 168.5791, 294.8891, -1.908397, -0.8854962, 4.717557],
[0, 0, 0, 0, 0, 345.7071, 18.43068, 322.8121, -3.641221, 5.503817, 6.259542, 204.1692, 169.9539, 291.2465, -2.80916, -1.679389, -3.603053],
[0, 0, 0, 0, 0, 346.5831, 19.59205, 326.3683, -3.145038, 0.3358779, 2.312977, 203.6606, 171.0561, 289.4596, -3.251908, 5.129771, 3.167939],
[0, 0, 0, 0, 0, 346.4705, 19.41675, 325.8809, -5.900764, 2.229008, -0.832061, 204.1116, 169.7626, 291.6787, 0.5114504, 2.641221, 9.931297],
[0, 0, 0, 0, 0, 344.4276, 18.0287, 319.6372, -11.9771, 5.221374, -1.89313, 205.6486, 170.2654, 289.38, -1.374046, 2.29771, 7.526718],
[0, 0, 0, 0, 0, 343.7749, 18.27372, 318.8152, -10.22901, 0.9694656, -1.641221, 205.886, 171.7552, 286.3508, -7.603054, 3.137405, 2.885496],
[0, 0, 0, 0, 0, 345.9582, 19.38161, 324.7893, 0.9694656, 2.244275, 1.793893, 206.1299, 170.7318, 288.125, -3.664122, 0.3358779, -0.8091603],
[0, 0, 0, 0, 0, 345.4917, 18.35083, 322.2506, -2.854962, 3.80916, -3.099237, 205.7649, 170.0372, 289.7176, -3.954198, 1.610687, 4.503817],
[0, 0, 0, 0, 0, 347.9162, 19.0746, 328.4433, 3.725191, 0.4580153, -1.603053, 206.2749, 170.5295, 288.395, -2.099237, 2.343511, 2.80916],
[0, 0, 0, 0, 0, 345.877, 17.72152, 322.002, -4.19084, 2.793893, -0.9389313, 205.8485, 170.5391, 288.7032, -0.8854962, 1.519084, 3.396947],
[0, 0, 0, 0, 0, 346.047, 19.55194, 325.2213, -5.328244, 2.061069, -0.8778625, 207.0492, 171.0429, 286.888, -1.824428, 1.557252, 2.770992],
[0, 0, 0, 0, 0, 346.2569, 18.41603, 323.9131, -1.503817, 2.526718, 1.122137, 206.8339, 170.2881, 288.4209, -4.419847, 0.6641222, 0.2442748],
[0, 0, 0, 0, 0, 346.5566, 18.59687, 324.8197, -3.198473, 1.053435, -0.4274809, 206.3515, 170.9511, 287.55, -3.083969, 1.625954, 1.083969],
[0, 0, 0, 0, 0, 346.5118, 18.98364, 325.319, -2.938931, 2.725191, -0.5954198, 206.2477, 170.8219, 287.8681, -1.770992, 1.091603, 2.40458],
[0, 0, 0, 0, 0, 346.3621, 18.53349, 324.3159, -1.709924, 3.206107, 1.129771, 205.8975, 170.7706, 288.2266, -4.343512, 0.6870229, 0.8091603],
[0, 0, 0, 0, 0, 345.8547, 18.02483, 322.4564, -4.80916, 0.8167939, 0.1603053, 205.3398, 170.3857, 289.3992, -2.557252, 2.045802, 1.21374],
[0, 0, 0, 0, 0, 346.1798, 19.60047, 325.5602, -2.908397, 1.450382, 0.129771, 205.9392, 171.0075, 287.7451, -2.114504, 0.7557252, 1.259542],
[0, 0, 0, 0, 0, 346.2272, 18.45312, 323.9104, -2.954198, 2.80916, 0.2290076, 206.3983, 170.7993, 287.7998, -3.244275, 1.473282, 1.465649],
[0, 0, 0, 0, 0, 345.7721, 17.53695, 321.4771, -4.267176, 2.450382, 0.4122138, 206.1946, 170.2888, 288.9052, -3.10687, 1.496183, 0.519084],
[0, 0, 0, 0, 0, 346.1046, 18.60843, 323.9022, -3.396947, 0.7709923, 0.4427481, 206.0539, 171.0384, 287.6022, -1.389313, 1.755725, 0.8091603],
[0, 0, 0, 0, 0, 345.565, 18.84528, 323.1819, -5.541985, 2.931298, -0.6335878, 205.5527, 170.699, 288.6279, -3.709924, 1.854962, 0.7938931],
[0, 0, 0, 0, 0, 345.3402, 18.5898, 322.3318, -4.648855, 2.679389, 0.04580153, 205.7358, 170.7274, 288.432, -1.870229, 1.053435, 1.320611],
[0, 0, 0, 0, 0, 344.9655, 18.74029, 321.8354, -3.312977, 2.351145, -0.07633588, 205.9355, 171.0349, 287.6958, -2.022901, 1.129771, 1.40458],
[0, 0, 0, 0, 0, 345.2034, 17.4063, 320.1022, -4.603054, 2.129771, 1.076336, 205.1409, 170.4167, 289.5015, -3.053435, 1.007634, -0.3282443],
[0, 0, 0, 0, 0, 345.2369, 18.71668, 322.3292, -2.053435, 1.938931, 1.0, 205.7202, 170.1878, 289.4695, -2.030534, 0.4427481, 0.7633588],
[0, 0, 0, 0, 0, 343.0484, 18.79499, 318.3476, -4.748092, 7.961832, 4.854962, 199.5715, 171.0648, 293.5082, 3.473282, -8.442748, 0.7862596],
[0, 0, 0, 0, 0, 347.6445, 22.01345, 331.7234, 8.022901, 2.877863, -2.389313, 200.9496, 171.506, 290.9806, 3.343511, 0.6335878, 5.984733],
[0, 0, 0, 0, 0, 346.7501, 18.07412, 324.4056, 6.114504, 2.183206, -4.847328, 202.3188, 171.8067, 289.0165, 1.832061, -2.053435, 8.106871],
[0, 0, 0, 0, 0, 348.4338, 19.81567, 330.6017, -5.78626, 5.21374, 0.8167939, 201.0527, 172.8951, 287.619, -4.862596, 1.770992, 0.8167939],
[0, 0, 0, 0, 0, 349.1755, 19.5038, 331.8389, -3.083969, 3.320611, -2.442748, 202.1438, 171.6578, 289.5019, -4.267176, 1.068702, 4.076336],
[0, 0, 0, 0, 0, 344.5663, 19.1587, 321.7265, -11.34351, 1.480916, 4.89313, 202.7971, 171.6748, 288.89, -2.877863, 6.160306, -1.557252],
[0, 0, 0, 0, 0, 345.1037, 20.92983, 325.3631, 1.839695, 3.854962, 4.977099, 201.7036, 171.4136, 290.455, -10.19847, -1.412214, -2.694656],
[0, 0, 0, 0, 0, 344.9732, 19.50381, 323.037, -4.541985, 1.923664, 2.610687, 201.2776, 171.8824, 289.7919, -1.40458, 1.21374, -0.8015267],
[0, 0, 0, 0, 0, 343.5066, 18.59197, 318.8449, 0.4351145, 2.374046, 0.870229, 200.9094, 170.9743, 292.2454, -4.114504, 4.267176, 1.679389],
[0, 0, 0, 0, 0, 343.4285, 19.28012, 319.8064, -5.664122, 3.839695, 1.274809, 201.3602, 170.6783, 292.4429, -3.534351, 1.80916, -0.1755725],
[0, 0, 0, 0, 0, 344.8461, 18.81281, 321.7187, 0.6870229, 1.442748, 1.099237, 200.6218, 170.9233, 292.6687, -2.21374, 0.5496183, -0.5419847],
[0, 0, 0, 0, 0, 344.4247, 18.29949, 320.0801, -2.625954, 2.099237, 0.870229, 200.3649, 171.2448, 292.1958, -5.312977, 1.763359, -0.1450382],
[0, 0, 0, 0, 0, 343.463, 19.43029, 320.1043, -3.625954, 4.389313, 0.7557252, 200.9327, 170.2134, 293.941, -3.916031, 2.198473, 1.312977],
[0, 0, 0, 0, 0, 342.2858, 18.04705, 315.7679, -1.122137, 2.412214, 1.167939, 201.4047, 170.5667, 292.6448, -2.564885, 0.7099237, -0.09160305],
[0, 0, 0, 0, 0, 343.38, 17.99005, 317.6148, -2.320611, 2.549618, 1.29771, 201.5046, 171.1466, 291.2478, -1.557252, 1.671756, -0.1832061],
[0, 0, 0, 0, 0, 343.9475, 19.87184, 321.6671, -3.366412, 7.137404, -1.236641, 201.8719, 169.6138, 294.2202, -2.343511, 2.343511, 3.374046],
[0, 0, 0, 0, 0, 343.2623, 17.30328, 316.22, -1.778626, 4.129771, 1.48855, 201.1261, 170.5399, 292.9991, -1.206107, 0.9923664, 1.748092],
[0, 0, 0, 0, 0, 342.6298, 16.89599, 314.3672, -3.770992, -1.351145, 1.625954, 201.4193, 171.1151, 291.4035, -1.442748, 1.908397, -0.870229],
[0, 0, 0, 0, 0, 342.7799, 17.36324, 315.4586, -4.541985, 1.351145, 0.259542, 201.3771, 170.359, 293.1342, -1.167939, 2.145038, 0.4961832],
[0, 0, 0, 0, 0, 341.9546, 13.98691, 307.6248, 9.893129, 3.51145, 1.931298, 202.1352, 170.9851, 290.9914, -8.206107, 2.977099, 2.450382],
[0, 0, 0, 0, 0, 345.0576, 18.95203, 322.349, 1.053435, 5.267176, -0.5267176, 201.5074, 169.7982, 294.221, -3.450382, 1.847328, 4.755725],
[0, 0, 0, 0, 0, 342.867, 19.56166, 319.2453, -2.938931, 2.480916, 1.603053, 202.0178, 169.9956, 293.25, -3.083969, 0.6946565, 1.839695],
[0, 0, 0, 0, 0, 345.4885, 21.29784, 326.5977, -4.847328, 3.229008, -0.3969466, 201.764, 170.3284, 292.7951, -2.038168, 1.007634, 3.992366],
[0, 0, 0, 0, 0, 345.2934, 20.12079, 324.5721, -0.02290076, 3.274809, 2.877863, 201.6793, 168.7794, 296.1975, -2.625954, 1.618321, 2.045802],
[0, 0, 0, 0, 0, 343.5581, 18.71469, 319.1387, -5.442748, 2.458015, -1.587786, 200.8107, 169.7149, 295.1885, -2.083969, 0.8015267, 2.030534],
[0, 0, 0, 0, 0, 344.0981, 20.2142, 322.4573, -3.877863, 1.816794, -0.3816794, 200.9714, 168.855, 296.8718, -0.6335878, 3.076336, 1.816794],
[0, 0, 0, 0, 0, 343.1375, 17.9948, 317.1834, -3.564885, 1.229008, 1.587786, 201.6987, 169.4312, 294.7987, -2.603053, 1.374046, -0.09160305],
[0, 0, 0, 0, 0, 342.9433, 18.69028, 317.9901, -3.618321, -3.19084, -0.7022901, 201.6398, 168.8435, 296.1087, -1.89313, 3.221374, 1.770992],
[0, 0, 0, 0, 0, 342.8957, 19.02812, 318.4519, -4.206107, 1.80916, -1.145038, 201.0329, 170.0679, 294.1538, -4.305344, 1.954198, 2.900763],
[0, 0, 0, 0, 0, 342.9618, 17.88855, 316.6881, -1.312977, 2.862595, -0.07633588, 201.2806, 169.2907, 295.5716, -4.29771, 1.312977, 1.908397],
[0, 0, 0, 0, 0, 342.7902, 19.21351, 318.5617, -2.19084, 0.9007633, 2.274809, 201.9951, 168.8448, 295.7016, -3.145038, 0.648855, 0.09160305],
[0, 0, 0, 0, 0, 343.0565, 19.46854, 319.4351, -3.877863, 3.167939, -2.717557, 201.279, 168.8332, 296.5512, 1.152672, 2.099237, 4.030534],
[0, 0, 0, 0, 0, 343.668, 18.65961, 319.2508, -2.366412, 1.183206, -0.4427481, 201.1768, 169.2199, 295.8441, -2.091603, 0.5725191, 2.396947],
[0, 0, 0, 0, 0, 342.3767, 17.06707, 314.2292, -4.129771, 0.2213741, 0.6412213, 202.1563, 170.4988, 292.027, -1.778626, 1.274809, 1.580153],
[0, 0, 0, 0, 0, 343.664, 19.4559, 320.5093, -7.435114, 0.7480916, -2.480916, 202.1966, 169.0484, 295.0552, 0.610687, 7.358778, 9.885496],
[0, 0, 0, 0, 0, 344.1199, 19.85498, 321.9593, -2.0, 1.068702, 1.977099, 202.5341, 169.555, 293.6427, -6.183206, 0.09160305, -2.664122],
[0, 0, 0, 0, 0, 344.1872, 19.63066, 321.7428, -4.61832, 2.854962, -0.6793893, 202.6714, 170.0508, 292.4678, -3.259542, 1.824428, 2.877863],
[0, 0, 0, 0, 0, 342.7918, 18.85345, 317.9869, -2.122137, 2.427481, -0.4503817, 202.3832, 169.8193, 293.2455, -3.51145, 0.6030535, 2.458015],
[0, 0, 0, 0, 0, 343.3388, 18.7314, 318.7668, -1.908397, 1.335878, -1.099237, 202.4689, 170.4785, 291.7628, -1.748092, 2.015267, 2.229008],
[0, 0, 0, 0, 0, 344.0023, 18.22889, 319.1647, -3.251908, 2.183206, -0.4656488, 202.7409, 170.1392, 292.2138, -3.068702, 0.4198473, 1.412214],
[0, 0, 0, 0, 0, 344.158, 18.68499, 320.2025, -1.328244, 2.435115, 0.02290076, 202.6857, 170.1143, 292.3205, -2.274809, 1.129771, 0.870229],
[0, 0, 0, 0, 0, 343.9713, 18.89113, 320.1846, -4.732824, 2.450382, -0.007633588, 202.4957, 169.8115, 293.1464, -1.450382, 1.694656, 1.465649],
[0, 0, 0, 0, 0, 344.4231, 18.0806, 319.715, -4.557252, 2.961832, 0.4656488, 203.106, 169.6424, 292.8819, -2.969466, 1.351145, 1.351145],
[0, 0, 0, 0, 0, 343.7527, 18.83731, 319.6939, -4.259542, 2.824427, 1.305344, 201.6314, 170.0738, 293.4887, -4.366412, 0.7938931, 0.7022901],
[0, 0, 0, 0, 0, 344.3668, 18.22403, 319.8452, -1.78626, 3.587786, -0.2290076, 202.1209, 170.2111, 292.6817, -4.450382, 0.4732824, 1.900763],
[0, 0, 0, 0, 0, 343.9323, 17.59963, 317.9716, -1.603053, 1.236641, 1.267176, 201.5661, 170.3087, 293.0449, -2.618321, 0.3740458, 0.8091603],
[0, 0, 0, 0, 0, 344.3388, 17.5239, 318.6119, -3.152672, 2.312977, 0.1755725, 201.8294, 170.326, 292.7325, -1.854962, 1.427481, 1.770992],
[0, 0, 0, 0, 0, 344.0125, 17.36969, 317.725, -3.038168, 2.748092, 0.0610687, 202.0237, 170.801, 291.5019, -2.564885, 1.099237, 1.603053],
[0, 0, 0, 0, 0, 343.2522, 20.14054, 320.8163, -2.473282, 1.839695, -1.480916, 201.6058, 170.6356, 292.2841, -1.687023, 1.328244, 2.70229],
[0, 0, 0, 0, 0, 343.6747, 20.12737, 321.5549, -2.854962, 2.022901, -2.625954, 202.5135, 170.4604, 291.7578, -2.290076, 1.908397, 2.89313],
[0, 0, 0, 0, 0, 342.5481, 20.72473, 320.456, -9.015267, 2.709924, -2.320611, 201.5497, 170.5372, 292.5592, -4.122138, 1.267176, 0.9007633],
[0, 0, 0, 0, 0, 344.0348, 21.15446, 323.7026, 2.259542, 3.221374, 1.068702, 201.982, 170.744, 291.6674, -2.152672, -0.5114504, 2.480916],
[0, 0, 0, 0, 0, 343.7505, 20.11277, 321.6704, -2.78626, 1.80916, 0.2900764, 202.1003, 171.1484, 290.667, -3.862595, 1.610687, 1.519084],
[0, 0, 0, 0, 0, 342.2935, 19.48425, 318.1253, -2.435115, 1.320611, 0.6793893, 202.0475, 170.8513, 291.3687, -4.129771, 2.793893, 0.6641222],
[0, 0, 0, 0, 0, 343.8142, 21.24789, 323.4371, -3.015267, 1.480916, 1.053435, 201.9534, 171.6058, 289.7908, -2.465649, -0.5114504, 0.4885496],
[0, 0, 0, 0, 0, 343.9449, 19.10142, 320.4698, -5.282443, 1.274809, 1.351145, 202.1459, 171.3514, 290.1775, -1.847328, 1.267176, 0.1526718],
[0, 0, 0, 0, 0, 343.4397, 20.34766, 321.4613, -3.274809, 1.900763, 1.725191, 202.0013, 171.0721, 290.9291, -2.114504, 1.419847, 0.351145],
[0, 0, 0, 0, 0, 344.0682, 21.0432, 323.6056, 0.8244275, 3.526718, -0.9847328, 202.419, 170.9293, 290.8428, -1.442748, 1.732824, 2.923664],
[0, 0, 0, 0, 0, 344.0486, 21.34413, 323.9939, -5.656488, 2.412214, -2.51145, 202.6362, 170.5599, 291.4278, -1.580153, 1.916031, 3.732824],
[0, 0, 0, 0, 0, 343.5417, 20.9499, 322.5252, -1.083969, 2.70229, -1.59542, 203.084, 170.7375, 290.6338, -2.473282, 2.083969, 2.549618],
[0, 0, 0, 0, 0, 345.0599, 20.05356, 324.025, -1.259542, -10.26718, -5.51145, 203.6012, 171.2037, 289.204, -2.816794, 4.923664, 1.480916],
[0, 0, 0, 0, 0, 346.9499, 20.37642, 328.2238, -12.38931, 6.259542, 2.328244, 203.8727, 170.7028, 290.0024, -2.40458, 1.290076, 1.870229],
[0, 0, 0, 0, 0, 345.1368, 20.85566, 325.3219, -5.450382, 2.687023, -3.251908, 203.3763, 170.465, 290.9333, -1.969466, 3.748092, 4.78626],
[0, 0, 0, 0, 0, 344.5714, 21.23714, 324.7982, -7.870229, 3.862595, -1.396947, 203.5971, 170.1217, 291.4331, -4.717557, 3.725191, 3.244275],
[0, 0, 0, 0, 0, 342.5909, 21.06439, 321.0271, -4.679389, 0.4274809, -1.748092, 203.2532, 169.989, 292.0283, -1.259542, 4.946565, 3.312977],
[0, 0, 0, 0, 0, 342.5125, 21.87387, 322.0463, -3.229008, 2.465649, -4.40458, 202.7369, 168.8763, 294.8238, -1.549618, 3.755725, 5.70229],
[0, 0, 0, 0, 0, 342.8723, 21.5212, 322.1664, -1.832061, 2.465649, 9.488549, 202.7916, 169.8367, 292.7947, -5.122138, -4.145038, -6.984733],
[0, 0, 0, 0, 0, 343.0742, 21.63991, 322.683, -4.854962, 1.114504, 2.030534, 202.6528, 170.6398, 291.2421, -3.022901, -1.0, -1.664122],
[0, 0, 0, 0, 0, 342.9254, 20.46822, 320.7305, -2.89313, 1.938931, -0.2519084, 202.3991, 170.3915, 292.0168, -3.778626, 2.458015, 2.358779],
[0, 0, 0, 0, 0, 343.662, 19.8255, 321.0751, -1.198473, 1.816794, 0.8396947, 202.8375, 170.7722, 290.7876, -2.641221, 0.648855, 0.9007633],
[0, 0, 0, 0, 0, 344.9762, 20.69735, 324.7951, 1.244275, 1.236641, 2.40458, 203.0888, 170.3796, 291.3773, -2.816794, -0.1755725, 0.2671756],
[0, 0, 0, 0, 0, 343.3013, 19.1228, 319.3278, -1.427481, 5.305344, 3.763359, 201.0081, 170.8408, 292.4457, -6.801527, -0.4885496, 0.3587786],
[0, 0, 0, 0, 0, 344.1494, 19.69726, 321.7745, -0.389313, 1.312977, 0.6030535, 200.5693, 170.4807, 293.7423, -2.40458, 1.328244, 1.877863],
[0, 0, 0, 0, 0, 343.5681, 19.43131, 320.2964, -4.328244, 2.061069, -0.1603053, 200.8651, 170.9161, 292.4253, -2.145038, 2.374046, 1.305344],
[0, 0, 0, 0, 0, 342.9066, 19.8645, 319.7841, -4.877862, 1.877863, -0.870229, 200.6444, 171.4296, 291.4688, -2.641221, 1.442748, 1.625954],
[0, 0, 0, 0, 0, 344.4296, 20.00889, 322.7663, -2.061069, 1.259542, -0.7022901, 201.7011, 170.9366, 291.5216, -1.206107, 0.351145, 2.030534],
[0, 0, 0, 0, 0, 344.335, 19.81895, 322.3046, -2.381679, 1.145038, -2.145038, 201.842, 171.3255, 290.5203, -1.351145, 2.717557, 3.21374],
[0, 0, 0, 0, 0, 344.9681, 20.68979, 324.7693, -3.045802, 0.8473283, -2.21374, 202.0546, 171.197, 290.6032, -1.206107, 2.480916, 2.732824],
[0, 0, 0, 0, 0, 345.2184, 19.9202, 324.1333, -3.40458, 2.244275, -0.2671756, 201.8344, 171.1071, 291.0128, -2.877863, 1.305344, 2.290076],
[0, 0, 0, 0, 0, 345.3886, 19.82078, 324.3166, -1.618321, 2.48855, 0.9694656, 201.9214, 171.5926, 289.8499, -2.442748, 0.3664122, 1.282443],
[0, 0, 0, 0, 0, 345.2968, 19.84733, 324.1774, -2.496183, 2.122137, 0.961832, 201.9048, 171.5744, 289.9058, -2.282443, 0.4732824, 0.4122138],
[0, 0, 0, 0, 0, 345.5119, 19.8233, 324.561, -3.603053, 1.587786, -0.2366412, 201.8554, 172.0323, 288.9207, -2.015267, 1.10687, 1.083969],
[0, 0, 0, 0, 0, 345.3875, 19.87395, 324.393, -3.465649, 2.59542, 0.389313, 202.2594, 171.9339, 288.7864, -2.312977, 1.305344, 1.175573],
[0, 0, 0, 0, 0, 345.2654, 20.02687, 324.3809, -2.977099, 1.908397, 0.3969466, 202.3142, 171.7932, 289.0502, -1.396947, 0.9465649, 1.221374],
[0, 0, 0, 0, 0, 345.9639, 19.57049, 325.0821, -3.152672, 0.9465649, -1.19084, 202.2012, 171.5797, 289.6229, -2.137405, 2.015267, 1.824428],
[0, 0, 0, 0, 0, 346.595, 20.31494, 327.4187, -2.870229, 1.564886, -0.9770992, 202.7794, 172.0592, 288.0692, -0.5954198, 1.770992, 2.236641],
[0, 0, 0, 0, 0, 346.2211, 19.79499, 325.9273, -0.1068702, 0.7633588, -0.1679389, 202.5171, 171.8051, 288.8472, -2.854962, 0.7099237, 1.572519],
[0, 0, 0, 0, 0, 346.0226, 20.27916, 326.2246, -1.503817, 3.221374, 0.2519084, 202.8048, 172.166, 287.8151, -3.259542, 0.7022901, 2.114504],
[0, 0, 0, 0, 0, 348.7044, 21.04143, 332.7427, 3.412214, -0.05343511, 0.9770992, 202.9687, 172.0274, 287.9827, -2.59542, 1.099237, 1.122137],
[0, 0, 0, 0, 0, 348.3545, 20.06547, 330.7602, -3.351145, 3.419847, 0.7328244, 202.178, 172.239, 288.1746, -0.4503817, -0.03816794, 1.534351],
[0, 0, 0, 0, 0, 348.0918, 20.03334, 330.1514, -5.435114, 2.885496, -0.5267176, 203.0211, 172.0535, 287.8835, -2.450382, 1.083969, 2.129771],
[0, 0, 0, 0, 0, 348.3845, 19.85003, 330.5399, -3.114504, 2.847328, 0.6259542, 203.3974, 172.4319, 286.7728, -4.007634, 0.9007633, 1.145038],
[0, 0, 0, 0, 0, 347.4198, 19.43269, 327.8857, -3.40458, 2.21374, -0.9465649, 202.7875, 172.3354, 287.4581, -2.015267, 2.198473, 2.671756],
[0, 0, 0, 0, 0, 348.0081, 20.01939, 329.9534, -3.19084, 1.335878, -0.7709923, 203.0187, 172.1211, 287.7393, -1.114504, 1.534351, 2.725191],
[0, 0, 0, 0, 0, 348.3507, 20.02513, 330.6989, -1.969466, -0.8549618, 0.4427481, 203.4201, 172.1732, 287.3087, -0.4656488, 1.610687, 0.3358779],
[0, 0, 0, 0, 0, 348.7834, 19.60032, 331.086, -2.656489, 1.473282, -0.2366412, 203.9033, 172.385, 286.4941, -4.61832, 0.4961832, 1.763359],
[0, 0, 0, 0, 0, 337.2041, 21.10721, 312.724, -2.480916, 1.748092, 1.51145, 201.718, 170.0884, 293.3649, -3.946565, 1.496183, 0.1832061],
[0, 0, 0, 0, 0, 336.6898, 20.95551, 311.7871, -1.152672, 1.587786, 1.206107, 201.2996, 170.474, 292.9615, -2.694656, 1.015267, 0.4427481],
[0, 0, 0, 0, 0, 337.0213, 20.27374, 311.2201, -2.358779, 1.931298, -0.9312977, 200.9929, 170.075, 294.1825, -1.458015, 1.435114, 2.687023],
[0, 0, 0, 0, 0, 337.0873, 20.71052, 311.9706, -4.549618, 2.801527, 0.5343512, 201.2617, 170.6688, 292.5669, -2.816794, 0.7862596, 1.183206],
[0, 0, 0, 0, 0, 337.3441, 20.61275, 312.1825, -3.763359, 2.229008, 0.1450382, 201.0195, 170.6695, 292.8215, -2.832061, 1.305344, 1.664122],
[0, 0, 0, 0, 0, 337.6621, 20.41316, 312.3296, -2.015267, 1.541985, -0.2824428, 201.7277, 170.3084, 292.8762, -1.48855, 1.076336, 1.816794],
[0, 0, 0, 0, 0, 337.4665, 20.97296, 312.8937, -4.580153, 2.572519, -0.09923664, 201.5163, 170.3634, 292.9771, -2.076336, 0.9312977, 1.442748],
[0, 0, 0, 0, 0, 337.9236, 21.0674, 313.6853, -3.480916, 1.778626, -0.5038168, 201.5351, 170.591, 292.4555, -3.045802, 1.076336, 1.48855],
[0, 0, 0, 0, 0, 337.7661, 20.0546, 311.9297, -2.396947, 1.450382, 0.3435115, 201.1815, 170.9096, 292.1088, -2.694656, 1.503817, 1.259542],
[0, 0, 0, 0, 0, 337.7384, 20.01319, 311.8265, -2.603053, 1.977099, 0.259542, 200.7635, 170.864, 292.6527, -3.503817, 1.328244, 1.358779],
[0, 0, 0, 0, 0, 337.7418, 20.51284, 312.5942, -3.641221, 1.801527, 0.4122138, 201.5111, 170.8859, 291.8249, -1.89313, 0.9083969, 1.343511],
[0, 0, 0, 0, 0, 338.2264, 20.53999, 313.3325, -2.885496, 1.48855, 0.1526718, 201.8403, 171.0546, 291.1233, -2.335878, 1.19084, 1.381679],
[0, 0, 0, 0, 0, 337.4267, 19.91864, 311.2407, -2.748092, 0.9312977, -0.3053435, 201.3402, 170.4877, 292.8882, -3.534351, 1.21374, 1.335878],
[0, 0, 0, 0, 0, 338.1305, 19.8899, 312.1976, -2.061069, 3.068702, 0.9160305, 201.6163, 170.6084, 292.3335, -1.442748, 1.015267, 0.6870229],
[0, 0, 0, 0, 0, 338.1554, 19.58499, 311.7583, -3.496183, 2.0, 0.4122138, 201.9922, 171.1234, 290.8249, -2.366412, 1.259542, 1.076336],
[0, 0, 0, 0, 0, 339.1495, 18.89793, 312.1263, -3.442748, 0.5343512, 1.160305, 201.7132, 171.196, 290.9328, -1.755725, 1.465649, 1.312977],
[0, 0, 0, 0, 0, 337.625, 21.12284, 313.3407, -1.862595, 4.40458, 0.9465649, 202.014, 171.7756, 289.3563, -3.206107, 0.9923664, 1.030534],
[0, 0, 0, 0, 0, 337.6729, 19.72906, 311.294, -0.7557252, 0.8396947, 1.061069, 201.2275, 171.2788, 291.2246, -1.717557, 1.030534, 1.580153],
[0, 0, 0, 0, 0, 337.3915, 19.10707, 309.9225, -6.259542, -0.7633588, 1.137405, 202.4568, 171.9053, 288.6787, -3.381679, 0.5572519, -0.2061069],
[0, 0, 0, 0, 0, 338.2781, 19.54828, 311.8782, -2.312977, 3.045802, -0.8244275, 202.3883, 170.6656, 291.4403, -2.717557, 1.824428, 2.51145],
[0, 0, 0, 0, 0, 337.9915, 19.37119, 311.1866, -3.572519, 2.160305, 2.839695, 201.9296, 171.4573, 290.1441, -2.900763, 0.3969466, -0.3358779],
[0, 0, 0, 0, 0, 339.1423, 19.51512, 313.1018, -2.877863, 2.129771, -0.0610687, 201.8195, 171.5049, 290.1408, -3.954198, 0.7633588, 1.824428],
[0, 0, 0, 0, 0, 339.1072, 19.53045, 313.0733, -1.717557, 2.526718, -0.8854962, 201.6582, 171.3564, 290.6268, -2.480916, 0.9389313, 2.59542],
[0, 0, 0, 0, 0, 338.8153, 18.07803, 310.2843, -4.167939, 2.557252, 0.8244275, 201.8136, 171.2143, 290.7948, -5.21374, 1.21374, 0.389313],
[0, 0, 0, 0, 0, 339.1465, 18.05235, 310.7314, -2.320611, 1.839695, 0.832061, 201.6752, 172.3298, 288.4013, 0.2290076, -0.04580153, 2.221374],
[0, 0, 0, 0, 0, 339.6209, 18.56302, 312.2944, -4.931298, 3.900763, -0.9083969, 201.7982, 171.2924, 290.6357, -3.778626, 2.419847, 2.78626],
[0, 0, 0, 0, 0, 340.8463, 18.43607, 314.0117, -2.854962, 4.557252, -0.9312977, 201.4035, 171.4497, 290.6622, -2.160305, 1.175573, 3.687023],
[0, 0, 0, 0, 0, 339.087, 17.56932, 309.8282, -2.977099, 1.030534, -0.4503817, 202.0177, 171.6164, 289.7084, -1.70229, 2.145038, 1.877863],
[0, 0, 0, 0, 0, 339.3706, 19.23885, 313.0078, -0.2366412, 1.458015, 0.3206107, 201.7964, 171.9821, 289.0869, -2.137405, 0.7022901, 0.5801527],
[0, 0, 0, 0, 0, 339.5585, 19.36337, 313.4926, -1.839695, 1.290076, 0.7862596, 202.0327, 171.719, 289.466, -2.793893, 1.778626, 0.1145038],
[0, 0, 0, 0, 0, 339.4817, 19.51258, 313.6118, -3.198473, 2.687023, 1.183206, 201.594, 171.0782, 291.3126, -4.122138, 1.274809, 0.6564885],
[0, 0, 0, 0, 0, 339.9472, 18.62571, 312.9003, -1.679389, 2.129771, -0.9389313, 201.4109, 171.5465, 290.435, -2.473282, 1.778626, 2.236641],
[0, 0, 0, 0, 0, 339.6241, 19.10228, 313.1756, -4.374046, 2.580153, 1.068702, 201.793, 171.2813, 290.6655, -2.755725, 1.198473, 0.3740458],
[0, 0, 0, 0, 0, 339.6312, 18.65224, 312.4564, -2.748092, 4.076336, -0.3358779, 201.9591, 171.0381, 291.0447, -3.839695, 2.290076, 2.244275],
[0, 0, 0, 0, 0, 338.5667, 18.98962, 311.411, -2.412214, 0.7175572, 0.1526718, 201.5687, 170.898, 291.74, -2.534351, 2.160305, 1.022901],
[0, 0, 0, 0, 0, 340.3771, 18.8005, 313.8603, -2.931298, 0.1221374, 1.687023, 201.923, 170.724, 291.7697, -1.679389, 0.1068702, 0.9007633],
[0, 0, 0, 0, 0, 341.1526, 19.07118, 315.5496, -0.9083969, 4.305344, -1.244275, 201.8241, 170.9625, 291.3428, -2.687023, 0.2977099, 2.656489],
[0, 0, 0, 0, 0, 339.8072, 19.37356, 313.8913, -3.053435, 0.1526718, 0.2900764, 201.591, 170.7085, 292.1381, -2.145038, 0.870229, 1.534351],
[0, 0, 0, 0, 0, 340.7254, 18.58024, 314.0552, -4.587786, 3.251908, 0.2671756, 201.5486, 170.8496, 291.8679, -5.961832, 0.8244275, 1.618321],
[0, 0, 0, 0, 0, 339.1471, 17.58327, 309.941, -3.59542, 0.8015267, 0.8244275, 201.5095, 171.122, 291.2982, -1.740458, 1.114504, 0.5877862],
[0, 0, 0, 0, 0, 340.0425, 19.50288, 314.4624, -3.167939, 1.312977, 1.259542, 201.764, 171.16, 290.9636, -3.389313, 1.587786, 0.3358779],
[0, 0, 0, 0, 0, 339.3029, 18.56447, 311.8139, -7.80916, 1.19084, -0.7862596, 201.8532, 170.6627, 291.9735, -4.274809, 2.328244, 0.8778625],
[0, 0, 0, 0, 0, 339.0893, 19.45672, 312.93, -2.045802, 3.847328, 0.3969466, 202.7225, 170.7302, 290.9841, -4.709924, 1.648855, 2.389313],
[0, 0, 0, 0, 0, 339.4021, 18.93716, 312.5709, -6.465649, 2.618321, -0.7099237, 201.6353, 170.8403, 291.8011, -4.221374, 1.847328, 1.541985],
[0, 0, 0, 0, 0, 340.0534, 19.34261, 314.2249, -4.007634, 2.21374, -1.045802, 202.038, 170.4056, 292.347, -2.312977, 2.687023, 1.839695],
[0, 0, 0, 0, 0, 339.5665, 18.58044, 312.2399, -3.564885, 0.8244275, 0.4122138, 201.7566, 171.4081, 290.4168, -3.068702, 2.076336, 1.381679],
[0, 0, 0, 0, 0, 340.1322, 18.98574, 313.7754, -2.480916, -1.854962, -2.335878, 201.8924, 171.0165, 291.1568, -2.183206, 1.465649, 1.175573],
[0, 0, 0, 0, 0, 339.8645, 19.19192, 313.69, -2.946565, 2.59542, 2.129771, 202.3829, 170.8194, 291.1143, -4.610687, -0.5343512, -0.09923664],
[0, 0, 0, 0, 0, 1.306015, 18.9101, 3.960791, -3.740458, 0.6030535, -0.2748091, 203.7262, 178.4328, 273.3014, 0.6030535, 2.0, 1.900763],
[0, 0, 0, 0, 0, 0.1575431, 17.78312, 0.6802687, -5.603054, 1.732824, 0.2290076, 203.7433, 179.0528, 271.8968, -2.648855, 2.908397, 1.137405],
[0, 0, 0, 0, 0, 1.014522, 18.61612, 3.171408, -2.541985, 1.977099, -1.465649, 204.1807, 178.5113, 273.0567, -2.648855, 1.51145, 3.045802],
[0, 0, 0, 0, 0, 0.5890515, 17.20702, 2.092419, -3.10687, 2.267176, 1.580153, 203.8795, 178.6161, 272.8658, -2.198473, 1.099237, -0.09923664],
[0, 0, 0, 0, 0, 0.7783437, 18.05194, 2.561031, -2.51145, 0.2900764, -0.3816794, 203.849, 178.5726, 272.9678, -2.312977, 1.984733, 1.618321],
[0, 0, 0, 0, 0, 0.1255754, 17.70775, 0.5841744, -3.938931, 2.778626, 1.396947, 203.3054, 178.2902, 273.6982, -3.534351, 0.8167939, 0.7251908],
[0, 0, 0, 0, 0, 1.383734, 17.80956, 4.466945, -5.030534, 2.29771, -0.5267176, 204.0433, 178.6973, 272.6623, -3.29771, 1.633588, 1.78626],
[0, 0, 0, 0, 0, 0.3066844, 17.82897, 1.13925, -3.274809, 0.1679389, -0.2519084, 203.3076, 178.7478, 272.6424, -0.961832, 3.137405, 2.534351],
[0, 0, 0, 0, 0, 0.1260263, 17.48615, 0.5946801, -3.793893, 1.961832, -0.4045802, 203.7903, 178.7683, 272.5348, -1.282443, 0.8473283, 1.465649],
[0, 0, 0, 0, 0, 0.8977443, 17.67552, 2.992868, -2.916031, 1.282443, 0.02290076, 203.6119, 178.5022, 273.1619, -2.480916, 1.51145, 1.89313],
[0, 0, 0, 0, 0, 1.201246, 18.19381, 3.815256, -4.748092, 1.961832, 0.1679389, 203.9059, 178.2042, 273.7855, -3.259542, 1.251908, 1.343511],
[0, 0, 0, 0, 0, 0.5211955, 18.12426, 1.769395, -2.900763, 3.221374, 1.007634, 203.8795, 178.9121, 272.2007, -2.541985, 0.4885496, 1.10687],
[0, 0, 0, 0, 0, 0.5425072, 16.83454, 1.990682, -4.068702, 2.236641, 0.4045802, 203.7467, 178.9453, 272.1397, -3.687023, 1.343511, 0.8549618],
[0, 0, 0, 0, 0, 0.007445455, 17.33008, 0.2233363, -3.641221, 2.076336, 0.3740458, 203.6686, 179.0728, 271.8585, -3.671756, 1.59542, 1.160305],
[0, 0, 0, 0, 0, 0.7435618, 17.34082, 2.565963, -3.984733, 2.259542, 0.1526718, 204.1457, 178.2059, 273.7388, -2.908397, 1.671756, 1.648855],
[0, 0, 0, 0, 0, 0.09812973, 17.49597, 0.5062635, -4.030534, 2.961832, 0.4274809, 203.9436, 178.4607, 273.2049, -2.465649, 1.068702, 1.717557],
[0, 0, 0, 0, 0, 359.568, 17.66544, 358.7883, -3.633588, 1.801527, 1.015267, 203.5549, 179.3554, 271.2234, -2.961832, 1.21374, 0.9389313],
[0, 0, 0, 0, 0, 359.3088, 17.51278, 357.9614, -1.755725, 2.389313, 0.519084, 203.8268, 178.48, 273.1794, -3.022901, 0.7709923, 1.755725],
[0, 0, 0, 0, 0, 359.4209, 17.94124, 358.3556, -4.351145, 1.206107, 0.09923664, 204.0685, 179.1855, 271.5712, -2.122137, 1.709924, 1.312977],
[0, 0, 0, 0, 0, -0.006926322, 17.17339, 0.1801254, -4.236641, 2.053435, -0.351145, 203.8402, 179.0094, 271.9857, -3.374046, 1.564886, 1.770992],
[0, 0, 0, 0, 0, 0.5996528, 17.83128, 2.044276, -2.610687, 2.076336, 0.5038168, 204.1603, 178.9165, 272.1611, -1.954198, 0.6335878, 0.8625955],
[0, 0, 0, 0, 0, 0.2038279, 18.21524, 0.8006937, -4.091603, 2.10687, 0.1984733, 203.3092, 178.8006, 272.5202, -2.931298, 1.534351, 1.091603],
[0, 0, 0, 0, 0, 359.3728, 16.43071, 358.0397, -2.793893, 0.9160305, -0.4503817, 203.8412, 179.1884, 271.5822, -3.824427, 2.229008, 2.335878],
[0, 0, 0, 0, 0, 359.45, 16.77186, 358.3346, -4.839694, 2.961832, 0.4580153, 203.9411, 178.5016, 273.1137, -2.877863, 0.9007633, 1.076336],
[0, 0, 0, 0, 0, 0.1592507, 17.97923, 0.676539, -2.152672, 1.038168, 0.7251908, 204.0529, 178.8844, 272.2439, -1.564886, 1.412214, 0.9541985],
[0, 0, 0, 0, 0, 0.0387027, 17.4876, 0.3189933, -2.305344, 0.6793893, -1.229008, 204.0803, 178.9784, 272.0318, -3.274809, 2.221374, 2.496183],
[0, 0, 0, 0, 0, 359.4986, 17.16993, 358.5301, -3.816794, 2.351145, 0.01526718, 204.679, 178.4217, 273.1795, -3.732824, 1.89313, 1.549618],
[0, 0, 0, 0, 0, 359.7658, 17.8623, 359.4124, -2.89313, 2.618321, -0.2061069, 204.4155, 178.9534, 272.0539, -2.564885, 0.7099237, 2.175573],
[0, 0, 0, 0, 0, 0.1123239, 17.4178, 0.5541194, -3.076336, 1.694656, -0.4198473, 203.9768, 179.2892, 271.3462, -3.068702, 1.198473, 1.51145],
[0, 0, 0, 0, 0, 359.8704, 17.58182, 359.7315, -3.244275, 2.259542, 0.4885496, 204.2179, 179.1933, 271.5425, -2.374046, 1.427481, 1.007634],
[0, 0, 0, 0, 0, 359.6722, 17.43785, 359.1026, 1.465649, -2.076336, 0.07633588, 203.8097, 178.764, 272.5421, 0.02290076, 2.977099, 2.099237],
[0, 0, 0, 0, 0, 359.0554, 18.25569, 357.2838, -4.183206, 0.648855, -0.4656488, 204.5986, 179.1108, 271.6939, -1.969466, 2.977099, 1.938931],
[0, 0, 0, 0, 0, 0.02360687, 17.31881, 0.275072, -5.290076, 2.801527, 0.3969466, 204.3085, 178.715, 272.5897, -4.045802, 2.053435, 1.51145],
[0, 0, 0, 0, 0, 359.7335, 17.97894, 359.317, -4.167939, 2.610687, 0.1832061, 204.1721, 178.8834, 272.2335, -2.549618, 1.725191, 1.374046],
[0, 0, 0, 0, 0, 359.3928, 18.24769, 358.2992, -3.396947, 1.603053, -0.3969466, 203.9176, 178.6937, 272.6865, -2.78626, 1.328244, 1.557252],
[0, 0, 0, 0, 0, 358.9524, 16.97439, 356.7364, -2.343511, 1.412214, 0.5114504, 204.5571, 178.8199, 272.331, -3.625954, 1.763359, 0.9236641],
[0, 0, 0, 0, 0, -0.02170794, 18.50395, 0.115507, -3.366412, 1.038168, -0.259542, 204.0382, 178.9143, 272.179, -1.412214, 1.022901, 1.183206],
[0, 0, 0, 0, 0, 359.7381, 17.14381, 359.2996, -4.175572, 2.763359, -0.4885496, 203.611, 178.6596, 272.8042, -3.641221, 0.610687, 1.916031],
[0, 0, 0, 0, 0, 0.2764108, 17.39137, 1.076025, 0.6335878, 1.564886, 0.7175572, 203.9819, 178.2859, 273.5893, -2.48855, -0.1068702, 1.534351],
[0, 0, 0, 0, 0, 359.7217, 17.63025, 359.267, -4.503817, 2.48855, 0.9389313, 204.0657, 178.9928, 272.0009, -2.290076, 1.068702, 0.5114504],
[0, 0, 0, 0, 0, -0.006502819, 17.70644, 0.1727892, -3.748092, 2.244275, 0.351145, 204.1334, 178.9807, 272.0214, -3.274809, 1.824428, 1.534351],
[0, 0, 0, 0, 0, 358.9348, 16.58246, 356.5983, -4.29771, 1.679389, -0.05343511, 203.5563, 178.9465, 272.157, -4.572519, 2.061069, 1.435114],
[0, 0, 0, 0, 0, 359.0297, 16.8598, 356.9667, -1.931298, 2.916031, 1.038168, 203.7882, 178.7888, 272.4886, -3.061069, 0.480916, 1.10687],
[0, 0, 0, 0, 0, 359.8995, 17.55294, 359.8229, -3.931298, 2.740458, 0.1984733, 204.113, 178.4776, 273.1414, -2.664122, 0.8015267, 1.030534],
[0, 0, 0, 0, 0, 359.1762, 17.52866, 357.5464, -3.022901, 1.427481, 0.7557252, 203.9876, 179.2732, 271.3812, -2.854962, 1.641221, 0.8244275],
[0, 0, 0, 0, 0, 359.9148, 17.30802, 359.8699, -3.801527, 1.862595, -0.1221374, 204.4044, 178.7063, 272.597, -3.022901, 1.854962, 1.374046],
[0, 0, 0, 0, 0, 358.9541, 17.42275, 356.8286, -3.320611, 1.870229, -0.2824428, 204.3648, 178.7247, 272.5616, -1.801527, 2.198473, 1.854962],
[0, 0, 0, 0, 0, 359.4178, 17.93426, 358.3454, -3.610687, 1.78626, 0.3129771, 204.3305, 178.4487, 273.1727, -1.832061, 1.801527, 1.290076],
[0, 0, 0, 0, 0, 1.461249, 15.34362, 5.515606, -4.343512, 1.801527, -0.480916, 199.7238, 181.5354, 265.4551, -2.931298, 1.412214, 1.236641],
[0, 0, 0, 0, 0, 1.25238, 14.64742, 5.004233, -2.870229, 1.954198, 0.3358779, 200.0775, 181.9646, 264.3782, -3.374046, 1.610687, 0.648855],
[0, 0, 0, 0, 0, 1.141094, 14.56465, 4.611496, -2.519084, 2.030534, 0.3358779, 200.3573, 181.8187, 264.8491, -1.519084, 1.259542, 1.687023],
[0, 0, 0, 0, 0, 1.649011, 14.28347, 6.670144, -2.59542, 3.465649, 2.916031, 200.1109, 182.1621, 263.8559, -3.954198, -0.2900764, -0.5648855],
[0, 0, 0, 0, 0, 0.8874708, 14.35545, 3.702918, -3.625954, 2.091603, 0.3969466, 199.2443, 183.1552, 260.7757, -1.732824, 1.450382, 1.717557],
[0, 0, 0, 0, 0, 1.759655, 14.20676, 7.135765, -2.580153, 2.068702, 0.259542, 199.6701, 182.2551, 263.4531, -3.435115, 1.664122, 0.7480916],
[0, 0, 0, 0, 0, 2.263992, 14.66792, 8.782904, -2.496183, 2.740458, 0.4732824, 199.9655, 182.0365, 264.1493, -2.396947, 1.618321, 1.70229],
[0, 0, 0, 0, 0, 0.1696198, 13.01909, 1.02888, 3.206107, -0.06870229, 1.832061, 199.1715, 182.2166, 263.3823, -0.8244275, 1.740458, 2.862595],
[0, 0, 0, 0, 0, 1.595978, 13.65072, 6.777536, -5.343512, 2.633588, 0.3969466, 198.9478, 182.024, 263.8526, -2.709924, 2.038168, 1.206107],
[0, 0, 0, 0, 0, 1.286848, 13.89416, 5.426397, -2.480916, 1.091603, 1.412214, 199.0152, 182.0461, 263.8122, -1.938931, 1.40458, 0.4351145],
[0, 0, 0, 0, 0, 1.817593, 14.43327, 7.239769, -4.900764, 2.946565, 0.1526718, 199.7962, 181.4715, 265.6486, -3.625954, 1.564886, 1.206107],
[0, 0, 0, 0, 0, 0.6378637, 13.92829, 2.826745, -4.396946, 3.320611, 0.6030535, 199.3786, 181.995, 264.0779, -3.503817, 1.007634, 1.259542],
[0, 0, 0, 0, 0, 0.4460442, 14.08703, 2.034822, -3.366412, 2.51145, 0.6870229, 199.714, 181.9862, 264.2086, -2.954198, 0.9236641, 0.8091603],
[0, 0, 0, 0, 0, 0.06470031, 13.58235, 0.5498161, -4.29771, 1.938931, -0.09160305, 199.6579, 182.0212, 264.0945, -1.778626, 1.839695, 1.755725],
[0, 0, 0, 0, 0, 0.5294606, 13.18929, 2.537028, -2.977099, 2.419847, 0.7480916, 199.195, 182.0721, 263.7996, -3.78626, 0.6717557, 0.8473283],
[0, 0, 0, 0, 0, 1.222872, 13.4525, 5.349102, -1.610687, 2.114504, 1.435114, 199.0402, 182.2254, 263.309, -2.274809, 0.8549618, 0.7633588],
[0, 0, 0, 0, 0, 0.4567957, 12.91628, 2.280099, -3.977099, 2.557252, 0.06870229, 199.1283, 182.1645, 263.5144, -3.51145, 1.633588, 1.847328],
[0, 0, 0, 0, 0, -0.05259633, 13.51845, 0.06847086, -3.045802, 0.8015267, -0.03816794, 199.1827, 181.9485, 264.146, -2.496183, 2.671756, 2.221374],
[0, 0, 0, 0, 0, 0.8188224, 13.07705, 3.793275, -4.91603, 1.610687, -1.19084, 198.4848, 181.8198, 264.293, -2.816794, 2.351145, 1.854962],
[0, 0, 0, 0, 0, 0.4229018, 12.96312, 2.125329, -2.946565, 0.9541985, 0.3587786, 199.057, 181.8668, 264.3388, -2.770992, 1.824428, 1.236641],
[0, 0, 0, 0, 0, 0.8526617, 13.67029, 3.757728, -2.229008, 2.923664, 1.671756, 199.5811, 181.5977, 265.2467, -2.656489, 0.870229, 0.7480916],
[0, 0, 0, 0, 0, 0.1922976, 12.73244, 1.15436, -1.312977, 3.015267, -0.6641222, 199.6782, 181.8303, 264.6281, -4.129771, 2.160305, 2.664122],
[0, 0, 0, 0, 0, 0.855312, 13.25071, 3.894219, -4.687023, 3.312977, 0.02290076, 199.9459, 182.0289, 264.1639, -4.396946, 1.091603, 1.427481],
[0, 0, 0, 0, 0, 0.5714557, 12.90882, 2.777236, -3.175573, 1.977099, 0.0, 199.87, 181.918, 264.4433, -2.908397, 1.167939, 1.862595],
[0, 0, 0, 0, 0, 0.2417792, 13.39704, 1.297039, -3.870229, 2.816794, 0.8931297, 199.4716, 181.9521, 264.2276, -2.854962, 0.7251908, 1.175573],
[0, 0, 0, 0, 0, 0.5813466, 12.99822, 2.799423, -2.053435, 1.900763, 0.1679389, 199.8526, 181.9686, 264.2997, -2.083969, 0.8396947, 0.8549618],
[0, 0, 0, 0, 0, 0.7467996, 13.31074, 3.422136, -3.816794, 2.931298, 0.8244275, 200.2136, 181.8381, 264.7581, -3.366412, 1.221374, 1.251908],
[0, 0, 0, 0, 0, 1.014699, 13.10629, 4.615294, -3.572519, 2.152672, 0.2671756, 199.8538, 182.5322, 262.7625, -2.015267, 1.007634, 1.709924],
[0, 0, 0, 0, 0, 0.1652071, 12.98638, 1.012773, -4.152672, 2.671756, 1.328244, 199.5145, 182.7999, 261.889, -3.366412, 0.8931297, 0.2290076],
[0, 0, 0, 0, 0, 359.7423, 12.49096, 359.0709, -3.763359, 1.755725, -0.3206107, 199.8442, 182.6665, 262.3935, -2.175573, 2.129771, 2.015267],
[0, 0, 0, 0, 0, 0.312873, 12.47003, 1.722099, -3.603053, 2.389313, 0.4732824, 199.3858, 182.6736, 262.1835, -3.465649, 1.526718, 0.7633588],
[0, 0, 0, 0, 0, 0.03504145, 12.83076, 0.4592957, -4.259542, 1.969466, 0.5419847, 199.653, 182.1843, 263.6424, -3.114504, 1.442748, 1.007634],
[0, 0, 0, 0, 0, 359.7124, 12.63224, 358.9484, -2.351145, 1.59542, 0.2977099, 199.6167, 181.9451, 264.2921, -2.908397, 1.137405, 1.458015],
[0, 0, 0, 0, 0, 359.064, 12.79913, 356.1334, -3.236641, 1.70229, -0.4274809, 199.6507, 182.126, 263.8027, -3.137405, 1.725191, 1.389313],
[0, 0, 0, 0, 0, 0.005041051, 12.58673, 0.3368761, -3.022901, 2.290076, 0.7633588, 200.0854, 182.2844, 263.5179, -2.977099, 0.832061, 0.9083969],
[0, 0, 0, 0, 0, 0.1230208, 12.93453, 0.8350111, -1.954198, 1.160305, -1.045802, 199.884, 182.0329, 264.1336, -1.282443, 1.793893, 2.427481],
[0, 0, 0, 0, 0, 0.4537355, 12.66737, 2.314484, -2.793893, 1.290076, 0.1832061, 199.9997, 182.2856, 263.485, -1.610687, 1.175573, 1.305344],
[0, 0, 0, 0, 0, 1.398215, 12.84353, 6.368473, -3.694656, 2.603053, 0.7480916, 200.3775, 182.226, 263.7715, -2.129771, 1.40458, 1.068702],
[0, 0, 0, 0, 0, 359.4597, 12.85774, 357.8679, -2.51145, 1.80916, 0.09160305, 200.065, 182.5891, 262.6902, -2.572519, 0.740458, 1.076336],
[0, 0, 0, 0, 0, 0.1246738, 13.70212, 0.7883575, -2.969466, 3.473282, 0.5496183, 199.2434, 182.3176, 263.1236, -2.51145, 1.793893, 2.229008],
[0, 0, 0, 0, 0, 0.744887, 12.85475, 3.541823, -4.458015, 2.328244, 0.9007633, 200.2312, 182.2144, 263.7547, -3.091603, 1.969466, 0.9541985],
[0, 0, 0, 0, 0, 0.1975436, 12.89168, 1.1613, -3.160305, 1.541985, -0.9389313, 199.8405, 181.8208, 264.7007, -2.603053, 2.053435, 2.442748],
[0, 0, 0, 0, 0, 0.03444035, 13.28186, 0.4375058, -4.870229, 2.274809, -0.7709923, 200.0893, 182.265, 263.5715, -3.068702, 1.396947, 1.793893],
[0, 0, 0, 0, 0, 359.3702, 13.42439, 357.5854, -4.236641, 1.748092, -0.4198473, 199.9304, 181.8239, 264.7176, -2.717557, 2.145038, 1.442748],
[0, 0, 0, 0, 0, 359.1954, 12.15662, 356.5306, -4.900764, 2.816794, -1.236641, 199.9642, 182.3022, 263.4277, -2.587786, 1.114504, 1.78626],
[0, 0, 0, 0, 0, 0.03595676, 12.94874, 0.4580662, -3.290076, 2.557252, 0.07633588, 199.6212, 181.7596, 264.8076, -3.145038, 0.8473283, 0.740458],
[0, 0, 0, 0, 0, 0.07863492, 12.80527, 0.6507737, -2.419847, 1.038168, 0.3282443, 199.884, 182.1626, 263.78, -1.038168, 0.9847328, 1.366412],
[0, 0, 0, 0, 0, 359.7544, 12.53802, 359.1283, -4.389313, 2.442748, -0.0610687, 199.9769, 182.2661, 263.53, -2.198473, 1.114504, 1.290076],
[0, 0, 0, 0, 0, 16.79762, 20.72955, 38.51512, -31.28244, 12.44275, 4.129771, 202.8234, 178.6954, 272.8303, -3.221374, 2.083969, 2.312977],
[0, 0, 0, 0, 0, 17.25076, 21.25776, 38.53341, -9.412213, -1.221374, -5.938931, 201.9883, 180.7413, 267.908, -4.244275, 2.48855, 5.78626],
[0, 0, 0, 0, 0, 12.86605, 21.91902, 29.55884, 0.610687, -0.8091603, -0.480916, 203.5395, 180.0106, 269.7259, 0.3969466, 1.236641, 2.526718],
[0, 0, 0, 0, 0, 13.4816, 21.4904, 31.30849, -5.480916, 6.557252, -1.992366, 204.4762, 180.9092, 267.7685, -2.984733, 0.6259542, 1.343511],
[0, 0, 0, 0, 0, 14.31049, 20.35982, 34.46286, -6.564886, 2.366412, -1.358779, 203.0164, 181.147, 267.0576, -5.450382, 1.099237, 1.458015],
[0, 0, 0, 0, 0, 12.30866, 20.06409, 30.83313, -2.068702, 3.770992, 1.435114, 203.2168, 180.4076, 268.8009, -4.236641, 0.5725191, 0.9312977],
[0, 0, 0, 0, 0, 11.28577, 19.23303, 29.75861, -2.877863, 2.015267, -3.152672, 202.4769, 180.8885, 267.6025, -3.503817, 1.679389, 4.236641],
[0, 0, 0, 0, 0, 12.63735, 19.30714, 32.59104, -2.328244, 1.824428, -0.06870229, 202.4045, 181.4989, 266.1227, -3.633588, 1.290076, 1.48855],
[0, 0, 0, 0, 0, 11.3088, 19.18265, 29.87985, -4.458015, 2.885496, 1.366412, 202.5511, 182.2016, 264.4733, -2.709924, 1.389313, 0.6335878],
[0, 0, 0, 0, 0, 11.44922, 18.77177, 30.77544, -6.717557, 1.961832, 0.5725191, 203.2758, 181.7145, 265.7827, -7.51145, 4.40458, -0.02290076],
[0, 0, 0, 0, 0, 11.03436, 18.93055, 29.6126, -2.045802, 1.679389, 1.748092, 202.8187, 181.5909, 265.9818, -1.603053, 0.740458, 0.03816794],
[0, 0, 0, 0, 0, 11.13463, 19.6685, 28.83175, -3.091603, 1.259542, 0.06870229, 201.7824, 181.4589, 266.1023, -5.21374, 2.854962, 1.312977],
[0, 0, 0, 0, 0, 10.70557, 19.16329, 28.54328, -3.977099, 2.114504, 1.10687, 201.9751, 180.7504, 267.8841, -3.938931, 0.8854962, -0.007633588],
[0, 0, 0, 0, 0, 10.47028, 19.03961, 28.1689, -4.175572, 2.267176, 0.2671756, 202.5294, 181.3839, 266.4213, -2.564885, 1.053435, 0.8931297],
[0, 0, 0, 0, 0, 10.80654, 19.70472, 28.05279, -3.992366, 2.740458, -0.6183206, 202.2747, 181.4981, 266.1001, -2.770992, 1.137405, 1.679389],
[0, 0, 0, 0, 0, 10.32993, 18.89689, 28.03506, -3.801527, 1.503817, 0.3587786, 201.9654, 181.001, 267.2651, -5.091603, 2.10687, 0.5343512],
[0, 0, 0, 0, 0, 11.11384, 18.7629, 30.02951, -3.603053, 1.984733, 0.3816794, 201.4486, 180.9022, 267.4446, -4.160306, 1.664122, 0.5877862],
[0, 0, 0, 0, 0, 10.71566, 19.66289, 27.90331, -4.152672, 0.5877862, -0.9007633, 201.7205, 181.0273, 267.1665, -1.427481, 2.29771, 1.984733],
[0, 0, 0, 0, 0, 10.09942, 18.17172, 28.48923, -4.145038, 1.725191, 0.5725191, 201.9942, 181.1236, 266.9671, -2.572519, 0.7633588, 0.7480916],
[0, 0, 0, 0, 0, 12.49765, 21.1012, 29.85242, -0.4732824, 0.3053435, -0.5801527, 202.0515, 180.8891, 267.5514, -1.534351, 1.480916, 2.465649],
[0, 0, 0, 0, 0, 9.845172, 18.96475, 26.80301, -6.908397, 2.625954, 0.6946565, 201.8694, 181.2938, 266.5274, -3.274809, 1.030534, 0.5725191],
[0, 0, 0, 0, 0, 12.46726, 20.28108, 30.87013, 1.496183, 0.4503817, 1.022901, 202.2505, 180.886, 267.5824, -1.366412, 1.862595, 1.59542],
[0, 0, 0, 0, 0, 9.892167, 18.88991, 27.01288, -6.854962, 1.877863, -0.2977099, 201.7565, 181.1943, 266.7555, -2.679389, 1.664122, 0.7938931],
[0, 0, 0, 0, 0, 10.5944, 19.50123, 27.84034, -4.175572, 1.549618, -0.1755725, 202.0081, 180.526, 268.4401, -3.885496, 1.824428, 1.641221],
[0, 0, 0, 0, 0, 9.257732, 18.40134, 26.11956, -5.885496, 3.435115, -0.1450382, 201.2639, 180.8163, 267.6407, -5.091603, 1.198473, 1.70229],
[0, 0, 0, 0, 0, 9.142609, 19.22195, 24.7967, -4.763359, 3.229008, 0.2213741, 201.2684, 180.7114, 267.9093, -4.572519, 0.7175572, 1.19084],
[0, 0, 0, 0, 0, 9.29802, 18.99193, 25.45735, -3.381679, 0.4045802, -0.06870229, 201.9345, 180.7233, 267.947, -1.496183, 2.641221, 1.885496],
[0, 0, 0, 0, 0, 10.50575, 19.74218, 27.32732, -2.992366, 2.900763, -0.08396947, 201.2077, 180.5533, 268.3085, -3.801527, 0.8854962, 1.236641],
[0, 0, 0, 0, 0, 9.438514, 18.52814, 26.39683, -4.129771, 1.358779, 0.648855, 201.6556, 180.4848, 268.5169, -0.832061, 1.351145, 0.1526718],
[0, 0, 0, 0, 0, 8.67823, 17.97154, 25.22521, -1.564886, -0.2061069, -1.648855, 202.1556, 180.7288, 267.9553, 0.648855, 1.641221, 2.877863],
[0, 0, 0, 0, 0, 10.80542, 19.31623, 28.56459, -3.068702, 3.671756, -0.2366412, 202.9175, 180.5037, 268.558, -3.458015, 0.519084, 1.70229],
[0, 0, 0, 0, 0, 9.741974, 19.33557, 26.08282, -6.763359, 1.366412, -1.969466, 202.4045, 179.941, 269.8826, -4.793893, 2.351145, 2.458015],
[0, 0, 0, 0, 0, 9.997989, 19.0693, 27.02738, -3.320611, 2.755725, 2.282443, 202.825, 181.3415, 266.5716, -1.076336, -2.030534, -1.442748],
[0, 0, 0, 0, 0, 10.14835, 19.64345, 26.63848, -2.78626, 0.7251908, 1.167939, 202.4973, 181.5876, 265.9275, -3.083969, 2.206107, 0.2442748],
[0, 0, 0, 0, 0, 10.4285, 18.89139, 28.27248, -6.396946, 0.9007633, -1.282443, 201.6747, 181.4078, 266.209, -1.70229, 3.946565, 2.473282],
[0, 0, 0, 0, 0, 10.88792, 18.73455, 29.55261, -2.068702, 0.07633588, 1.038168, 202.8322, 180.9118, 267.5873, 0.351145, 2.251908, -0.06870229],
[0, 0, 0, 0, 0, 10.13751, 19.29915, 27.05416, -5.076336, 2.709924, 1.29771, 203.4911, 181.4904, 266.3368, -4.229008, 0.5877862, -1.282443],
[0, 0, 0, 0, 0, 9.486192, 19.4637, 25.32019, -5.671756, 2.954198, -0.870229, 203.1384, 181.2741, 266.7787, -4.870229, 2.045802, 2.503817],
[0, 0, 0, 0, 0, 9.810965, 18.35979, 27.53003, -1.78626, 3.19084, -0.3816794, 202.6479, 180.8132, 267.8015, -3.725191, -0.2519084, 1.717557],
[0, 0, 0, 0, 0, 10.88702, 19.32093, 28.74295, -1.961832, 1.251908, -0.04580153, 202.629, 180.9822, 267.3962, -2.778626, 1.48855, 1.0],
[0, 0, 0, 0, 0, 10.61976, 18.60273, 29.11685, -4.427481, 2.274809, -0.9465649, 202.9647, 181.1544, 267.0331, -3.221374, 1.183206, 2.335878],
[0, 0, 0, 0, 0, 10.14902, 19.53448, 26.7783, -2.358779, 2.587786, -0.7099237, 202.604, 182.146, 264.6194, -4.343512, 1.419847, 2.763359],
[0, 0, 0, 0, 0, 9.828547, 18.04397, 28.01074, -0.3816794, 1.458015, 0.480916, 201.8535, 181.8228, 265.2162, -3.78626, 0.8473283, 1.351145],
[0, 0, 0, 0, 0, 10.56711, 18.64365, 28.93678, -5.221374, 0.5419847, -0.7328244, 202.7217, 181.5218, 266.1269, -2.312977, 2.610687, 1.748092],
[0, 0, 0, 0, 0, 9.458378, 18.44197, 26.55965, -3.580153, 2.198473, 0.6946565, 202.2074, 181.2669, 266.6497, -3.770992, 1.80916, 0.832061],
[0, 0, 0, 0, 0, 9.882482, 18.61075, 27.36181, -1.793893, 3.267176, 1.534351, 201.8069, 181.3328, 266.4197, -3.045802, -0.1145038, 0.5877862],
[0, 0, 0, 0, 0, 8.721264, 18.10095, 25.16624, -3.053435, 1.328244, 0.8931297, 201.5328, 181.8881, 264.9756, -2.557252, 1.954198, 0.9160305],
[0, 0, 0, 0, 0, 9.253771, 18.85511, 25.52302, -2.679389, 1.167939, 1.335878, 202.0294, 181.5133, 266.0159, -5.236641, 2.877863, 0.6717557],









