[0, 0, 0, 0, 0, 13.25365, 12.98327, 45.51971, 14.18321, -3.48855, 8.099236, 164.8826, 138.515, 16.85595, -4.61832, -0.6717557, -11.05344],
[0, 0, 0, 0, 0, 11.85603, 16.26402, 35.70364, -0.9541985, 0.07633588, 17.23664, 165.6269, 142.4547, 18.30052, 11.90076, -4.61832, 0.4351145],
[0, 0, 0, 0, 0, 13.98572, 19.9912, 34.35651, 6.801527, 7.984733, -2.236641, 167.4422, 143.8738, 16.8242, -2.580153, 1.824428, -3.603053],
[0, 0, 0, 0, 0, 13.1619, 19.66498, 33.16703, 3.274809, 5.053435, -5.007634, 168.2845, 143.6632, 15.59463, -11.18321, 3.824427, -4.152672],
[0, 0, 0, 0, 0, 12.07635, 14.78928, 38.96936, 2.183206, -2.496183, -8.61832, 173.3277, 142.8681, 8.614595, -19.08397, 2.732824, -2.053435],
[0, 0, 0, 0, 0, 19.35997, 18.48776, 46.32756, -13.79389, -2.908397, 6.709924, 161.4333, 144.5212, 25.1079, 7.885496, -5.343512, 10.41985],
[0, 0, 0, 0, 0, 6.47928, 21.51743, 16.12393, -1.122137, -6.152672, 0.2061069, 167.0911, 143.5044, 17.06733, -8.847328, -5.450382, -3.0],
[0, 0, 0, 0, 0, 18.77464, 21.45835, 40.78104, -4.580153, 0.9923664, -2.671756, 165.3227, 147.3955, 22.1274, -14.03054, 2.70229, -0.03816794],
[0, 0, 0, 0, 0, 15.24341, 20.99385, 35.33214, -7.89313, 5.70229, 0.2213741, 166.4407, 146.7583, 20.05647, -1.053435, 5.366412, 3.267176],
[0, 0, 0, 0, 0, 18.31763, 16.29303, 48.45513, 1.580153, 3.564885, -5.801527, 165.1645, 143.7562, 19.72794, -4.89313, 4.007634, 3.572519],
[0, 0, 0, 0, 0, 16.61261, 16.19572, 45.67768, -7.778626, 0.8549618, 6.061069, 164.8696, 143.3582, 19.84087, -0.9923664, 1.587786, 1.793893],
[0, 0, 0, 0, 0, 13.65916, 18.61473, 35.76725, -2.0, 4.603054, 2.412214, 168.396, 144.4265, 15.86758, 1.244275, -0.7022901, 5.48855],
[0, 0, 0, 0, 0, 17.369, 17.50156, 44.68122, 16.01527, -0.389313, -7.91603, 171.1422, 145.6782, 12.69323, -6.992366, -3.045802, -7.480916],
[0, 0, 0, 0, 0, 16.39176, 18.01079, 42.06234, 2.496183, 6.450382, -3.099237, 169.9083, 147.094, 15.21675, -3.801527, 2.030534, 1.221374],
[0, 0, 0, 0, 0, 19.10894, 17.17768, 48.15734, -1.763359, 7.206107, -2.198473, 168.7499, 144.6105, 15.48978, -5.038168, 3.557252, 2.358779],
[0, 0, 0, 0, 0, 15.76188, 17.52462, 41.71928, 0.007633588, 0.7022901, 1.030534, 168.1553, 145.4117, 16.76539, -0.9541985, 3.259542, 0.9541985],
[0, 0, 0, 0, 0, 13.37909, 17.03784, 37.76609, -11.92366, 0.7709923, 6.0, 169.8345, 145.2886, 14.35339, -0.9465649, 1.175573, 1.648855],
[0, 0, 0, 0, 0, 13.96301, 20.64821, 33.3805, -18.54198, 4.38168, 14.03054, 167.8301, 147.1027, 18.28575, -0.2671756, 4.679389, 2.351145],
[0, 0, 0, 0, 0, 15.19977, 14.81652, 45.67396, -4.183206, -0.1984733, -5.045802, 168.4128, 144.2665, 15.7558, 0.1984733, 2.580153, 7.152672],
[0, 0, 0, 0, 0, 13.13266, 17.19254, 36.97209, -1.259542, -2.351145, -1.687023, 170.0089, 145.3539, 14.14225, -3.007634, 1.145038, 1.862595],
[0, 0, 0, 0, 0, 16.43653, 16.20702, 45.33545, 11.12977, -4.122138, -2.48855, 164.807, 143.1817, 19.80267, 8.099236, -4.419847, -4.961832],
[0, 0, 0, 0, 0, 11.90314, 15.46392, 37.26351, -18.29771, 0.7022901, 10.8855, 172.7211, 143.6787, 9.688886, 1.038168, 1.908397, 3.381679],
[0, 0, 0, 0, 0, 16.27335, 16.92117, 43.73461, -10.57252, 6.175572, 5.030534, 166.394, 144.7513, 18.76225, 8.778625, -1.152672, 9.641221],
[0, 0, 0, 0, 0, 8.006937, 18.6194, 22.69864, -2.152672, 0.2061069, -13.74046, 169.9332, 145.2127, 14.17635, -7.396946, 3.541985, 5.625954],
[0, 0, 0, 0, 0, 16.26255, 18.88854, 40.38219, -9.755725, -1.938931, -0.4732824, 171.9024, 147.8721, 12.59205, -2.870229, 1.832061, 2.526718],
[0, 0, 0, 0, 0, 13.0689, 17.63132, 36.10224, -3.473282, 5.91603, -2.282443, 174.0127, 145.4695, 8.488829, -2.21374, 5.51145, 1.671756],
[0, 0, 0, 0, 0, 14.67119, 17.78658, 39.1579, -3.648855, 2.21374, -1.732824, 171.9212, 144.7853, 11.20421, -3.572519, 0.4351145, 2.312977],
[0, 0, 0, 0, 0, 12.13071, 18.88188, 32.12367, -3.381679, -0.1603053, 1.366412, 174.8065, 146.1465, 7.533079, -0.9923664, 0.3969466, 1.473282],
[0, 0, 0, 0, 0, 10.63981, 18.30926, 29.58039, -3.320611, 3.610687, -5.343512, 170.9771, 145.604, 12.89438, -2.839695, 2.549618, 5.022901],
[0, 0, 0, 0, 0, 12.23949, 16.57907, 36.04079, -5.725191, 2.534351, 0.6412213, 172.47, 144.7464, 10.42358, -0.740458, 2.59542, 4.465649],
[0, 0, 0, 0, 0, 13.15524, 18.40779, 35.04117, -2.870229, 2.954198, -2.10687, 172.8421, 144.9171, 9.966226, -1.755725, 1.656489, 2.396947],
[0, 0, 0, 0, 0, 10.76206, 17.93017, 30.4227, 1.007634, -0.0610687, 2.114504, 173.0159, 145.1713, 9.813109, -1.374046, -0.9312977, 0.6717557],
[0, 0, 0, 0, 0, 10.46678, 17.79192, 29.92371, -6.206107, 2.122137, -0.6030535, 173.6623, 144.6258, 8.716961, -1.900763, 1.687023, 3.091603],
[0, 0, 0, 0, 0, 10.89375, 17.67864, 31.1132, -3.19084, 1.526718, -3.458015, 174.2991, 144.6519, 7.834435, -3.175573, 0.8396947, 3.053435],
[0, 0, 0, 0, 0, 10.28768, 17.50432, 29.91879, -5.015267, 1.832061, 0.351145, 175.0843, 145.2303, 6.880105, -0.8244275, 0.648855, 1.763359],
[0, 0, 0, 0, 0, 10.60219, 17.92316, 30.05361, -5.175572, 0.9312977, 0.3206107, 174.4387, 145.2883, 7.821675, -0.351145, 1.183206, 1.435114],
[0, 0, 0, 0, 0, 10.78648, 19.12679, 28.77752, -12.41221, -4.114504, 10.24428, 175.5599, 144.9868, 6.141448, -1.664122, -0.1450382, 0.5801527],
[0, 0, 0, 0, 0, 10.01493, 18.83143, 27.3817, -6.129771, 3.938931, 2.572519, 174.5408, 146.0903, 7.909477, 1.618321, 3.396947, 4.572519],
[0, 0, 0, 0, 0, 8.053714, 18.36884, 23.11722, -3.977099, 0.778626, -0.1526718, 176.5541, 145.3816, 4.795829, -4.061069, 2.427481, 0.9160305],
[0, 0, 0, 0, 0, 8.951594, 18.03394, 25.83974, -1.015267, 2.770992, -0.5877862, 176.4165, 145.1445, 4.95049, -4.48855, 0.8931297, 1.015267],
[0, 0, 0, 0, 0, 9.879749, 16.32575, 30.73482, -4.061069, 4.664122, -0.1603053, 176.1329, 145.411, 5.411288, -3.335878, 2.198473, 2.984733],
[0, 0, 0, 0, 0, 9.816224, 17.98193, 28.06786, -3.366412, 1.847328, -2.770992, 175.4082, 145.8294, 6.561795, -2.80916, 0.9770992, 3.167939],
[0, 0, 0, 0, 0, 9.688859, 17.41425, 28.56811, -4.427481, 3.618321, -0.6946565, 174.7922, 144.3974, 7.076269, -4.022901, 3.923664, 2.854962],
[0, 0, 0, 0, 0, 9.442134, 17.04898, 28.48108, -3.748092, 3.374046, -0.9236641, 175.516, 145.1818, 6.249387, -2.534351, 1.282443, 2.931298],
[0, 0, 0, 0, 0, 11.20686, 16.7811, 33.28472, 5.061069, 3.839695, -8.305344, 174.9614, 143.9235, 6.722248, -10.37405, 3.793893, -2.70229],
[0, 0, 0, 0, 0, 11.42991, 15.77867, 35.55209, 4.045802, 1.961832, -6.08397, 175.4632, 144.4644, 6.157924, -3.992366, 5.763359, -10.83206],
[0, 0, 0, 0, 0, 7.615238, 14.79385, 26.89166, -8.251908, 1.236641, -3.603053, 172.3658, 143.0589, 9.942086, 1.374046, -0.3206107, 5.633588],
[0, 0, 0, 0, 0, 8.808246, 17.41205, 26.31657, -2.793893, 0.1984733, -2.587786, 175.2344, 143.6632, 6.288226, -4.312977, 1.740458, 2.740458],
[0, 0, 0, 0, 0, 8.347297, 14.93452, 28.8392, -7.694656, 1.427481, -1.816794, 169.0636, 140.5998, 13.08953, -2.984733, 1.503817, 3.854962],
[0, 0, 0, 0, 0, 8.833233, 14.15472, 31.64804, -8.274809, 1.091603, -0.5954198, 168.3766, 141.0057, 14.10899, -2.419847, 0.3740458, 4.648855],
[0, 0, 0, 0, 0, 9.573434, 13.39085, 35.29845, -2.923664, 1.229008, -3.396947, 168.854, 140.9041, 13.48202, -3.0, 1.862595, 1.541985],
[0, 0, 0, 0, 0, 7.314032, 13.96325, 27.34832, -3.366412, 2.801527, -0.6870229, 168.7472, 140.7498, 13.53891, -2.358779, 0.3587786, 2.091603],
[0, 0, 0, 0, 0, 6.854558, 14.15084, 25.54997, -5.946565, 1.618321, 1.717557, 168.687, 141.8687, 14.14896, -4.305344, 1.053435, 3.908397],
[0, 0, 0, 0, 0, 8.597752, 15.49645, 28.62539, -3.916031, 2.061069, 0.1679389, 168.4187, 141.7334, 14.41578, -2.839695, 1.351145, 1.557252],
[0, 0, 0, 0, 0, 7.640703, 13.84454, 28.59699, -3.618321, 0.4961832, 0.6793893, 168.4701, 141.8045, 14.38746, -1.328244, -0.2824428, 0.2900764],
[0, 0, 0, 0, 0, 6.399416, 14.36093, 23.72903, -3.068702, 1.80916, 1.664122, 169.8245, 142.0985, 12.82946, 0.3664122, 2.328244, 1.167939],
[0, 0, 0, 0, 0, 7.334032, 13.9386, 27.4552, -4.587786, 1.175573, 1.839695, 170.8114, 141.469, 11.32695, -1.648855, 1.946565, 0.7633588],
[0, 0, 0, 0, 0, 6.870584, 14.01536, 25.82567, -5.587786, 4.122138, -0.4274809, 169.6073, 140.9398, 12.58431, -3.206107, 2.244275, 1.534351],
[0, 0, 0, 0, 0, 6.117254, 14.0802, 23.2177, -0.6870229, 1.427481, -3.580153, 169.55, 141.565, 12.93245, -4.778626, 1.061069, 2.465649],
[0, 0, 0, 0, 0, 7.35671, 13.5576, 28.20707, -5.549618, 1.091603, 0.961832, 170.2396, 141.8616, 12.20285, -0.8396947, 1.648855, 2.244275],
[0, 0, 0, 0, 0, 5.584023, 14.27948, 21.11024, -3.671756, 2.183206, 1.870229, 170.6758, 141.9525, 11.69238, -0.129771, 1.740458, 1.091603],
[0, 0, 0, 0, 0, 5.53062, 13.56888, 21.95969, -2.007634, 2.694656, -2.923664, 169.9214, 141.5573, 12.4684, -3.167939, 0.9007633, 1.89313],
[0, 0, 0, 0, 0, 5.841294, 13.69002, 22.87093, -5.099236, 1.48855, -0.5496183, 170.1664, 141.661, 12.20852, -3.29771, 1.053435, 2.328244],
[0, 0, 0, 0, 0, 4.886568, 14.23041, 18.74794, 0.2748091, 5.450382, -3.167939, 169.8927, 141.5788, 12.51345, -5.251908, 2.427481, 1.007634],
[0, 0, 0, 0, 0, 5.455482, 13.61923, 21.61564, -3.152672, 0.4427481, 0.9160305, 170.7064, 141.7608, 11.57541, -3.48855, 0.5419847, 2.015267],
[0, 0, 0, 0, 0, 5.027102, 13.30486, 20.52116, -3.099237, 1.40458, -0.7480916, 171.1396, 141.138, 10.79285, -3.229008, 1.412214, 1.076336],
[0, 0, 0, 0, 0, 5.661524, 13.2185, 22.9773, -5.870229, -3.122137, 8.641221, 171.6362, 142.1853, 10.56674, -1.267176, 0.8396947, 0.9770992],
[0, 0, 0, 0, 0, 5.837277, 13.55958, 23.06092, 0.0, 4.229008, -1.946565, 171.2339, 142.7842, 11.31738, -2.480916, 1.900763, 1.832061],
[0, 0, 0, 0, 0, 5.114494, 14.10479, 19.71731, -4.725191, 4.290076, 0.3282443, 172.4235, 141.5299, 9.341422, -3.458015, 0.7938931, 2.10687],
[0, 0, 0, 0, 0, 4.837496, 13.32551, 19.78576, -3.763359, 3.580153, -2.419847, 172.522, 141.3661, 9.164781, -2.19084, 2.748092, 1.992366],
[0, 0, 0, 0, 0, 6.132022, 14.31026, 22.91946, -3.419847, 0.7862596, 0.6564885, 172.539, 142.0488, 9.368718, -2.664122, 0.9312977, 0.9007633],
[0, 0, 0, 0, 0, 4.412081, 13.77703, 17.60347, -5.015267, 1.198473, 2.740458, 173.0303, 142.4499, 8.869886, -0.7251908, 1.946565, 2.152672],
[0, 0, 0, 0, 0, 4.270399, 13.85632, 16.98228, -1.854962, 4.129771, -0.4122138, 172.4034, 141.4849, 9.351519, -2.89313, 0.7862596, 2.358779],
[0, 0, 0, 0, 0, 4.144154, 13.60261, 16.81588, -1.725191, 3.083969, -2.076336, 171.733, 141.8153, 10.30713, -2.244275, 1.251908, 2.412214],
[0, 0, 0, 0, 0, 2.474227, 13.51932, 10.39391, -3.19084, 3.961832, -1.152672, 172.6163, 141.4214, 9.065312, -4.38168, 2.083969, 1.687023],
[0, 0, 0, 0, 0, 3.415633, 12.17042, 15.65718, -4.580153, 1.580153, 0.7328244, 172.7461, 141.3128, 8.869217, -4.198473, 1.312977, 1.473282],
[0, 0, 0, 0, 0, 4.661606, 13.21596, 19.27814, -3.740458, 2.0, -0.7633588, 173.0225, 141.7091, 8.647479, -4.412214, 2.793893, 0.2442748],
[0, 0, 0, 0, 0, 4.60151, 12.77803, 19.67357, -4.183206, 2.374046, 0.03816794, 172.3184, 141.3318, 9.406286, -3.129771, 2.770992, 1.839695],
[0, 0, 0, 0, 0, 3.775296, 13.34837, 15.70252, -2.229008, 3.320611, -3.51145, 173.335, 141.9021, 8.311027, -1.679389, 2.862595, 2.900763],
[0, 0, 0, 0, 0, 3.986447, 13.62088, 16.19695, -5.40458, 0.7099237, 1.458015, 174.5861, 141.3337, 6.585429, -1.816794, 0.1603053, 1.763359],
[0, 0, 0, 0, 0, 3.10567, 13.02429, 13.39077, -6.580153, 0.4198473, 2.435115, 174.5985, 141.4922, 6.607451, -3.21374, 0.8473283, 1.007634],
[0, 0, 0, 0, 0, 2.665637, 14.58731, 10.32608, -1.603053, 2.755725, -1.618321, 173.4704, 141.616, 8.056255, -3.458015, 1.496183, 1.221374],
[0, 0, 0, 0, 0, 2.717837, 13.89379, 11.05513, -3.59542, 2.10687, -1.862595, 173.9584, 142.0431, 7.55786, -2.778626, 1.312977, 1.89313],
[0, 0, 0, 0, 0, 2.932539, 12.87398, 12.83214, -2.259542, 5.396946, -2.091603, 173.8961, 142.2285, 7.688641, -2.572519, 2.458015, 2.648855],
[0, 0, 0, 0, 0, 2.921173, 12.89711, 12.76214, -3.122137, 0.6946565, -1.992366, 173.6524, 141.8147, 7.88348, -1.671756, 0.8549618, 1.824428],
[0, 0, 0, 0, 0, 2.73031, 12.69025, 12.16703, -4.450382, 2.603053, 1.366412, 174.4388, 141.6106, 6.836799, -1.618321, 2.198473, 2.068702],
[0, 0, 0, 0, 0, 2.58513, 13.09832, 11.19005, -4.641222, 0.961832, 0.7633588, 175.2009, 141.8551, 5.928932, -2.916031, 1.122137, 0.9770992],
[0, 0, 0, 0, 0, 3.764176, 13.70681, 15.25475, -4.40458, 3.10687, -1.045802, 174.5014, 141.5168, 6.73524, -3.145038, 1.610687, 3.0],
[0, 0, 0, 0, 0, 1.915162, 13.35556, 8.245165, -2.351145, -0.9389313, -1.312977, 175.6111, 141.81, 5.398378, -2.267176, -0.9007633, 2.755725],
[0, 0, 0, 0, 0, 2.339321, 13.3182, 10.00493, -4.603054, 2.198473, -0.1755725, 173.9881, 141.407, 7.350111, -2.076336, 2.763359, 3.473282],
[0, 0, 0, 0, 0, 2.970272, 13.14136, 12.72368, -5.114504, 3.48855, 0.1603053, 174.7339, 141.3617, 6.407449, -2.206107, 0.832061, 1.320611],
[0, 0, 0, 0, 0, 1.514296, 12.97799, 6.79408, -4.793893, 2.183206, -0.2442748, 175.8486, 141.1872, 4.982607, -2.740458, 2.145038, 1.167939],
[0, 0, 0, 0, 0, 1.452424, 13.61174, 6.216176, -2.083969, 1.122137, -2.458015, 175.1783, 141.8168, 5.949478, -2.992366, 0.4885496, 2.832061],
[0, 0, 0, 0, 0, 2.412245, 12.45604, 11.02386, -3.236641, 1.961832, -1.083969, 175.0642, 141.1689, 5.953385, -3.0, 0.9312977, 1.961832],
[0, 0, 0, 0, 0, 1.089154, 13.15446, 4.9118, -3.099237, 0.4351145, 1.030534, 175.4122, 141.8265, 5.65442, -2.206107, 0.480916, 1.618321],
[0, 0, 0, 0, 0, 1.435907, 13.42914, 6.236067, -2.396947, 1.801527, -0.5343512, 174.5903, 141.1559, 6.538257, -3.961832, 1.847328, 1.473282],
[0, 0, 0, 0, 0, 5.55618, 8.4335, 33.32474, -4.954198, -0.8091603, -0.3053435, 169.4025, 136.3284, 10.94629, -5.122138, 0.3358779, 0.6412213],
[0, 0, 0, 0, 0, 7.150874, 8.03273, 41.58771, -6.709924, 3.977099, 1.961832, 167.4642, 135.5431, 12.63226, -0.08396947, 0.1221374, 3.259542],
[0, 0, 0, 0, 0, 7.159399, 7.537642, 43.4393, -4.709924, 4.992366, 0.961832, 167.5182, 135.4591, 12.54121, -2.312977, 3.053435, 2.343511],
[0, 0, 0, 0, 0, 6.072226, 7.376423, 39.39528, -3.206107, 3.21374, -0.8015267, 167.5351, 135.157, 12.39589, -4.351145, 1.206107, 1.709924],
[0, 0, 0, 0, 0, 6.599364, 7.632055, 40.7706, -1.977099, 2.603053, -1.519084, 167.7186, 135.4811, 12.34659, -2.290076, 2.030534, 1.969466],
[0, 0, 0, 0, 0, 5.609187, 6.737617, 39.72466, -3.282443, 1.534351, -0.2442748, 168.1722, 135.4087, 11.85542, -2.900763, -0.03053435, 2.21374],
[0, 0, 0, 0, 0, 7.727207, 8.118783, 43.49408, -8.21374, -0.1984733, 4.717557, 168.2609, 136.0823, 12.03933, -1.80916, 0.6793893, 1.984733],
[0, 0, 0, 0, 0, 7.554664, 9.081037, 39.65168, -7.801527, 0.961832, 6.877862, 168.1351, 137.0831, 12.59259, 3.175573, 1.969466, -0.1603053],
[0, 0, 0, 0, 0, 6.544964, 7.637096, 40.51849, -5.442748, 2.030534, 2.381679, 168.5125, 135.6854, 11.61932, 2.381679, 2.824427, 1.068702],
[0, 0, 0, 0, 0, 6.029083, 8.936116, 33.92767, -1.732824, 6.480916, 1.923664, 170.4251, 136.3377, 9.878615, -1.19084, 2.450382, 1.435114],
[0, 0, 0, 0, 0, 6.729898, 7.926034, 40.25169, -5.709924, 1.854962, -0.6641222, 170.9926, 135.8166, 9.117676, -2.083969, 2.389313, -0.01526718],
[0, 0, 0, 0, 0, 5.185137, 6.383869, 39.04692, -5.91603, 2.770992, -0.6946565, 169.6046, 134.5341, 10.09143, -1.59542, 2.587786, 3.29771],
[0, 0, 0, 0, 0, 4.237761, 7.214768, 30.47016, -3.450382, 1.832061, 1.335878, 170.811, 134.9713, 9.0362, -5.564886, 0.9465649, 1.160305],
[0, 0, 0, 0, 0, 5.230466, 7.886854, 33.52075, -4.541985, 2.343511, 1.770992, 169.7276, 135.7633, 10.40149, -2.938931, 0.9541985, 2.48855],
[0, 0, 0, 0, 0, 5.30518, 7.905747, 33.82851, -4.587786, 1.801527, -0.3816794, 168.8488, 134.4286, 10.7986, -3.145038, 1.396947, 1.534351],
[0, 0, 0, 0, 0, 5.331028, 7.321915, 36.02342, -1.977099, 1.396947, -0.7099237, 169.4776, 135.8658, 10.69611, -1.977099, 1.198473, 3.053435],
[0, 0, 0, 0, 0, 4.966022, 7.925843, 32.05317, -7.061069, 1.549618, 0.6564885, 169.1246, 135.5657, 10.9468, -2.030534, -0.0610687, 2.427481],
[0, 0, 0, 0, 0, 5.185629, 6.964068, 36.64385, -1.717557, 4.450382, -2.725191, 170.6532, 135.7209, 9.436, -5.022901, 3.358779, -0.2442748],
[0, 0, 0, 0, 0, 4.913002, 7.033195, 34.92511, -4.954198, 2.236641, 0.6793893, 169.8345, 134.9633, 10.01161, -1.625954, 2.503817, 2.290076],
[0, 0, 0, 0, 0, 4.307216, 7.39611, 30.24952, -2.099237, 1.969466, -1.557252, 171.5419, 134.9628, 8.301532, -1.954198, 1.587786, 2.59542],
[0, 0, 0, 0, 0, 4.857729, 7.43973, 33.13565, -2.839695, 0.7099237, 1.19084, 171.4049, 134.5823, 8.327885, -1.389313, 4.38168, -0.9236641],
[0, 0, 0, 0, 0, 3.082118, 7.603052, 22.22214, 1.381679, 2.610687, -2.312977, 170.6518, 135.3797, 9.326682, -5.763359, 1.274809, 2.427481],
[0, 0, 0, 0, 0, 3.326083, 7.249263, 24.78044, -7.473282, -1.908397, 0.3053435, 169.1175, 134.8142, 10.67476, -0.2748091, -0.3282443, 1.114504],
[0, 0, 0, 0, 0, 2.978236, 7.427285, 22.02232, -4.374046, 0.7557252, 0.9007633, 170.6107, 135.5701, 9.430345, -1.977099, 1.236641, 2.648855],
[0, 0, 0, 0, 0, 4.116421, 6.048455, 34.28054, -8.435115, 1.557252, 3.114504, 171.9255, 134.9533, 7.914723, -2.916031, 2.70229, 2.862595],
[0, 0, 0, 0, 0, 2.017172, 7.078004, 16.2241, -0.2061069, -0.129771, -0.2213741, 171.6959, 134.4843, 8.012675, -4.580153, 1.129771, 1.129771],
[0, 0, 0, 0, 0, 2.544146, 7.329947, 19.37255, -1.366412, 3.160305, 1.992366, 171.6294, 135.3013, 8.311231, -2.687023, 2.10687, 1.251908],
[0, 0, 0, 0, 0, 2.065861, 7.715581, 15.27175, -13.34351, 1.175573, 5.679389, 173.5627, 134.8889, 6.261436, -1.412214, 0.1526718, 3.099237],
[0, 0, 0, 0, 0, 2.701061, 9.972428, 15.27676, -0.9465649, -0.8091603, 4.167939, 170.4725, 136.8455, 10.00302, -1.656489, -3.099237, 1.862595],
[0, 0, 0, 0, 0, 2.843563, 8.74707, 18.15788, 1.305344, 8.511451, 0.01526718, 169.4934, 136.8266, 11.03863, -0.778626, -0.06870229, 4.427481],
[0, 0, 0, 0, 0, 1.453325, 8.985188, 9.490113, -6.137404, 2.465649, -0.389313, 175.7477, 137.3561, 4.452682, -4.763359, 1.618321, 4.564886],
[0, 0, 0, 0, 0, 2.366603, 7.890419, 16.93099, -1.679389, 4.022901, 0.5343512, 176.2001, 136.6837, 3.866513, -4.946565, 1.351145, 1.152672],
[0, 0, 0, 0, 0, 3.068647, 8.764188, 19.42178, -0.4351145, -2.931298, -1.435114, 173.9916, 137.0977, 6.304483, -6.687023, -0.3206107, -0.05343511],
[0, 0, 0, 0, 0, 1.140931, 10.17755, 6.680007, 6.312977, 2.305344, -5.236641, 173.1829, 137.8788, 7.374839, -1.19084, 0.5343512, 1.068702],
[0, 0, 0, 0, 0, 1.406535, 8.193237, 10.08988, -3.916031, 4.51145, 0.1221374, 176.9608, 137.6345, 3.164209, -0.3969466, 3.70229, 3.908397],
[0, 0, 0, 0, 0, 2.647754, 9.683285, 15.43026, -1.29771, 3.603053, 1.580153, 173.4511, 137.3161, 6.939683, -0.9007633, -0.8473283, 1.778626],
[0, 0, 0, 0, 0, 0.9404223, 9.381382, 6.069275, -7.435114, 1.732824, 4.358778, 175.9721, 137.5626, 4.239674, -0.5343512, 1.770992, 1.038168],
[0, 0, 0, 0, 0, 0.3455101, 8.034944, 2.964998, -1.175573, 0.5114504, -1.244275, 175.9025, 137.0053, 4.23104, -2.679389, 0.2442748, 1.557252],
[0, 0, 0, 0, 0, 1.534091, 7.962798, 11.24866, -4.717557, 0.6412213, 1.030534, 174.6465, 138.2869, 5.839477, -1.152672, -0.4656488, 2.587786],
[0, 0, 0, 0, 0, 0.82844, 6.751866, 7.528598, -0.4351145, 3.290076, 1.236641, 174.5476, 137.5208, 5.79143, -2.519084, 1.236641, 2.694656],
[0, 0, 0, 0, 0, 1.877566, 8.77759, 12.33372, -6.152672, 3.160305, 0.9541985, 175.1578, 137.4193, 5.10571, -2.748092, 0.7099237, 0.3358779],
[0, 0, 0, 0, 0, 1.13298, 9.360699, 7.224031, -0.03816794, 0.5648855, -0.6641222, 174.0866, 137.313, 6.249387, -0.7709923, 1.007634, 1.167939],
[0, 0, 0, 0, 0, 2.031721, 10.69624, 10.91945, -3.083969, 2.877863, -1.435114, 175.6235, 138.2674, 4.739134, -2.076336, 2.198473, 0.8549618],
[0, 0, 0, 0, 0, 0.774177, 8.559896, 5.579091, -3.396947, 0.9389313, -0.4045802, 174.8661, 137.2986, 5.400496, -1.648855, 1.916031, 2.770992],
[0, 0, 0, 0, 0, 0.7421547, 9.728189, 4.713355, -5.91603, 2.80916, -1.022901, 174.7061, 137.5916, 5.632234, -2.458015, 0.7480916, 2.977099],
[0, 0, 0, 0, 0, 1.113826, 8.950844, 7.439403, -0.4580153, 1.099237, -0.4656488, 175.1038, 137.2956, 5.142022, -2.763359, 2.099237, 1.122137],
[0, 0, 0, 0, 0, 359.7256, 8.670744, 358.5754, -7.648855, 1.610687, 1.419847, 175.9626, 137.6779, 4.267584, -0.351145, 1.10687, 3.458015],
[0, 0, 0, 0, 0, 0.4152924, 8.261777, 3.354922, -3.679389, 2.961832, -0.07633588, 177.8017, 137.296, 2.212488, -3.10687, 1.656489, 1.923664],
[0, 0, 0, 0, 0, 1.612385, 21.42933, 4.222611, -2.908397, 2.770992, -0.3587786, 188.5826, 139.7927, 349.6916, -4.267176, 2.465649, 1.099237],
[0, 0, 0, 0, 0, 0.8299428, 20.80714, 2.320304, -3.450382, 3.10687, 1.763359, 186.602, 139.3827, 352.1369, -3.274809, 1.992366, 1.442748],
[0, 0, 0, 0, 0, 0.1178977, 20.54554, 0.4641319, -2.541985, 1.381679, 1.656489, 187.137, 139.5811, 351.4563, -2.70229, 2.70229, 0.9160305],
[0, 0, 0, 0, 0, 1.298993, 21.04637, 3.500907, -0.778626, 0.9236641, -0.7557252, 188.1896, 139.6, 350.2191, -0.9847328, -0.6946565, 1.389313],
[0, 0, 0, 0, 0, 2.355687, 22.17541, 5.867469, 3.236641, -0.2366412, -3.251908, 184.122, 141.1542, 354.71, -3.358779, -0.8167939, -0.8549618],
[0, 0, 0, 0, 0, 1.277968, 22.00973, 3.277598, -9.335877, 6.129771, 7.870229, 186.6068, 140.3757, 351.8555, 0.740458, 2.70229, 0.9083969],
[0, 0, 0, 0, 0, 359.143, 20.02244, 357.7727, 0.5496183, 2.335878, 4.480916, 186.8695, 139.6834, 351.7401, -5.320611, 0.09923664, -3.458015],
[0, 0, 0, 0, 0, 358.7708, 19.89622, 356.7363, 4.725191, 3.816794, 1.877863, 184.3578, 140.6035, 354.5241, -5.160306, 1.824428, -2.160305],
[0, 0, 0, 0, 0, 1.464241, 20.07795, 4.137187, 4.633588, 7.076336, -5.870229, 184.4311, 140.1055, 354.5307, -3.366412, 2.496183, -0.7251908],
[0, 0, 0, 0, 0, 0.886296, 18.65875, 2.786636, -1.977099, 2.045802, 0.1526718, 185.1571, 139.6034, 353.7723, -2.755725, 1.70229, -0.9465649],
[0, 0, 0, 0, 0, 0.1907949, 21.36068, 0.6265657, -3.80916, 2.656489, -0.7099237, 185.7945, 140.8139, 352.7234, -3.320611, 0.7480916, 1.992366],
[0, 0, 0, 0, 0, 0.7160888, 18.37326, 2.325564, -2.51145, -0.4274809, 0.2137404, 186.7668, 140.4857, 351.631, -5.038168, 2.236641, 3.160305],
[0, 0, 0, 0, 0, 0.1932676, 20.52174, 0.6652411, -7.603054, 2.175573, 1.099237, 186.2925, 140.1823, 352.286, -4.48855, 2.198473, 2.610687],
[0, 0, 0, 0, 0, 0.3323815, 18.77132, 1.148663, -4.61832, 1.778626, -1.916031, 187.0696, 140.5339, 351.2507, -1.78626, 1.51145, 3.755725],
[0, 0, 0, 0, 0, 358.637, 20.35642, 356.4568, -3.839695, 2.282443, -2.618321, 185.908, 140.2119, 352.7386, -3.671756, 1.358779, 2.099237],
[0, 0, 0, 0, 0, 359.4543, 20.42618, 358.6501, -4.022901, 0.2900764, 0.5419847, 186.471, 140.9012, 351.8714, -0.7709923, 0.1450382, 2.381679],
[0, 0, 0, 0, 0, 0.03924916, 20.84531, 0.249894, -3.793893, 0.5572519, 0.7862596, 186.3913, 140.5036, 352.0797, -1.419847, 1.129771, 2.526718],
[0, 0, 0, 0, 0, 358.9786, 19.97857, 357.3182, -3.725191, 3.839695, -0.5725191, 186.9804, 140.278, 351.435, -2.587786, -1.847328, 1.442748],
[0, 0, 0, 0, 0, -0.02004125, 20.02474, 0.1032254, -3.801527, 1.679389, -0.2671756, 186.7028, 140.5774, 351.6818, -3.015267, -0.2290076, 1.572519],
[0, 0, 0, 0, 0, 359.3397, 19.54448, 358.2665, -8.534351, -0.5801527, 0.7328244, 186.8207, 140.9561, 351.4264, -1.839695, 2.419847, 2.480916],
[0, 0, 0, 0, 0, 359.0608, 19.61298, 357.4945, -5.053435, 3.030534, -0.5267176, 186.823, 140.4797, 351.5648, -1.519084, 0.5419847, 3.389313],
[0, 0, 0, 0, 0, 358.9134, 18.74567, 356.9421, 2.633588, 0.8625955, -1.732824, 186.53, 140.3756, 351.948, -1.557252, 4.366412, -3.007634],
[0, 0, 0, 0, 0, 358.6725, 18.98002, 356.2867, 1.458015, 3.938931, -4.832061, 187.2163, 139.9208, 351.2613, -4.496183, 1.587786, 1.40458],
[0, 0, 0, 0, 0, 1.324089, 20.31567, 3.708615, -1.007634, 4.221374, 0.2213741, 186.6271, 140.589, 351.7701, -2.793893, 0.7175572, 2.267176],
[0, 0, 0, 0, 0, 0.3800597, 19.3462, 1.244238, -5.641222, 3.229008, 2.099237, 187.0115, 139.9881, 351.4838, -1.259542, 2.679389, 2.19084],
[0, 0, 0, 0, 0, -0.08199563, 18.75481, -0.06408555, -3.877863, -0.1526718, -0.01526718, 188.153, 139.6857, 350.2329, -3.59542, 0.4503817, 2.396947],
[0, 0, 0, 0, 0, 358.2348, 18.36888, 354.8529, -5.21374, -0.8015267, 1.175573, 187.3878, 140.0068, 351.0317, 1.503817, 0.4427481, 3.10687],
[0, 0, 0, 0, 0, 359.6716, 19.54827, 359.1965, -7.572519, 0.9694656, 3.152672, 187.7806, 140.4656, 350.4144, -2.641221, 1.167939, 2.175573],
[0, 0, 0, 0, 0, 358.0885, 20.05351, 354.9116, -5.496183, 0.8091603, 1.19084, 188.5797, 140.0404, 349.6066, -3.114504, 2.0, 1.671756],
[0, 0, 0, 0, 0, 0.1144687, 20.39531, 0.4594324, -1.519084, 5.206107, -2.381679, 188.7192, 139.5669, 349.6121, -4.931298, 1.832061, 2.244275],
[0, 0, 0, 0, 0, 358.0232, 18.56936, 354.2892, -6.022901, -1.59542, -0.1068702, 188.742, 139.7099, 349.5342, -2.358779, 1.572519, 2.015267],
[0, 0, 0, 0, 0, 358.7602, 18.87761, 356.52, -5.053435, 3.022901, 0.1679389, 188.9541, 139.8672, 349.2274, -0.778626, 1.748092, 4.274809],
[0, 0, 0, 0, 0, 358.1272, 20.0107, 355.0052, -3.251908, 1.137405, -0.7480916, 189.264, 139.7365, 348.9126, -4.832061, 0.5419847, 1.656489],
[0, 0, 0, 0, 0, 359.172, 18.65925, 357.6877, -3.59542, 1.343511, -1.083969, 188.5793, 140.6952, 349.3693, -3.389313, 0.7709923, 1.358779],
[0, 0, 0, 0, 0, 358.1366, 19.75563, 354.9627, -2.656489, 2.465649, -1.053435, 188.2237, 139.8716, 350.0867, -1.381679, 2.717557, 1.122137],
[0, 0, 0, 0, 0, 358.4995, 19.68212, 355.9467, -5.778626, 1.122137, 1.137405, 188.2395, 140.3697, 349.8957, -3.503817, 2.122137, 2.10687],
[0, 0, 0, 0, 0, 357.504, 19.0667, 352.967, -3.51145, 1.160305, 0.04580153, 189.0939, 140.3807, 348.8678, -4.038168, 1.648855, 2.259542],
[0, 0, 0, 0, 0, 357.8783, 20.06941, 354.3477, -3.816794, 2.755725, -2.221374, 188.808, 140.0186, 349.3441, -5.129771, 1.931298, 2.801527],
[0, 0, 0, 0, 0, 358.635, 19.79587, 356.3446, -4.229008, 2.633588, -1.40458, 188.6651, 140.5924, 349.3035, -2.618321, 1.908397, 3.076336],
[0, 0, 0, 0, 0, 358.105, 19.65724, 354.8484, -3.977099, 1.778626, -1.992366, 188.356, 140.497, 349.7107, -2.389313, 1.870229, 2.877863],
[0, 0, 0, 0, 0, 357.9553, 19.69346, 354.4454, -4.541985, 3.007634, 0.2213741, 188.6078, 140.0271, 349.5781, -2.633588, 0.3587786, 2.137405],
[0, 0, 0, 0, 0, 357.1247, 20.35892, 352.4345, -2.870229, 0.4045802, 0.1221374, 189.1566, 140.3642, 348.7992, -2.221374, 1.450382, 1.320611],
[0, 0, 0, 0, 0, 357.925, 19.46119, 354.2905, -4.0, 2.320611, -0.01526718, 188.9385, 139.8076, 349.2679, -2.648855, 1.19084, 2.709924],
[0, 0, 0, 0, 0, 358.273, 19.41941, 355.2526, -1.183206, 2.557252, -1.083969, 188.4496, 140.4339, 349.6208, -2.114504, -0.610687, 1.175573],
[0, 0, 0, 0, 0, 358.0419, 21.45628, 355.1493, -5.175572, -1.473282, 2.358779, 188.3352, 140.8086, 349.6244, -1.10687, 2.374046, 1.015267],
[0, 0, 0, 0, 0, 356.9021, 19.21031, 351.3314, -2.725191, 1.801527, -0.8396947, 189.1006, 140.5078, 348.8109, -2.29771, 1.603053, 1.748092],
[0, 0, 0, 0, 0, 357.1723, 20.24063, 352.5143, -2.946565, 0.2213741, -0.8778625, 188.5028, 140.5345, 349.5204, -2.427481, 1.89313, 0.519084],
[0, 0, 0, 0, 0, 357.0827, 20.49168, 352.3764, -3.366412, 2.312977, 0.1603053, 189.3929, 140.6035, 348.4215, -3.358779, 1.656489, 2.251908],
[0, 0, 0, 0, 0, 352.592, 18.43358, 338.8969, -5.793893, 0.1832061, 2.977099, 184.5371, 141.0816, 354.2096, -1.335878, 0.1755725, 2.290076],
[0, 0, 0, 0, 0, 353.361, 19.28908, 341.7939, -5.244275, 2.534351, 0.9160305, 183.6819, 141.3466, 355.2245, -0.6564885, 0.007633588, 2.648855],
[0, 0, 0, 0, 0, 353.6214, 18.75141, 341.9698, 0.01526718, 4.534351, -4.152672, 184.6685, 141.6897, 353.9183, -4.91603, 5.427481, -0.1068702],
[0, 0, 0, 0, 0, 352.2959, 18.19452, 337.8412, -2.793893, -0.02290076, 0.2824428, 183.024, 139.9714, 356.2331, -2.847328, 1.580153, 1.160305],
[0, 0, 0, 0, 0, 353.8641, 18.24567, 342.142, -7.870229, 0.5343512, 1.763359, 185.9195, 140.9954, 352.5232, 0.5496183, 0.6183206, 1.938931],
[0, 0, 0, 0, 0, 351.7115, 18.80248, 337.0405, -3.503817, 3.129771, 0.3435115, 185.5992, 141.1172, 352.8872, -3.312977, 1.618321, 1.770992],
[0, 0, 0, 0, 0, 353.6556, 18.33699, 341.6578, -3.519084, 2.664122, -0.4274809, 185.2628, 141.5725, 353.1956, -3.793893, 0.778626, 2.648855],
[0, 0, 0, 0, 0, 353.9266, 18.50793, 342.5654, -5.366412, -1.129771, -0.2442748, 184.9034, 141.1676, 353.7375, -2.366412, 0.5648855, 1.679389],
[0, 0, 0, 0, 0, 352.6993, 17.83692, 338.5067, -0.9083969, 2.770992, -0.4122138, 185.2515, 140.722, 353.4094, -0.1603053, 0.9312977, 1.832061],
[0, 0, 0, 0, 0, 352.1138, 19.11579, 338.4141, -6.473282, 0.5114504, 1.59542, 186.6987, 141.5639, 351.3951, -1.900763, -1.114504, 4.496183],
[0, 0, 0, 0, 0, 354.8319, 19.93538, 346.1673, -2.473282, 2.748092, 0.5648855, 187.769, 141.914, 349.933, -3.847328, 0.9541985, -0.9694656],
[0, 0, 0, 0, 0, 354.3391, 19.17646, 344.2756, -3.854962, 2.320611, -1.061069, 186.3117, 141.9206, 351.7778, -3.374046, 2.358779, 2.381679],
[0, 0, 0, 0, 0, 352.5459, 20.06531, 340.475, -4.969466, 2.396947, 0.5419847, 187.3182, 142.4508, 350.3225, -2.59542, 1.503817, 2.625954],
[0, 0, 0, 0, 0, 352.6766, 19.0076, 339.7378, -1.51145, 2.664122, -1.442748, 185.6548, 141.8941, 352.6196, -3.48855, 2.160305, 1.526718],
[0, 0, 0, 0, 0, 352.3902, 18.97952, 338.9703, -2.641221, 1.992366, 0.1603053, 186.7549, 141.8242, 351.245, -2.801527, 1.755725, 2.068702],
[0, 0, 0, 0, 0, 352.4048, 19.56655, 339.6261, -0.3129771, 4.473282, -1.381679, 186.053, 141.2969, 352.2777, -1.946565, 1.679389, 2.251908],
[0, 0, 0, 0, 0, 351.9815, 18.20169, 337.0224, -5.580153, 3.10687, 1.358779, 186.7487, 141.4601, 351.364, -3.625954, 4.633588, -2.022901],
[0, 0, 0, 0, 0, 352.845, 19.93204, 341.0884, -6.022901, 0.6412213, 0.4885496, 187.1787, 141.0645, 350.9531, -0.1068702, 0.5954198, 2.335878],
[0, 0, 0, 0, 0, 351.5753, 18.48775, 336.3188, -3.847328, 3.267176, -2.412214, 186.2534, 140.6154, 352.2162, 0.04580153, 0.3969466, 3.40458],
[0, 0, 0, 0, 0, 354.3441, 18.39492, 343.6134, -6.068702, -0.08396947, 0.1145038, 187.4918, 140.7206, 350.6802, -1.656489, -0.9160305, 3.137405],
[0, 0, 0, 0, 0, 354.0069, 20.11959, 344.1822, 1.931298, 0.1679389, -3.374046, 190.0065, 142.3839, 346.9019, -5.038168, 2.694656, -0.2519084],
[0, 0, 0, 0, 0, 349.7726, 19.95065, 333.7645, -2.70229, 1.229008, 1.450382, 185.2695, 141.6481, 353.169, -4.259542, -0.04580153, 2.854962],
[0, 0, 0, 0, 0, 352.7369, 19.31105, 340.206, 0.2824428, 0.4351145, -1.709924, 187.1294, 140.9716, 351.0429, -2.793893, 0.8015267, -3.709924],
[0, 0, 0, 0, 0, 352.9577, 18.96453, 340.4238, 0.3969466, 6.900764, -1.78626, 185.9024, 142.5011, 352.1382, -3.343511, 2.244275, 0.2061069],
[0, 0, 0, 0, 0, 352.3988, 18.8314, 338.8311, -6.793893, 3.450382, 0.07633588, 186.7091, 141.4568, 351.4143, -1.099237, 3.78626, 4.198473],
[0, 0, 0, 0, 0, 352.5465, 17.73578, 337.972, -2.473282, 0.8396947, -4.70229, 186.5061, 141.1986, 351.7429, -2.572519, -0.09160305, 2.923664],
[0, 0, 0, 0, 0, 350.6561, 19.19214, 334.9016, -2.0, 0.6870229, 0.2290076, 186.4591, 141.1867, 351.8045, -1.877863, 1.526718, 0.6946565],
[0, 0, 0, 0, 0, 351.8966, 18.85367, 337.5691, -1.007634, 4.664122, -3.198473, 186.9713, 141.9273, 350.9388, -4.427481, 3.274809, 2.564885],
[0, 0, 0, 0, 0, 351.6062, 19.1742, 337.2062, -1.603053, 3.870229, -5.015267, 187.6491, 141.4456, 350.2458, -3.557252, 3.290076, 1.038168],
[0, 0, 0, 0, 0, 353.8848, 17.83931, 341.7966, 0.7175572, 3.656489, 1.740458, 186.5837, 141.3779, 351.5942, -3.038168, 0.1526718, 1.862595],
[0, 0, 0, 0, 0, 351.4386, 19.29565, 336.9307, -4.022901, 1.366412, -0.09160305, 186.784, 141.1027, 351.4277, -1.618321, 2.450382, 1.358779],
[0, 0, 0, 0, 0, 352.3467, 17.66947, 337.3497, -4.282443, 2.954198, -1.320611, 186.3142, 140.6713, 352.127, -2.961832, 1.862595, 2.641221],
[0, 0, 0, 0, 0, 352.324, 18.55212, 338.3263, -1.732824, 3.328244, -1.450382, 186.7044, 141.1506, 351.5117, -2.625954, 1.312977, 2.061069],
[0, 0, 0, 0, 0, 351.2428, 18.08915, 334.9694, -5.969466, 0.6717557, 1.938931, 187.5655, 141.2498, 350.4156, -1.099237, 1.801527, 2.679389],
[0, 0, 0, 0, 0, 350.9495, 17.78312, 333.8132, -1.160305, 4.458015, -0.3664122, 188.114, 140.8937, 349.8637, -2.877863, 1.748092, 1.671756],
[0, 0, 0, 0, 0, 351.0193, 17.43713, 333.5195, -2.916031, 2.374046, -0.519084, 188.9082, 140.4935, 349.0477, -2.770992, 1.557252, 1.007634],
[0, 0, 0, 0, 0, 349.852, 17.77093, 331.0429, -5.854962, 1.519084, -0.2748091, 187.7938, 140.7827, 350.2923, -1.763359, 1.801527, 1.992366],
[0, 0, 0, 0, 0, 351.2112, 17.57883, 334.2135, -1.732824, 0.3664122, -2.282443, 187.111, 140.2264, 351.2942, -4.847328, 1.40458, 0.5954198],
[0, 0, 0, 0, 0, 351.3334, 17.13482, 333.9263, -2.374046, 3.007634, 2.755725, 187.0322, 139.9122, 351.4817, -2.633588, 1.259542, 0.870229],
[0, 0, 0, 0, 0, 351.7897, 16.63618, 334.4668, -4.564886, 2.557252, 2.351145, 186.8467, 140.6384, 351.4894, -1.137405, 1.679389, 1.541985],
[0, 0, 0, 0, 0, 351.1706, 17.50028, 334.0008, -5.91603, 1.160305, -1.175573, 188.2068, 140.3218, 349.9515, -2.694656, 0.5954198, 2.274809],
[0, 0, 0, 0, 0, 352.5874, 17.10153, 337.3091, -3.549618, 3.70229, 0.5496183, 188.0202, 140.3606, 350.1619, -4.030534, 1.748092, 1.70229],
[0, 0, 0, 0, 0, 353.7268, 17.22255, 340.6965, 6.70229, 2.282443, -4.282443, 186.1286, 139.6136, 352.6292, -6.251908, 2.618321, -0.3740458],
[0, 0, 0, 0, 0, 351.568, 17.70543, 335.3161, -1.732824, -0.1755725, -0.9923664, 186.7338, 140.2616, 351.7354, -2.633588, -0.3587786, 1.305344],
[0, 0, 0, 0, 0, 352.8379, 18.10429, 339.187, -3.969466, 1.007634, 7.580153, 184.8979, 140.0332, 353.9876, -3.145038, -0.2900764, 0.5496183],
[0, 0, 0, 0, 0, 353.5797, 17.98885, 341.0955, -2.351145, 0.5496183, -0.9847328, 185.194, 141.0026, 353.4152, -2.969466, -0.9312977, 3.374046],
[0, 0, 0, 0, 0, 353.7284, 17.79537, 341.3109, -2.969466, 0.7099237, -2.618321, 185.9674, 141.2235, 352.4037, -5.366412, 0.2290076, 0.961832],
[0, 0, 0, 0, 0, 353.3117, 18.88999, 341.2793, -0.870229, 4.0, 0.1526718, 186.2056, 140.9244, 352.1904, -1.656489, 1.587786, 1.389313],
[0, 0, 0, 0, 0, 359.0832, 32.4086, 358.5978, -0.3358779, 3.083969, -2.580153, 187.3652, 149.22, 347.526, -0.6641222, 2.885496, -0.4961832],
[0, 0, 0, 0, 0, 358.7571, 32.01542, 358.0578, -0.01526718, 2.793893, -1.633588, 187.9544, 149.0953, 346.6294, -5.824428, -0.02290076, 0.6641222],
[0, 0, 0, 0, 0, 359.4377, 32.77899, 359.1651, -3.328244, 4.89313, 0.1526718, 187.5051, 148.9025, 347.4505, 0.3053435, 3.458015, -2.206107],
[0, 0, 0, 0, 0, 358.8249, 32.3315, 358.1873, -7.305344, 1.763359, 2.946565, 187.202, 149.3371, 347.7378, -2.465649, 0.4122138, 2.839695],
[0, 0, 0, 0, 0, 358.4524, 32.32792, 357.601, -4.679389, 1.770992, -0.3435115, 188.1269, 149.2176, 346.2867, -0.3435115, 0.7709923, 3.007634],
[0, 0, 0, 0, 0, 357.556, 31.89171, 356.1281, -1.167939, 1.40458, -2.29771, 188.3311, 149.5327, 345.7858, -4.824428, 0.5496183, 1.0],
[0, 0, 0, 0, 0, 357.8998, 31.64477, 356.6462, -2.045802, 1.114504, -1.931298, 189.2377, 149.6606, 344.2304, -3.78626, 1.229008, 2.068702],
[0, 0, 0, 0, 0, 359.2717, 30.99123, 358.8346, -4.427481, 3.564885, 0.1068702, 188.5842, 149.8011, 345.2208, -2.267176, 3.007634, 1.938931],
[0, 0, 0, 0, 0, 359.2492, 31.33885, 358.8126, -5.114504, 1.839695, 1.450382, 187.8168, 149.0824, 346.8586, -3.076336, 0.8167939, 1.984733],
[0, 0, 0, 0, 0, 358.2303, 31.4694, 357.1607, -1.152672, 3.312977, -1.0, 188.7795, 149.7242, 344.9431, -2.519084, 1.053435, 1.954198],
[0, 0, 0, 0, 0, 357.9004, 31.29812, 356.6022, 0.2061069, 2.664122, -1.236641, 188.5712, 149.6263, 345.3405, -1.312977, 0.8931297, 1.007634],
[0, 0, 0, 0, 0, 357.7137, 31.36667, 356.3067, -0.4885496, 2.389313, 0.7480916, 189.1422, 150.0562, 344.1491, -4.801527, 2.770992, 1.244275],
[0, 0, 0, 0, 0, 359.3441, 32.2904, 359.003, -5.541985, 2.412214, 1.351145, 188.5908, 149.3066, 345.4862, -0.519084, 0.2213741, 1.778626],
[0, 0, 0, 0, 0, 357.7732, 32.01312, 356.4914, -3.10687, 2.916031, 0.7938931, 188.9648, 149.2387, 344.9196, -2.549618, 2.145038, 1.709924],
[0, 0, 0, 0, 0, 357.2149, 32.32388, 355.6556, -5.419847, 3.648855, -0.6183206, 188.1176, 149.952, 345.9109, -3.366412, 0.2061069, 0.6412213],
[0, 0, 0, 0, 0, 357.7578, 31.77268, 356.4345, -6.030534, 1.038168, 1.389313, 189.1889, 150.1607, 344.008, -2.458015, 1.564886, 2.21374],
[0, 0, 0, 0, 0, 357.7638, 32.57228, 356.5502, -2.40458, 1.526718, -2.442748, 188.3067, 149.5772, 345.8017, -1.587786, 2.206107, 1.801527],
[0, 0, 0, 0, 0, 358.908, 32.7032, 358.3411, -13.28244, -15.51145, 0.3740458, 189.0622, 149.6943, 344.4972, -0.5801527, 0.4045802, 1.549618],
[0, 0, 0, 0, 0, 353.012, 36.93413, 350.7888, -2.778626, -3.671756, -3.916031, 190.6719, 149.3019, 342.1491, -4.274809, -0.5038168, 1.519084],
[0, 0, 0, 0, 0, 356.3989, 37.74886, 355.3862, 3.007634, 9.068703, -7.305344, 189.2317, 150.1574, 343.939, -4.335878, 0.4961832, 3.312977],
[0, 0, 0, 0, 0, 354.3736, 37.35118, 352.6873, -5.10687, 0.1679389, 1.366412, 189.7373, 150.0137, 343.1944, -2.015267, 2.854962, 2.396947],
[0, 0, 0, 0, 0, 353.1596, 38.10309, 351.3468, -3.396947, 2.854962, 0.1526718, 189.5494, 150.5304, 343.1742, -1.587786, 0.6564885, 2.610687],
[0, 0, 0, 0, 0, 353.7707, 37.52915, 351.9565, -4.541985, -0.1526718, -0.7938931, 190.2946, 149.3176, 342.739, -3.885496, 2.450382, 1.671756],
[0, 0, 0, 0, 0, 353.3039, 36.47893, 351.0278, -3.374046, 1.877863, 0.7251908, 190.6541, 150.3733, 341.4472, -2.610687, 1.549618, 2.152672],
[0, 0, 0, 0, 0, 353.8996, 36.32557, 351.7781, -5.503817, 2.503817, 4.145038, 190.4543, 150.3355, 341.802, -2.641221, 2.221374, 1.083969],
[0, 0, 0, 0, 0, 354.3925, 37.95139, 352.865, -3.274809, -0.129771, 2.351145, 190.3996, 150.3148, 341.9062, -0.8854962, 1.198473, 1.206107],
[0, 0, 0, 0, 0, 351.8903, 36.91842, 349.3146, -4.496183, 0.5496183, 0.3816794, 190.1198, 150.3336, 342.3548, -2.625954, 1.114504, 1.496183],
[0, 0, 0, 0, 0, 353.268, 35.8881, 350.7876, -1.480916, 5.145038, -3.603053, 191.2603, 149.4886, 341.0882, -5.694656, 2.572519, 2.40458],
[0, 0, 0, 0, 0, 354.3235, 35.5743, 352.1384, -3.885496, 3.396947, -0.961832, 191.4132, 150.2431, 340.3015, -3.656489, 2.625954, 2.351145],
[0, 0, 0, 0, 0, 353.0109, 35.30733, 350.2363, -2.076336, 1.450382, -1.633588, 190.4187, 149.8513, 342.1889, -2.450382, 0.6335878, 2.030534],
[0, 0, 0, 0, 0, 353.6106, 36.23069, 351.3608, -2.961832, 1.137405, -0.09160305, 191.5966, 149.8769, 340.2748, -3.89313, 0.6183206, 0.8473283],
[0, 0, 0, 0, 0, 353.6591, 35.46565, 351.1873, 1.587786, 2.938931, -4.954198, 191.3106, 149.4483, 341.0367, -5.022901, 0.5419847, 1.374046],
[0, 0, 0, 0, 0, 354.0107, 36.42829, 351.957, -4.435114, 4.099236, 2.442748, 190.9263, 150.3379, 341.0258, 0.4656488, 1.793893, 1.938931],
[0, 0, 0, 0, 0, 354.5806, 35.84527, 352.5666, -3.961832, 0.3969466, 2.083969, 191.5682, 149.2461, 340.7732, -1.969466, 0.7175572, 1.89313],
[0, 0, 0, 0, 0, 353.3697, 35.68828, 350.8607, -3.969466, 0.7175572, 1.312977, 191.3237, 150.1703, 340.4998, -2.610687, 0.610687, 2.160305],
[0, 0, 0, 0, 0, 352.8634, 36.96121, 350.603, -3.725191, 3.328244, -0.4045802, 192.498, 150.335, 338.4829, -2.641221, 4.839694, 1.587786],
[0, 0, 0, 0, 0, 352.2795, 35.88612, 349.4439, -4.793893, 2.0, -0.7938931, 192.2257, 149.339, 339.6773, -4.015267, 3.992366, -1.29771],
[0, 0, 0, 0, 0, 352.6907, 36.19801, 350.1126, -4.656488, 2.557252, 0.5725191, 192.3314, 149.2624, 339.5696, -2.740458, 1.274809, 2.183206],
[0, 0, 0, 0, 0, 351.9907, 35.67336, 348.969, -5.343512, 2.541985, -0.2900764, 193.7733, 148.8853, 337.6508, -2.374046, 3.992366, 0.6870229],
[0, 0, 0, 0, 0, 352.255, 35.26729, 349.1735, -5.748092, 2.427481, 0.519084, 192.6468, 148.8594, 339.3829, -0.2366412, 1.580153, 1.282443],
[0, 0, 0, 0, 0, 350.9471, 35.42756, 347.4395, -1.122137, 4.748092, -2.175573, 192.1213, 148.8322, 340.2089, -3.519084, 1.007634, 1.687023],
[0, 0, 0, 0, 0, 350.2647, 37.37905, 347.4002, -4.664122, -0.1755725, 2.908397, 192.4236, 148.9559, 339.6538, -4.244275, 0.6641222, 2.091603],
[0, 0, 0, 0, 0, 351.9336, 35.7135, 348.9071, -3.694656, 2.977099, 0.8931297, 192.3162, 148.8365, 339.9065, -3.129771, 2.908397, 2.305344],
[0, 0, 0, 0, 0, 351.7852, 34.80788, 348.3327, -4.206107, 0.05343511, -1.045802, 192.4971, 148.1322, 340.1387, -3.10687, 2.145038, 1.198473],
[0, 0, 0, 0, 0, 352.3701, 35.47878, 349.4136, -2.480916, -0.5267176, -1.076336, 193.5368, 148.2703, 338.4839, -4.091603, 0.8778625, 1.312977],
[0, 0, 0, 0, 0, 350.9453, 35.57333, 347.502, -2.48855, 3.503817, -0.4732824, 192.2103, 149.2123, 339.7949, -3.816794, 1.320611, 1.526718],
[0, 0, 0, 0, 0, 351.8649, 35.61052, 348.7724, -1.80916, -0.1755725, -1.267176, 191.8367, 149.0597, 340.4862, -4.450382, -0.8015267, 2.137405],
[0, 0, 0, 0, 0, 351.7666, 33.76764, 347.8579, -4.38168, 2.48855, 0.3664122, 191.8617, 147.8905, 341.2588, -6.587786, 3.557252, 3.099237],
[0, 0, 0, 0, 0, 359.8944, 36.84076, 359.8809, -45.21374, -14.90076, 67.30535, 183.4557, 152.2554, 353.2168, -10.32061, 2.427481, 3.633588],
[0, 0, 0, 0, 0, 352.7644, 36.16338, 350.1995, -5.755725, 1.030534, 2.656489, 182.6482, 150.836, 355.0422, -2.755725, 1.725191, 2.885496],
[0, 0, 0, 0, 0, 356.2434, 36.18524, 354.9105, 4.854962, -0.7175572, -3.587786, 184.7311, 151.8952, 350.9531, -2.801527, -1.862595, 0.2137404],
[0, 0, 0, 0, 0, 358.446, 35.9526, 357.8889, -3.282443, 5.679389, 2.450382, 183.9729, 153.091, 351.9643, -1.900763, 3.473282, 1.175573],
[0, 0, 0, 0, 0, 0.9730185, 35.17447, 1.413748, 13.25954, 14.19847, -24.21374, 184.1337, 152.3932, 351.8925, -5.824428, 3.908397, 2.80916],
[0, 0, 0, 0, 0, 4.711853, 33.16719, 7.210465, -8.801527, 4.748092, 3.679389, 185.3392, 151.7206, 349.9054, -3.068702, 5.709924, 5.007634],
[0, 0, 0, 0, 0, 0.05684502, 33.72247, 0.1298924, -9.832061, 1.450382, 3.984733, 184.6898, 152.2355, 350.9025, -2.900763, 1.221374, 4.732824],
[0, 0, 0, 0, 0, 358.2143, 30.77637, 357.0574, -14.56489, 3.587786, -11.55725, 184.1385, 149.9405, 352.6522, -6.977099, 7.030534, 12.87023],
[0, 0, 0, 0, 0, 359.7945, 32.0686, 359.7114, -7.847328, 3.320611, -4.755725, 184.6491, 149.9362, 351.7792, -4.549618, 0.9847328, 7.839694],
[0, 0, 0, 0, 0, 0.3360974, 32.45132, 0.578505, -0.9160305, 2.229008, -4.908397, 185.8549, 150.3166, 349.5699, -5.366412, 0.4198473, 2.022901],
[0, 0, 0, 0, 0, 2.091175, 30.9066, 3.538462, -1.938931, 3.717557, -0.6259542, 185.2302, 149.5785, 350.9155, -2.374046, -0.5954198, 1.603053],
[0, 0, 0, 0, 0, 357.5826, 33.05462, 356.335, 0.5572519, 3.358779, -1.152672, 185.7364, 148.8232, 350.3523, 0.259542, 0.1755725, 1.40458],
[0, 0, 0, 0, 0, 356.2814, 32.32483, 354.1923, -1.274809, 1.091603, -1.969466, 186.4551, 150.1175, 348.6282, -1.603053, 0.6335878, 1.030534],
[0, 0, 0, 0, 0, 357.1683, 34.15009, 355.8734, -4.38168, -0.2213741, -2.938931, 187.0819, 150.7626, 347.246, -3.572519, 0.5877862, 2.740458],
[0, 0, 0, 0, 0, 356.4115, 32.61018, 354.456, -6.419847, 1.175573, -3.312977, 186.4996, 150.0042, 348.6032, -1.145038, 1.343511, 5.267176],
[0, 0, 0, 0, 0, 357.3493, 32.40417, 355.879, -2.221374, 2.198473, -0.4656488, 187.0468, 149.7197, 347.8142, -4.931298, 0.648855, 2.709924],
[0, 0, 0, 0, 0, 357.3519, 33.12265, 355.9928, -7.603054, -1.251908, 3.290076, 188.5616, 151.0546, 344.5249, -1.740458, 2.21374, 0.6030535],
[0, 0, 0, 0, 0, 357.7623, 32.95735, 356.5972, 3.755725, 8.183207, -5.061069, 187.1342, 150.9372, 347.0665, -8.007633, 4.335878, -2.358779],
[0, 0, 0, 0, 0, 356.9715, 32.90318, 355.3756, -5.541985, 1.374046, 3.648855, 188.7675, 150.5779, 344.4611, 0.4885496, 1.847328, 1.541985],
[0, 0, 0, 0, 0, 356.2493, 32.4497, 354.1696, -3.839695, 1.091603, 2.396947, 186.9319, 150.4295, 347.669, -2.206107, 0.351145, 0.5648855],
[0, 0, 0, 0, 0, 356.9412, 32.52829, 355.2628, -10.77863, 0.9465649, 6.343512, 189.0798, 150.1162, 344.2162, 0.8625955, 2.343511, 3.419847],
[0, 0, 0, 0, 0, 356.3657, 31.22973, 354.0815, -4.152672, 6.969466, -3.877863, 188.1428, 149.635, 346.04, -5.526718, 4.374046, 2.923664],
[0, 0, 0, 0, 0, 356.5431, 31.77204, 354.4873, -3.206107, 0.2442748, 1.572519, 189.1539, 149.1142, 344.687, -2.381679, 3.114504, 1.496183],
[0, 0, 0, 0, 0, 355.8146, 30.59819, 353.0137, -2.519084, 3.114504, 1.083969, 189.9179, 149.3436, 343.3246, -2.877863, 1.816794, 1.137405],
[0, 0, 0, 0, 0, 355.5306, 32.28922, 353.009, -4.938931, 3.816794, 3.633588, 189.5331, 149.5534, 343.815, -4.473282, 0.8167939, 1.725191],
[0, 0, 0, 0, 0, 353.5437, 31.23741, 349.5068, -4.908397, 1.755725, -1.229008, 188.972, 149.3541, 344.8419, -4.977099, 1.671756, 3.625954],
[0, 0, 0, 0, 0, 356.2093, 31.5497, 353.9018, -5.572519, -0.5572519, 0.0, 188.356, 149.1694, 345.9409, -3.59542, 2.419847, 2.450382],
[0, 0, 0, 0, 0, 355.4229, 31.38933, 352.5907, -4.625954, 3.320611, 0.351145, 188.8481, 148.8683, 345.3145, -1.847328, 0.5954198, 1.839695],
[0, 0, 0, 0, 0, 355.0965, 31.19964, 352.0054, -4.068702, 2.251908, -0.4885496, 189.8722, 148.8093, 343.7262, -2.40458, 2.816794, 2.19084],
[0, 0, 0, 0, 0, 355.6931, 30.17999, 352.6921, -3.748092, 3.885496, -2.862595, 188.8315, 148.663, 345.4536, -3.381679, 1.763359, 2.824427],
[0, 0, 0, 0, 0, 358.1406, 29.47584, 356.7738, -6.007634, 1.175573, 0.3358779, 188.1573, 148.4299, 346.6414, -2.625954, 1.977099, 4.122138],
[0, 0, 0, 0, 0, 354.027, 31.51034, 350.3864, -4.40458, 3.137405, 0.4351145, 188.7847, 148.8439, 345.4289, -0.2442748, 0.7251908, 2.534351],
[0, 0, 0, 0, 0, 354.4449, 30.2568, 350.6113, 2.839695, 5.564886, -2.442748, 188.4293, 148.3095, 346.2747, -7.389313, 2.870229, -1.183206],
[0, 0, 0, 0, 0, 355.8264, 28.61464, 352.4613, -2.847328, 2.671756, 0.09923664, 189.7367, 148.5687, 344.083, -6.755725, 1.328244, 1.725191],
[0, 0, 0, 0, 0, 355.3074, 29.87971, 351.9441, -4.465649, -2.709924, 0.4198473, 188.5017, 148.577, 346.0215, -1.770992, -0.8167939, 1.267176],
[0, 0, 0, 0, 0, 354.7743, 30.63695, 351.2946, -4.38168, 3.503817, 0.2137404, 188.9999, 148.9182, 345.0448, -2.916031, 2.473282, 2.083969],
[0, 0, 0, 0, 0, 354.4839, 29.47223, 350.3844, -4.725191, -0.8015267, 0.4274809, 189.5621, 149.0298, 344.0847, -2.10687, 2.229008, 2.549618],
[0, 0, 0, 0, 0, 352.9039, 31.16553, 348.4479, -4.938931, 2.80916, 0.8244275, 188.5084, 148.6784, 345.9574, -2.778626, 3.0, 1.946565],
[0, 0, 0, 0, 0, 354.9359, 30.18481, 351.4126, -4.824428, 3.21374, 0.1526718, 188.8435, 147.6414, 345.9785, -2.022901, 1.061069, 3.022901],
[0, 0, 0, 0, 0, 354.2846, 31.19689, 350.6873, -6.076336, -2.740458, 5.633588, 189.0675, 148.2613, 345.3026, -0.5267176, -1.221374, 0.6946565],
[0, 0, 0, 0, 0, 352.7063, 31.12006, 348.1102, -5.259542, 2.51145, 1.770992, 190.0657, 148.5474, 343.5821, -2.80916, 2.320611, 1.19084],
[0, 0, 0, 0, 0, 352.9528, 30.96122, 348.4367, -4.435114, 2.442748, -2.687023, 188.9379, 147.9473, 345.6729, -3.0, 1.458015, 2.977099],
[0, 0, 0, 0, 0, 350.7619, 31.83778, 345.4055, -4.977099, 0.2061069, -5.015267, 188.6358, 148.4089, 345.8987, -2.206107, 0.2519084, 5.29771],
[0, 0, 0, 0, 0, 351.2083, 32.10604, 346.2335, -10.14504, 0.2977099, -1.572519, 190.1705, 148.1941, 343.6335, -4.229008, 3.503817, 3.648855],
[0, 0, 0, 0, 0, 351.0791, 33.12888, 346.5509, -1.755725, -1.465649, -3.51145, 189.788, 148.5226, 344.0301, -8.106871, 1.480916, 1.412214],
[0, 0, 0, 0, 0, 351.6844, 30.18951, 345.9871, -3.89313, 2.091603, -3.030534, 186.4132, 146.6064, 350.1131, -8.320611, -0.519084, 8.015267],
[0, 0, 0, 0, 0, 354.4008, 29.62837, 350.3007, -3.21374, 0.7175572, 5.061069, 187.7645, 147.1394, 347.862, -3.557252, -2.450382, -2.282443],
[0, 0, 0, 0, 0, 353.5579, 31.5932, 349.6706, -1.129771, -0.9236641, 0.2290076, 188.75, 148.8091, 345.5034, 2.053435, 3.290076, -0.09923664],
[0, 0, 0, 0, 0, 359.4332, 32.57818, 359.1523, -7.08397, -0.1603053, 3.229008, 184.2755, 149.6054, 352.5168, -1.419847, 1.335878, 3.290076],
[0, 0, 0, 0, 0, 359.511, 27.74821, 359.132, -4.763359, 16.0458, -5.725191, 183.8504, 151.0414, 352.8379, -6.0, 0.8167939, 5.244275],
[0, 0, 0, 0, 0, 356.9253, 32.29425, 355.1958, -4.290076, -3.816794, -3.221374, 185.1028, 151.4994, 350.4239, -0.480916, 2.114504, 6.312977],
[0, 0, 0, 0, 0, 0.7294906, 32.4553, 1.194756, 0.4274809, 3.816794, -1.984733, 185.7055, 151.6838, 349.2542, -5.167939, 5.824428, 0.5725191],
[0, 0, 0, 0, 0, 1.043047, 31.0748, 1.783972, -7.374046, 2.007634, 5.80916, 184.8151, 151.2121, 351.0507, 1.21374, 2.442748, 2.725191],
[0, 0, 0, 0, 0, 0.8562409, 34.65098, 1.274962, -10.83969, -3.633588, 7.992366, 185.0856, 151.1642, 350.5837, -1.29771, 4.068702, 3.656489],
[0, 0, 0, 0, 0, 358.7762, 31.99322, 358.0866, -3.648855, 6.183206, -1.725191, 185.9073, 151.3601, 349.0323, -4.946565, 4.274809, 1.587786],
[0, 0, 0, 0, 0, 359.3736, 30.02203, 358.9668, 0.4580153, 3.091603, -7.145038, 185.4166, 150.0493, 350.4272, -3.732824, 0.9312977, 2.343511],
[0, 0, 0, 0, 0, 356.2948, 30.14573, 353.7054, -5.358778, 4.122138, 3.59542, 185.9744, 150.7176, 349.1938, -2.78626, 1.885496, 0.4656488],
[0, 0, 0, 0, 0, 359.7164, 30.03817, 359.5582, -0.9389313, 2.267176, -4.664122, 184.0238, 149.9692, 352.8407, -6.274809, 2.748092, 0.9083969],
[0, 0, 0, 0, 0, 358.6012, 32.08822, 357.8155, -8.671756, 1.916031, 5.175572, 186.3052, 150.4088, 348.7551, 0.05343511, 1.137405, 3.29771],
[0, 0, 0, 0, 0, 0.6367708, 29.88316, 1.170999, -6.992366, 4.458015, 0.4427481, 186.7625, 150.3563, 347.9943, -3.51145, 3.496183, 4.580153],
[0, 0, 0, 0, 0, 0.2241014, 28.48088, 0.4878754, -4.541985, 3.221374, 1.259542, 185.6999, 149.644, 350.1019, -0.870229, 3.328244, 2.152672],
[0, 0, 0, 0, 0, 356.8924, 29.21954, 354.526, -3.625954, 1.587786, -0.4351145, 186.261, 148.9471, 349.4493, -6.839694, 3.70229, 1.778626],
[0, 0, 0, 0, 0, 357.7266, 27.8257, 355.7718, -4.778626, 3.305344, 1.732824, 186.0408, 149.007, 349.7851, -4.21374, 3.0, 2.328244],
[0, 0, 0, 0, 0, 357.5359, 28.91183, 355.6126, -2.587786, 3.587786, 4.290076, 186.266, 148.0093, 349.8121, -5.137404, 1.671756, 1.679389],
[0, 0, 0, 0, 0, 359.2328, 27.86186, 358.6116, -6.847328, 2.824427, -2.458015, 185.9474, 147.4306, 350.5237, -3.847328, 4.419847, 6.580153],
[0, 0, 0, 0, 0, 358.7691, 26.40135, 357.5963, -7.564886, -0.8625955, 4.48855, 185.0972, 147.6122, 351.7843, -1.564886, 0.3587786, 3.450382],
[0, 0, 0, 0, 0, 359.0244, 26.27725, 358.0981, 6.725191, -0.648855, -9.862596, 184.3038, 147.7348, 352.9934, -0.8778625, -0.5877862, 0.6641222],
[0, 0, 0, 0, 0, 357.0413, 28.04641, 354.5349, -6.290076, 4.687023, 3.59542, 185.3241, 147.5624, 351.4461, 1.717557, 0.351145, 2.541985],
[0, 0, 0, 0, 0, 356.915, 27.36645, 354.1368, -7.80916, 2.274809, 6.694656, 186.2161, 147.6711, 350.019, -2.167939, -0.7099237, 5.015267],
[0, 0, 0, 0, 0, 357.6751, 26.8614, 355.4966, -1.198473, 0.9389313, -3.129771, 186.7714, 147.7435, 349.1264, -1.198473, 2.229008, 1.541985],
[0, 0, 0, 0, 0, 357.9882, 27.10532, 356.1499, -5.450382, 2.503817, 3.0, 186.5684, 147.4659, 349.5519, -1.51145, 2.022901, 2.061069],
[0, 0, 0, 0, 0, 356.2305, 27.6036, 352.9023, -4.709924, 4.969466, 2.343511, 187.229, 148.0997, 348.2595, 0.04580153, 0.9389313, 2.435115],
[0, 0, 0, 0, 0, 357.0496, 27.72118, 354.4764, -2.267176, 0.8015267, -2.29771, 187.198, 147.5237, 348.5582, -1.442748, 1.847328, 1.183206],
[0, 0, 0, 0, 0, 354.6403, 27.30439, 349.7955, -2.610687, 2.496183, -0.2824428, 189.2606, 147.3644, 345.4908, -1.78626, 0.3206107, 0.9694656],
[0, 0, 0, 0, 0, 355.5968, 28.28399, 351.9394, -7.816794, -1.625954, 4.770992, 188.8182, 147.7168, 345.978, -1.801527, 1.412214, 0.1603053],
[0, 0, 0, 0, 0, 356.3298, 27.16059, 352.9603, -3.946565, 3.167939, 1.625954, 188.6033, 147.6219, 346.3555, -1.328244, 1.793893, 0.8625955],
[0, 0, 0, 0, 0, 355.2092, 27.94804, 351.1111, -5.717557, 1.900763, 2.755725, 189.0188, 148.375, 345.3165, -1.358779, 2.763359, 2.259542],
[0, 0, 0, 0, 0, 351.961, 26.34918, 344.2016, -7.70229, 2.885496, 0.8854962, 188.7918, 146.4437, 346.6568, 1.679389, 1.679389, 4.572519],
[0, 0, 0, 0, 0, 355.3166, 28.77966, 351.599, -0.3664122, -1.541985, 1.610687, 187.8551, 148.8295, 346.9229, -1.870229, 0.4503817, -1.564886],
[0, 0, 0, 0, 0, 354.422, 27.60157, 349.5139, -8.679389, -9.519084, 10.74046, 189.1047, 147.0, 345.9155, 1.633588, 0.870229, -0.06870229],
[0, 0, 0, 0, 0, 351.9664, 27.58452, 344.9897, -8.198473, 2.358779, 6.473282, 192.5821, 147.0045, 340.7973, -0.8244275, 0.610687, 3.29771],
[0, 0, 0, 0, 0, 355.1494, 28.33815, 351.1431, -3.007634, 4.580153, -0.7557252, 188.8693, 148.8074, 345.3145, -3.320611, 2.51145, 1.70229],
[0, 0, 0, 0, 0, 355.1539, 27.6845, 350.9108, -2.099237, 2.129771, -1.229008, 190.4833, 147.2618, 343.716, -3.290076, 1.160305, 0.2519084],
[0, 0, 0, 0, 0, 353.0409, 27.22806, 346.76, -4.030534, 6.030534, 3.618321, 190.7229, 147.9501, 342.9384, -0.2977099, 2.633588, 1.320611],
[0, 0, 0, 0, 0, 351.8501, 27.91856, 344.9815, -8.320611, -0.3053435, 4.198473, 190.8412, 148.3051, 342.534, -1.175573, 2.160305, 2.816794],
[0, 0, 0, 0, 0, 353.3323, 27.73023, 347.5622, -3.625954, 0.9541985, -3.770992, 190.7516, 147.7427, 343.0236, -3.664122, 1.145038, 1.450382],
[0, 0, 0, 0, 0, 350.8074, 26.77968, 342.3399, -3.847328, 1.916031, -4.152672, 190.4851, 147.8289, 343.3739, -3.557252, 1.053435, 3.80916],
[0, 0, 0, 0, 0, 351.7648, 27.86319, 344.7954, -2.679389, 3.557252, 1.664122, 190.1549, 149.0694, 343.119, -0.7633588, 0.1068702, 0.9389313],
[0, 0, 0, 0, 0, 351.3114, 27.39382, 343.6812, -6.068702, 0.01526718, 2.587786, 191.9826, 147.9141, 341.0618, -1.419847, 2.992366, 2.541985],
[0, 0, 0, 0, 0, 355.7726, 27.74941, 352.0885, 6.351145, 2.496183, -4.396946, 192.4129, 147.4004, 340.7743, -1.541985, -3.923664, -4.496183],
[0, 0, 0, 0, 0, 352.173, 26.65049, 344.7959, -7.465649, 10.15267, 4.053435, 191.9542, 147.2415, 341.5543, 2.763359, 0.9770992, 0.07633588],
[0, 0, 0, 0, 0, 349.9718, 26.72945, 340.7737, -6.099236, 4.580153, -1.984733, 190.3417, 147.7265, 343.6526, -3.244275, 1.610687, 4.29771],
[0, 0, 0, 0, 0, 351.7076, 27.27978, 344.3291, -5.572519, 0.5725191, -1.465649, 190.1878, 147.7606, 343.8656, -2.48855, 1.381679, 1.763359],
[0, 0, 0, 0, 0, 352.9, 27.48933, 346.6414, -4.91603, 1.78626, 1.068702, 190.579, 148.0362, 343.1041, -0.6870229, 0.7175572, 4.358778],
[0, 0, 0, 0, 0, 350.2244, 26.93524, 341.3885, -3.541985, 1.732824, -3.877863, 191.1148, 147.7748, 342.4564, -6.687023, 3.305344, 3.160305],
[0, 0, 0, 0, 0, 351.479, 27.95215, 344.3396, -4.0, 2.10687, -3.274809, 192.1016, 146.938, 341.5385, -4.091603, 4.259542, 1.824428],
[0, 0, 0, 0, 0, 356.155, 36.69503, 354.8849, -6.923664, 4.48855, 1.778626, 192.1632, 151.23, 338.3091, -2.244275, 2.122137, 3.862595],
[0, 0, 0, 0, 0, 352.4354, 38.48792, 350.5629, -2.931298, 0.2519084, 8.030535, 192.0722, 152.0306, 337.798, 0.4045802, -0.9007633, -0.5725191],
[0, 0, 0, 0, 0, 353.2566, 37.35445, 351.2411, -2.984733, 1.671756, -4.10687, 192.6311, 151.0384, 337.6977, -0.9770992, 2.061069, 2.755725],
[0, 0, 0, 0, 0, 357.3674, 37.18018, 356.5623, 2.282443, -3.068702, -5.854962, 193.4781, 152.0898, 335.3873, -5.435114, 0.5496183, 0.4961832],
[0, 0, 0, 0, 0, 352.2158, 37.74441, 350.0343, -8.038168, 1.587786, -0.03053435, 192.8939, 151.6042, 336.787, -3.122137, 5.0, 3.80916],
[0, 0, 0, 0, 0, 355.97, 36.01713, 354.5063, -3.48855, 5.366412, -0.1145038, 193.2995, 151.5323, 336.1826, -6.458015, 3.877863, 1.633588],
[0, 0, 0, 0, 0, 355.9493, 36.8262, 354.6359, -2.984733, 7.022901, 1.480916, 190.2084, 150.9035, 341.8176, -2.954198, 1.969466, 0.3053435],
[0, 0, 0, 0, 0, 355.9855, 34.20701, 354.1547, -1.618321, 3.061069, -0.4656488, 190.3137, 149.1082, 342.8431, -1.442748, 0.7328244, 0.7862596],
[0, 0, 0, 0, 0, 356.9974, 34.9485, 355.7491, 1.89313, 4.908397, -2.29771, 189.5802, 150.7868, 342.9554, 1.793893, 1.427481, 1.732824],
[0, 0, 0, 0, 0, 355.2677, 35.72119, 353.479, -3.0, 0.09923664, 3.633588, 193.2452, 149.9533, 337.6055, -0.4045802, 2.381679, 0.7480916],
[0, 0, 0, 0, 0, 355.2494, 35.10144, 353.3051, -2.969466, 1.175573, -1.007634, 193.0781, 150.4649, 337.4507, -4.152672, 0.2519084, 1.648855],
[0, 0, 0, 0, 0, 356.3516, 34.29781, 354.7066, -6.778626, 2.687023, 2.198473, 191.9674, 149.6014, 339.8882, -1.145038, 2.526718, 3.671756],
[0, 0, 0, 0, 0, 353.1362, 34.91656, 350.2738, -7.206107, -2.503817, 5.290076, 192.2419, 150.2108, 338.9905, 2.366412, -1.0, 2.450382],
[0, 0, 0, 0, 0, 352.0997, 35.72648, 349.1385, -4.732824, 0.7480916, 4.251908, 192.2617, 149.944, 339.1646, -0.2137404, 5.061069, -2.015267],
[0, 0, 0, 0, 0, 350.1853, 35.37636, 346.3741, -7.305344, -1.458015, -0.2061069, 192.4057, 149.384, 339.3631, -1.022901, 1.083969, 3.282443],
[0, 0, 0, 0, 0, 350.326, 36.56297, 347.1164, -5.480916, 1.847328, 2.603053, 193.16, 150.1573, 337.5733, -3.312977, 1.290076, 1.854962],
[0, 0, 0, 0, 0, 351.6984, 35.61755, 348.5478, -3.740458, 3.450382, 2.152672, 193.7936, 150.058, 336.6616, -2.396947, 1.21374, 2.328244],
[0, 0, 0, 0, 0, 350.4704, 35.97735, 347.0421, -4.748092, 0.1526718, 2.129771, 194.8698, 149.8123, 335.213, -3.419847, 0.4427481, 1.80916],
[0, 0, 0, 0, 0, 349.6566, 35.71445, 345.8228, -4.938931, 1.664122, 1.78626, 193.9633, 150.3632, 336.1366, -0.4427481, 1.687023, 1.938931],
[0, 0, 0, 0, 0, 350.4163, 36.37014, 347.1484, -3.206107, 1.045802, 3.022901, 194.7376, 150.1604, 335.1094, -2.580153, 2.10687, 0.6793893],
[0, 0, 0, 0, 0, 349.7515, 35.60955, 345.8987, 1.732824, 3.717557, 0.2977099, 193.2236, 150.2505, 337.3965, -3.549618, -0.6183206, 1.343511],
[0, 0, 0, 0, 0, 348.6408, 36.53647, 344.8964, -5.129771, -0.2137404, -1.664122, 194.7062, 150.47, 334.8825, -2.916031, 0.4122138, 3.312977],
[0, 0, 0, 0, 0, 349.4725, 35.70923, 345.5723, -5.274809, 2.80916, -0.4580153, 193.8107, 151.0193, 335.8069, -0.07633588, 2.656489, 0.7175572],
[0, 0, 0, 0, 0, 348.9232, 36.23304, 345.1089, -0.1145038, 2.900763, -1.496183, 193.8678, 150.5909, 336.0904, -5.91603, 1.015267, 0.9541985],
[0, 0, 0, 0, 0, 349.4071, 35.39949, 345.3255, -3.740458, 4.061069, 0.3435115, 194.155, 150.4213, 335.7858, -3.587786, 2.793893, 1.572519],
[0, 0, 0, 0, 0, 348.651, 35.01513, 344.0876, -8.0, 0.0, 4.832061, 194.0065, 149.7424, 336.5963, 0.1984733, 1.175573, 4.48855],
[0, 0, 0, 0, 0, 347.367, 35.77485, 342.7954, -2.045802, -0.09160305, -0.3740458, 194.3637, 150.3179, 335.5501, -6.580153, 0.1221374, 1.519084],
[0, 0, 0, 0, 0, 347.831, 34.75848, 342.8151, -0.740458, 5.648855, -2.305344, 193.6309, 149.8771, 337.0658, -5.259542, 2.099237, 0.8549618],
[0, 0, 0, 0, 0, 349.0728, 36.3964, 345.3897, -2.671756, -0.5496183, -5.221374, 195.0498, 151.0956, 333.7722, -4.503817, -0.961832, 4.870229],
[0, 0, 0, 0, 0, 350.4107, 36.24079, 347.0825, -0.2748091, 4.580153, -2.396947, 192.6212, 150.4552, 338.1895, -7.70229, -0.4885496, 3.51145],
[0, 0, 0, 0, 0, 349.812, 35.94071, 346.1429, -2.603053, 3.541985, -0.1526718, 194.2422, 151.5229, 334.6595, -4.656488, -0.7175572, 1.534351],
[0, 0, 0, 0, 0, 348.2394, 36.75927, 344.4928, -2.175573, 2.931298, -1.725191, 192.3549, 151.8572, 337.4678, -4.022901, 2.015267, 1.854962],
[0, 0, 0, 0, 0, 352.7054, 37.08096, 350.4368, -2.183206, -2.465649, -8.709924, 192.0567, 153.3044, 336.7118, -5.08397, -9.671756, -2.770992],
[0, 0, 0, 0, 0, 352.3031, 45.68342, 352.5035, -1.740458, -5.687023, 6.877862, 192.4039, 156.4298, 332.9439, 1.916031, -10.0916, 5.931298],
[0, 0, 0, 0, 0, 345.7501, 43.14398, 344.8864, -0.5648855, 2.229008, -8.503817, 192.5586, 156.5988, 332.4585, 2.916031, 5.038168, -0.7099237],
[0, 0, 0, 0, 0, 348.0602, 40.93929, 346.3495, -14.66412, -8.893129, 3.022901, 194.2935, 154.4139, 331.6974, 2.847328, 8.816793, 5.442748],
[0, 0, 0, 0, 0, 348.415, 46.94519, 349.1858, -12.60305, 3.045802, -1.21374, 196.3543, 154.0778, 328.5959, 2.229008, 4.48855, 3.549618],
[0, 0, 0, 0, 0, 350.9976, 42.80617, 350.3276, -7.19084, 2.870229, 5.877862, 195.6286, 151.9531, 332.0284, -0.03816794, 1.603053, 3.091603],
[0, 0, 0, 0, 0, 349.5564, 42.29421, 348.5866, -0.4198473, 4.755725, -4.671756, 195.6406, 152.6593, 331.2919, -4.473282, 3.206107, 1.89313],
[0, 0, 0, 0, 0, 350.8989, 42.60508, 350.1544, -0.7709923, 5.374046, -1.267176, 195.1896, 152.6907, 331.9909, -4.435114, 1.984733, 2.152672],
[0, 0, 0, 0, 0, 348.6912, 41.88244, 347.4719, -3.045802, 3.427481, 1.145038, 195.582, 151.9893, 332.0662, -2.259542, 2.59542, 2.038168],
[0, 0, 0, 0, 0, 347.005, 41.42421, 345.3939, -3.427481, 2.984733, 1.030534, 196.6274, 151.8689, 330.5455, -3.564885, 1.480916, 2.832061],
[0, 0, 0, 0, 0, 348.7903, 40.0832, 346.7996, -3.793893, 4.076336, 0.4351145, 195.9238, 151.7397, 331.7755, -2.038168, 2.824427, 2.091603],
[0, 0, 0, 0, 0, 348.5142, 41.91122, 347.2893, -3.290076, 3.305344, 0.4656488, 195.9243, 151.4725, 332.0401, -1.610687, 0.1755725, 2.244275],
[0, 0, 0, 0, 0, 347.9494, 40.73072, 346.1265, -3.160305, 5.526718, -2.740458, 197.2322, 151.9026, 329.5765, -2.465649, 3.137405, 2.290076],
[0, 0, 0, 0, 0, 347.9141, 41.16122, 346.2869, -8.633588, 0.648855, 2.389313, 196.0468, 151.6393, 331.6832, -1.694656, 2.229008, 1.51145],
[0, 0, 0, 0, 0, 347.0253, 40.12071, 344.7643, -3.21374, 1.435114, 0.6793893, 196.949, 151.2676, 330.6653, -3.908397, 2.053435, 1.519084],
[0, 0, 0, 0, 0, 346.8298, 40.87123, 344.922, -6.129771, 1.725191, 4.70229, 197.1951, 151.2193, 330.3406, -0.3740458, 2.320611, 2.022901],














