[1, 1, 0, 0, 0, 108.8865, 102.2775, 32.43129, -3.801527, 0.6717557, 1.793893, 204.099, 166.6372, 297.6722, -2.801527, 0.3587786, 0.9312977],
[1, 1, 0, 0, 0, 108.3722, 101.571, 31.62981, -4.40458, 1.061069, 0.129771, 204.5866, 167.9156, 294.7812, -2.824427, 3.435115, 1.793893],
[1, 1, 0, 0, 0, 112.5276, 103.8331, 30.66175, -3.923664, 4.687023, 1.412214, 204.1456, 165.3203, 300.0029, -0.7709923, 1.183206, 4.312977],
[1, 1, 0, 0, 0, 104.8061, 99.31467, 31.81496, -2.687023, 4.679389, -3.580153, 204.5851, 167.8728, 294.863, -3.931298, 3.022901, 3.740458],
[1, 1, 0, 0, 0, 100.9984, 97.77063, 35.06922, -5.541985, -1.396947, 1.587786, 203.4966, 167.8037, 296.1305, -3.610687, 2.061069, 5.656488],
[1, 1, 0, 0, 0, 106.1042, 100.6397, 33.0303, -6.145038, 3.328244, -0.6870229, 205.0035, 167.6661, 294.8277, -2.847328, 1.152672, 2.916031],
[1, 1, 0, 0, 0, 112.2334, 101.9664, 27.38856, -10.75572, 0.5267176, 3.244275, 206.0346, 167.751, 293.6804, -4.648855, 5.129771, 2.038168],
[1, 1, 0, 0, 0, 106.8191, 99.79804, 29.7357, -2.129771, 3.549618, -7.709924, 204.1148, 166.7608, 297.4268, -3.267176, 0.4503817, 2.389313],
[1, 1, 0, 0, 0, 103.7062, 98.89749, 32.69143, -5.259542, 3.70229, 1.137405, 202.9194, 166.8868, 298.5427, -2.656489, 0.9694656, 0.9923664],
[1, 1, 0, 0, 0, 101.1374, 97.21298, 32.75149, -2.40458, 4.870229, -0.5725191, 202.1748, 167.2337, 298.7527, -3.038168, 1.076336, 0.9389313],
[1, 1, 0, 0, 0, 104.2769, 99.03876, 32.00769, -6.91603, 5.587786, -2.870229, 202.6509, 167.115, 298.4178, -3.251908, 0.5114504, 2.007634],
[1, 1, 0, 0, 0, 100.4142, 96.68029, 32.53448, -0.5267176, 1.526718, 0.1984733, 202.6722, 167.4926, 297.657, -1.664122, 0.4732824, 0.6641222],
[1, 1, 0, 0, 0, 102.5517, 98.01087, 32.30472, -2.312977, 3.351145, 0.3435115, 202.5795, 167.3713, 298.0021, -3.083969, 1.114504, 1.709924],
[1, 1, 0, 0, 0, 102.6244, 97.90567, 31.80954, 6.473282, 2.152672, -2.503817, 202.0959, 167.8817, 297.5555, 0.5648855, -1.679389, -0.03053435],
[1, 1, 0, 0, 0, 109.246, 102.1934, 31.72662, -2.335878, 0.5648855, 1.610687, 203.0668, 166.7551, 298.6215, -6.007634, 2.183206, 0.6641222],
[1, 1, 0, 0, 0, 102.4264, 98.29639, 33.49351, -3.419847, 0.8625955, -0.6946565, 202.7916, 167.2429, 298.0056, -0.1526718, 1.374046, 2.496183],
[1, 1, 0, 0, 0, 105.6493, 100.2982, 32.94981, -3.007634, 10.53435, 0.2748091, 202.9397, 168.8357, 294.6905, -5.908397, 0.480916, -4.854962],
[1, 1, 0, 0, 0, 103.7324, 98.76935, 32.26051, -4.610687, -5.320611, -0.03053435, 204.5139, 168.1591, 294.3958, -5.671756, 2.564885, 0.4045802],
[1, 1, 0, 0, 0, 104.9024, 100.1024, 33.78237, -4.412214, -1.580153, 1.916031, 202.8064, 166.6959, 299.0405, -6.633588, 2.618321, 1.610687],
[1, 1, 0, 0, 0, 104.4933, 99.65416, 33.33356, -2.435115, 2.091603, 0.4656488, 203.2347, 167.5426, 296.9219, -3.007634, 1.442748, 1.053435],
[1, 1, 0, 0, 0, 103.1509, 98.61321, 32.95254, -3.954198, 2.152672, -2.045802, 203.4159, 167.4138, 296.9686, -3.824427, 1.053435, 1.10687],
[1, 1, 0, 0, 0, 104.8575, 100.1426, 33.97254, 4.839694, 1.908397, -1.725191, 203.6685, 168.0662, 295.4399, -1.221374, 0.351145, 1.290076],
[1, 0, 0, 0, 0, 105.1985, 100.1829, 33.45241, -2.748092, 2.175573, 0.6183206, 203.6455, 167.6531, 296.2593, -2.442748, 1.167939, 1.89313],
[1, 1, 0, 0, 0, 104.6145, 99.60282, 32.96484, -0.2748091, 2.854962, -0.7862596, 203.2772, 167.7669, 296.4407, -2.076336, 0.8015267, 0.9465649],
[1, 1, 0, 0, 0, 104.6444, 99.42092, 32.40568, -4.40458, -0.3435115, -0.2900764, 204.1274, 167.3662, 296.2863, -2.419847, 0.9770992, 1.206107],
[1, 1, 0, 0, 0, 105.4374, 100.0951, 32.79482, -4.519084, 0.9007633, 0.6717557, 203.8888, 167.5775, 296.1422, -2.992366, 1.160305, 2.137405],
[1, 1, 0, 0, 0, 105.5295, 100.1609, 32.80423, -2.427481, 2.427481, 1.51145, 204.0747, 167.7124, 295.6898, -2.89313, 1.312977, 1.473282],
[1, 1, 0, 0, 0, 103.7475, 98.82522, 32.39693, -4.091603, 1.251908, 0.1984733, 204.4083, 167.6452, 295.4694, -1.908397, 0.6793893, 1.389313],
[1, 1, 0, 0, 0, 104.7488, 99.65748, 32.86609, -4.076336, 3.282443, 0.1603053, 204.2153, 167.6944, 295.5768, -2.641221, 1.10687, 1.671756],
[1, 1, 0, 0, 0, 105.5655, 100.5285, 33.68854, -2.167939, 0.2977099, -0.06870229, 203.7138, 167.9171, 295.6796, -2.770992, 1.305344, 1.465649],
[1, 1, 0, 0, 0, 105.1722, 99.98752, 32.98417, -3.374046, 2.557252, -0.01526718, 204.1724, 168.1528, 294.7517, -2.221374, 0.9541985, 1.473282],
[1, 1, 0, 0, 0, 105.6613, 100.1939, 32.65932, -3.167939, 1.396947, 0.2671756, 204.4036, 167.7798, 295.2219, -2.648855, 1.641221, 1.572519],
[1, 1, 0, 0, 0, 106.1568, 100.4113, 32.36631, -3.053435, 2.21374, 1.061069, 204.0285, 167.9287, 295.327, -1.832061, 1.175573, 1.51145],
[1, 0, 0, 0, 0, 107.3427, 101.5125, 33.08626, -2.648855, 3.229008, 0.4427481, 204.0307, 168.1597, 294.8832, -4.076336, 1.099237, 1.030534],
[1, 1, 0, 0, 0, 105.0734, 100.0892, 33.43288, -5.687023, 2.122137, -0.129771, 204.1193, 167.7678, 295.5383, -3.167939, 1.900763, 1.618321],
[1, 0, 0, 0, 0, 104.2081, 99.34443, 33.01013, -3.358779, 2.053435, 0.740458, 204.1074, 167.5375, 295.9857, -2.717557, 1.557252, 1.480916],
[1, 1, 0, 0, 0, 104.7304, 99.36083, 32.08083, -3.580153, 0.5648855, 1.29771, 204.6562, 167.8376, 294.8571, -2.763359, 0.8931297, 1.229008],
[1, 1, 0, 0, 0, 104.7444, 99.81308, 33.29818, -3.832061, 0.5877862, 0.2900764, 204.1286, 167.5528, 295.9346, -2.908397, 1.282443, 1.51145],
[1, 1, 0, 0, 0, 106.0505, 99.99341, 31.47563, -2.503817, 1.900763, -0.1221374, 204.2427, 168.2432, 294.508, -2.145038, 0.7557252, 1.183206],
[1, 0, 0, 0, 0, 105.6582, 100.2432, 32.79226, -4.152672, 1.10687, -0.06870229, 204.7134, 168.0564, 294.391, -2.40458, 1.152672, 1.335878],
[1, 0, 0, 0, 0, 104.6011, 99.32281, 32.21166, -3.625954, 1.10687, -0.6259542, 204.4588, 167.2726, 296.111, -3.557252, 1.610687, 1.427481],
[1, 1, 0, 0, 0, 105.3394, 99.70687, 31.93761, -2.847328, 1.328244, 0.5114504, 204.6263, 167.7489, 295.0529, -3.419847, 1.763359, 1.931298],
[1, 1, 0, 0, 0, 106.0173, 100.3458, 32.43647, -5.167939, 2.70229, -1.40458, 204.2882, 167.9753, 294.9711, -2.877863, 0.9160305, 0.9541985],
[1, 1, 0, 0, 0, 105.402, 99.893, 32.32426, -2.687023, 1.969466, -0.5038168, 204.5811, 168.3064, 294.0508, -3.007634, 1.450382, 1.129771],
[1, 1, 0, 0, 0, 105.7197, 99.81377, 31.56441, -3.015267, 1.80916, 0.3206107, 204.356, 168.3003, 294.2854, -2.259542, 1.358779, 1.48855],
[1, 0, 0, 0, 0, 104.688, 99.11837, 31.47785, -3.740458, 2.740458, -0.02290076, 204.6141, 168.0672, 294.4692, -2.381679, 1.114504, 1.099237],
[1, 0, 0, 0, 0, 105.8668, 100.2313, 32.40056, -0.778626, 2.526718, 0.5496183, 204.5453, 167.865, 294.9177, -3.801527, 1.664122, 1.114504],
[1, 1, 0, 0, 0, 106.4093, 100.6719, 32.59507, -4.954198, 3.022901, -0.3740458, 204.3264, 167.688, 295.4737, -2.709924, 1.290076, 1.343511],
[1, 1, 0, 0, 0, 114.8372, 108.8371, 36.33008, -9.320611, 5.519084, -0.02290076, 203.1945, 166.5719, 298.8192, -6.732824, 1.961832, 0.3435115],
[1, 1, 0, 0, 0, 114.8091, 108.1791, 35.33051, -4.328244, 4.19084, 1.801527, 202.8335, 166.3367, 299.6899, -4.007634, 1.870229, 1.832061],
[1, 1, 0, 0, 0, 114.6705, 108.1943, 35.52668, -3.236641, -0.778626, 2.229008, 202.9856, 167.1075, 298.0424, -3.10687, 0.870229, 1.022901],
[1, 1, 0, 0, 0, 114.5253, 107.7549, 35.00358, -3.793893, 3.862595, -1.78626, 203.1907, 166.0839, 299.7364, -3.221374, 1.022901, 1.381679],
[1, 1, 0, 0, 0, 114.6701, 107.9947, 35.20886, -3.083969, 3.221374, 1.450382, 202.3661, 166.1331, 300.6467, -1.931298, 1.748092, 1.290076],
[1, 1, 0, 0, 0, 116.0736, 107.9829, 33.5033, -6.129771, 4.687023, -0.7480916, 202.6266, 166.1105, 300.3678, -3.625954, 1.503817, 1.473282],
[1, 1, 0, 0, 0, 115.1498, 107.9268, 34.51255, -2.916031, 2.496183, 1.847328, 202.6456, 165.7518, 301.0162, -3.21374, 1.381679, 1.473282],
[1, 1, 0, 0, 0, 114.6419, 107.2975, 34.11786, -2.251908, 2.916031, 0.3206107, 202.4715, 166.166, 300.4538, -2.89313, 1.610687, 1.458015],
[1, 1, 0, 0, 0, 116.1089, 108.4657, 34.21207, -3.70229, 0.1145038, 0.5801527, 202.8074, 166.0903, 300.1849, -2.51145, 1.274809, 1.381679],
[1, 1, 0, 0, 0, 113.865, 107.1854, 34.90077, -4.053435, 2.236641, 1.267176, 202.3646, 166.1027, 300.7063, -3.664122, 0.9694656, 1.335878],
[1, 1, 0, 0, 0, 115.5607, 108.0819, 34.26339, -3.21374, 1.70229, 1.503817, 202.41, 166.3564, 300.1677, -2.763359, 1.259542, 1.465649],
[1, 1, 0, 0, 0, 114.5842, 106.8679, 33.483, -5.366412, 4.900764, -0.8854962, 203.1074, 165.655, 300.6289, -4.091603, 1.473282, 1.625954],
[1, 1, 0, 0, 0, 112.5212, 105.6314, 33.96216, -4.366412, 3.450382, 0.870229, 202.6331, 166.341, 299.9239, -3.931298, 1.412214, 1.015267],
[1, 1, 0, 0, 0, 114.0299, 106.8961, 34.21253, -3.48855, 2.671756, 0.8854962, 202.808, 166.2081, 299.9629, -2.534351, 1.564886, 1.534351],
[1, 1, 0, 0, 0, 114.9878, 107.9993, 34.82503, -3.450382, 3.022901, 1.351145, 202.9289, 166.2933, 299.6572, -3.099237, 1.114504, 1.145038],
[1, 1, 0, 0, 0, 113.903, 106.9149, 34.40274, -5.725191, 2.778626, 0.1526718, 202.4721, 166.4737, 299.8674, -3.358779, 1.465649, 1.70229],
[1, 1, 0, 0, 0, 114.0013, 106.6156, 33.7787, -4.236641, 2.419847, 0.06870229, 202.2497, 166.3485, 300.381, -3.946565, 1.80916, 2.007634],
[1, 1, 0, 0, 0, 113.2246, 106.1691, 33.99585, -4.557252, 1.603053, 0.2442748, 202.4332, 166.6181, 299.638, -3.984733, 1.389313, 1.022901],
[1, 1, 0, 0, 0, 112.0326, 105.1047, 33.65557, -2.557252, 2.229008, -0.2977099, 202.6536, 166.527, 299.5453, -3.931298, 1.374046, 1.122137],
[1, 1, 0, 0, 0, 113.0587, 106.0849, 34.06263, -2.335878, 2.053435, 0.6793893, 203.0669, 166.3233, 299.4364, -3.312977, 1.290076, 1.0],
[1, 1, 0, 0, 0, 113.2356, 105.8582, 33.44233, -5.068702, 1.755725, 0.8778625, 203.3118, 165.932, 299.8734, -2.725191, 1.480916, 1.854962],
[1, 1, 0, 0, 0, 114.0738, 106.3681, 33.27161, -2.732824, 2.29771, -0.8473283, 202.7943, 166.5559, 299.3216, -3.236641, 1.610687, 0.9160305],
[1, 1, 0, 0, 0, 114.5373, 106.8292, 33.47613, -2.656489, 2.89313, -0.7175572, 202.5664, 166.6162, 299.4802, -2.549618, 1.061069, 1.450382],
[1, 1, 0, 0, 0, 114.4963, 106.6077, 33.15804, -4.900764, 0.4885496, 0.7633588, 202.7587, 166.2291, 299.9831, -1.610687, 1.641221, 1.603053],
[1, 1, 0, 0, 0, 114.3021, 106.7113, 33.56766, -2.954198, 1.984733, 0.2748091, 202.7394, 166.6226, 299.2603, -2.854962, 1.19084, 1.396947],
[1, 1, 0, 0, 0, 113.9037, 106.3403, 33.4346, -4.59542, 3.053435, 0.4427481, 202.5431, 166.5795, 299.5786, -3.78626, 1.984733, 1.496183],
[1, 1, 0, 0, 0, 113.9878, 106.735, 33.99585, -5.89313, 2.480916, -2.59542, 202.8843, 166.3569, 299.5909, -2.305344, 1.40458, 1.610687],
[1, 1, 0, 0, 0, 114.8875, 106.7239, 32.88028, -3.030534, 3.572519, 0.5267176, 203.054, 166.32, 299.458, -3.328244, 1.175573, 1.419847],
[1, 1, 0, 0, 0, 115.0952, 106.8499, 32.84033, -4.78626, 1.419847, 0.5648855, 203.0865, 166.542, 299.0019, -3.076336, 1.572519, 1.557252],
[1, 1, 0, 0, 0, 113.622, 105.9242, 33.07188, -4.587786, 3.10687, 0.4885496, 203.0333, 166.7802, 298.6131, -2.725191, 1.435114, 1.633588],
[1, 1, 0, 0, 0, 113.2955, 105.637, 32.97996, -4.580153, 0.8473283, 1.70229, 202.9069, 166.1472, 299.9578, -1.847328, 0.9923664, 1.78626],
[1, 1, 0, 0, 0, 113.9715, 106.4116, 33.47139, -3.229008, 2.068702, -0.1068702, 202.5401, 166.438, 299.8525, -2.389313, 1.427481, 1.435114],
[1, 1, 0, 0, 0, 113.2517, 106.1171, 33.87152, -2.80916, 1.351145, 0.3053435, 202.3216, 166.8534, 299.3192, -2.122137, 1.320611, 1.366412],
[1, 1, 0, 0, 0, 112.2337, 105.1287, 33.43433, -1.732824, 3.374046, -0.832061, 202.6325, 166.6445, 299.3463, -3.534351, 1.51145, 1.48855],
[1, 1, 0, 0, 0, 112.5864, 105.0244, 32.78787, -3.236641, 2.969466, -1.229008, 203.5359, 166.6909, 298.2028, -4.236641, 1.549618, 1.167939],
[1, 0, 0, 0, 0, 112.3487, 105.0625, 33.16379, -5.282443, 3.221374, -0.5954198, 202.8745, 165.9729, 300.3229, -3.709924, 1.389313, 1.519084],
[1, 1, 0, 0, 0, 112.9001, 105.3, 32.88322, -2.793893, 2.068702, -0.832061, 202.8458, 166.9652, 298.4785, -3.480916, 1.618321, 1.236641],
[1, 1, 0, 0, 0, 113.9091, 105.8129, 32.52582, -3.59542, -0.5725191, 0.7633588, 203.2241, 166.6643, 298.6107, -2.832061, 1.442748, 1.343511],
[1, 1, 0, 0, 0, 113.5944, 106.0793, 33.37359, -3.717557, -0.1984733, 0.4045802, 202.8575, 166.3719, 299.5948, -2.572519, 1.633588, 1.633588],
[1, 1, 0, 0, 0, 114.8923, 106.7435, 32.9068, -2.770992, 1.351145, -0.4961832, 203.0402, 166.8783, 298.418, -1.671756, 1.679389, 1.580153],
[1, 1, 0, 0, 0, 114.9472, 107.4031, 33.91799, -2.0, 1.664122, 0.129771, 203.1353, 166.714, 298.6199, -3.625954, 1.061069, 1.145038],
[1, 1, 0, 0, 0, 114.2396, 106.2742, 32.91013, -2.839695, 1.114504, -0.2519084, 203.0694, 166.5316, 299.0417, -3.900763, 1.854962, 1.061069],
[1, 1, 0, 0, 0, 114.7515, 107.1844, 33.79976, -4.206107, 3.89313, -0.9847328, 203.0012, 166.6466, 298.9041, -4.557252, 1.519084, 1.572519],
[1, 1, 0, 0, 0, 113.8648, 106.6221, 33.95962, -3.0, 2.908397, -0.519084, 203.5557, 167.0657, 297.4754, -3.167939, 1.328244, 1.389313],
[1, 1, 0, 0, 0, 113.4682, 106.2351, 33.80015, -2.358779, 3.015267, -0.3740458, 202.9121, 166.7395, 298.8326, -2.381679, 1.19084, 1.412214],
[1, 0, 0, 0, 0, 114.7147, 106.7155, 33.07341, -2.526718, 2.366412, 0.07633588, 202.9084, 166.8898, 298.5498, -2.954198, 1.312977, 1.755725],
[1, 1, 0, 0, 0, 115.8353, 107.5594, 33.11413, -3.320611, 1.167939, 0.9083969, 203.3364, 166.877, 298.0796, -3.885496, 0.6641222, 0.8244275],
[1, 1, 0, 0, 0, 114.6655, 106.6731, 33.06231, -4.564886, 3.152672, 0.1374046, 203.1354, 166.2457, 299.5005, -3.251908, 1.59542, 1.19084],
[1, 1, 0, 0, 0, 113.0833, 105.3316, 32.70776, -6.793893, 3.152672, -0.02290076, 200.8052, 166.7225, 301.5116, -1.793893, 1.427481, 1.770992],
[1, 1, 0, 0, 0, 111.2509, 103.1177, 30.89989, -5.061069, 0.09923664, 0.2366412, 201.3118, 167.4535, 299.3765, -0.7938931, 1.374046, 1.412214],
[1, 1, 0, 0, 0, 107.3908, 101.2205, 32.32635, -5.183206, 4.053435, -1.083969, 200.4393, 167.1813, 301.0711, -2.900763, 1.679389, 1.419847],
[1, 1, 0, 0, 0, 108.9563, 102.0472, 31.82805, -0.8396947, 0.1526718, 0.1450382, 201.0124, 166.7152, 301.2504, -3.549618, 0.9847328, 1.351145],
[1, 1, 0, 0, 0, 108.5879, 101.9999, 32.26656, -3.977099, 0.7938931, 0.9236641, 200.0416, 167.0323, 301.923, -1.687023, 0.7480916, 1.549618],
[1, 1, 0, 0, 0, 109.8837, 102.6204, 31.7304, -5.282443, 1.496183, 0.7480916, 201.0441, 167.1754, 300.2832, -2.732824, 1.564886, 2.122137],
[1, 1, 0, 0, 0, 108.6204, 101.9172, 32.03554, -4.763359, 2.603053, 1.10687, 200.5718, 167.3627, 300.52, -2.70229, 1.206107, 1.770992],
[1, 1, 0, 0, 0, 109.1984, 102.0887, 31.56862, -2.725191, 2.816794, 0.0610687, 201.3715, 167.1266, 299.9608, -2.129771, 0.9847328, 1.847328],
[1, 1, 0, 0, 0, 112.1906, 103.9641, 31.33124, -3.847328, 0.5267176, 0.9465649, 201.0646, 167.0176, 300.5754, -3.221374, 1.305344, 1.946565],
[1, 1, 0, 0, 0, 110.9558, 103.8954, 32.82193, -1.351145, -0.2137404, 0.389313, 201.456, 167.3504, 299.4037, -1.572519, 0.8549618, 1.007634],
[1, 1, 0, 0, 0, 109.3461, 102.0486, 31.27135, -2.648855, 4.458015, -1.580153, 201.2329, 167.6701, 299.0339, -2.083969, 1.450382, 1.091603],
[1, 1, 0, 0, 0, 111.0498, 103.8539, 32.61354, -3.236641, 3.396947, -0.3435115, 201.5702, 166.7027, 300.5499, -6.167939, 2.335878, 1.923664],
[1, 1, 0, 0, 0, 112.5223, 104.7837, 32.43187, -1.480916, 1.969466, 2.137405, 201.757, 167.6114, 298.5056, -3.473282, 1.427481, 0.9236641],
[1, 1, 0, 0, 0, 107.3422, 101.4, 32.82467, -1.198473, 0.7480916, -1.259542, 201.8042, 167.6501, 298.3703, -2.122137, 1.633588, 1.625954],
[1, 1, 0, 0, 0, 113.2118, 103.9679, 30.08018, -6.877862, 4.709924, -0.519084, 200.9212, 167.189, 300.4155, -3.770992, 1.435114, 1.839695],
[1, 1, 0, 0, 0, 111.4566, 103.8566, 32.07555, -1.732824, 0.961832, 1.045802, 200.9677, 167.9895, 298.7069, -2.19084, 1.061069, 1.152672],
[1, 1, 0, 0, 0, 106.7209, 100.7412, 32.25126, -3.625954, 1.198473, -0.6793893, 201.6321, 167.4255, 299.0331, -1.870229, 1.358779, 1.572519],
[1, 1, 0, 0, 0, 109.6857, 102.4631, 31.67747, -3.847328, 2.129771, -0.03053435, 201.0027, 167.0442, 300.6025, -5.778626, 2.122137, 1.740458],
[1, 1, 0, 0, 0, 110.6109, 103.1614, 31.83834, -4.419847, 0.2824428, 0.7938931, 201.1626, 167.5953, 299.2759, -1.900763, 1.442748, 1.022901],
[1, 1, 0, 0, 0, 106.9808, 100.9569, 32.35331, -2.78626, 2.748092, -0.1984733, 201.2319, 167.234, 299.9226, -3.541985, 1.10687, 1.793893],
[1, 1, 0, 0, 0, 110.8353, 102.6325, 30.46728, -2.19084, -1.458015, -0.3435115, 201.2619, 166.9306, 300.4939, -3.381679, 0.9007633, 1.572519],
[1, 1, 0, 0, 0, 109.8131, 102.5933, 31.77243, -0.9541985, 1.755725, 0.6412213, 200.7785, 167.5506, 299.8603, -1.465649, 0.8015267, 0.870229],
[1, 1, 0, 0, 0, 110.6412, 102.9207, 31.3111, -2.870229, 3.145038, -1.030534, 201.0129, 167.4685, 299.7263, -3.312977, 1.51145, 1.053435],
[1, 1, 0, 0, 0, 109.4564, 102.1189, 31.26689, -0.4274809, -3.656489, -1.824428, 200.8617, 167.0717, 300.7318, 1.412214, -0.3129771, 2.053435],
[1, 1, 0, 0, 0, 111.42, 103.1962, 30.83571, -4.412214, 1.091603, 1.259542, 201.4102, 167.3955, 299.3703, -5.045802, 1.770992, 1.290076],
[1, 1, 0, 0, 0, 107.3935, 101.2076, 32.29191, -2.564885, 2.145038, 1.068702, 201.8523, 167.9565, 297.6923, -1.679389, 2.427481, 1.030534],
[1, 1, 0, 0, 0, 110.3245, 102.2586, 30.37172, -2.381679, 0.778626, -2.282443, 201.456, 167.5666, 298.9663, -1.465649, 1.396947, 1.244275],
[1, 1, 0, 0, 0, 112.2459, 104.9692, 33.12773, -1.755725, 4.793893, 1.755725, 201.6615, 167.5296, 298.7872, -5.076336, 1.832061, 1.549618],
[1, 1, 0, 0, 0, 111.678, 103.528, 31.15167, -3.244275, 3.030534, -0.4885496, 201.2508, 167.4267, 299.5081, -2.229008, 1.267176, 2.083969],
[1, 1, 0, 0, 0, 113.2588, 104.3958, 30.80777, -2.236641, 3.251908, -1.832061, 201.6743, 167.6209, 298.5872, -2.885496, 1.641221, 1.229008],
[1, 1, 0, 0, 0, 109.8949, 103.054, 32.61286, -4.305344, 0.832061, 0.5267176, 201.234, 167.6329, 299.1087, -3.450382, 2.328244, 1.763359],
[1, 1, 0, 0, 0, 111.5784, 103.5973, 31.41472, -3.59542, 1.862595, -0.2290076, 201.3834, 167.3638, 299.4681, -2.580153, 1.717557, 1.541985],
[1, 1, 0, 0, 0, 113.0641, 104.4213, 31.09156, -2.496183, -0.5877862, 2.083969, 201.5906, 167.633, 298.6652, -1.664122, 0.6259542, 1.221374],
[1, 1, 0, 0, 0, 110.8729, 102.3436, 29.82652, -7.366412, 1.870229, -1.152672, 201.3093, 167.123, 300.0475, -5.290076, 1.648855, 1.832061],
[1, 1, 0, 0, 0, 111.9022, 103.3087, 30.44037, -2.381679, 2.564885, 0.610687, 201.3044, 167.5848, 299.1187, -3.160305, 1.740458, 1.778626],
[1, 1, 0, 0, 0, 114.4659, 105.1281, 30.67694, -1.755725, 2.40458, 0.778626, 201.0067, 167.4993, 299.6712, -2.80916, 0.7099237, 1.274809],
[1, 1, 0, 0, 0, 108.861, 101.8579, 31.55094, -5.717557, 1.389313, -0.03053435, 201.5851, 167.2778, 299.3883, -3.10687, 1.183206, 2.053435],
[1, 1, 0, 0, 0, 112.6375, 103.8931, 30.63859, -6.137404, 2.251908, -0.740458, 201.453, 167.2954, 299.5185, -4.61832, 1.89313, 1.656489],
[1, 1, 0, 0, 0, 112.904, 103.9912, 30.49504, -3.473282, 1.89313, 0.7480916, 201.807, 167.1585, 299.3506, -2.51145, 1.412214, 1.0],
[1, 1, 0, 0, 0, 108.2085, 101.2843, 31.22009, -3.534351, 2.305344, -0.2061069, 201.1926, 167.2168, 300.0077, -2.519084, 2.152672, 1.725191],
[1, 1, 0, 0, 0, 110.2488, 102.6138, 31.21322, -0.4580153, 1.305344, 0.129771, 202.0403, 167.7492, 297.8877, -2.099237, 1.908397, 0.870229],
[1, 1, 0, 0, 0, 112.6537, 104.0078, 30.83314, -3.877863, 2.687023, 0.0, 201.2309, 166.9977, 300.3994, -3.839695, 1.419847, 0.9083969],
[1, 1, 0, 0, 0, 112.5746, 103.4257, 29.83287, -4.091603, 3.305344, -0.1526718, 200.8822, 166.9699, 300.911, -2.648855, 1.458015, 2.549618],
[1, 1, 0, 0, 0, 112.4606, 103.6087, 30.32039, 0.3816794, 1.114504, -0.7175572, 200.6426, 167.6251, 299.8831, -2.274809, 0.8167939, 0.6870229],
[1, 1, 0, 0, 0, 111.8243, 104.02, 31.90713, -1.671756, -0.5343512, 2.274809, 200.9953, 167.0819, 300.536, -2.320611, 0.7480916, 1.419847],
[1, 1, 0, 0, 0, 112.367, 104.2939, 31.72583, -2.160305, 1.099237, -0.5419847, 201.2007, 167.3432, 299.7415, -3.10687, 1.625954, 1.854962],
[1, 1, 0, 0, 0, 112.7857, 104.77, 32.0728, -2.465649, 1.282443, 1.839695, 201.7496, 167.6794, 298.3772, -2.778626, 1.458015, 0.5648855],
[1, 1, 0, 0, 0, 110.0502, 102.3044, 30.83823, -3.412214, 2.763359, -1.618321, 201.2831, 167.4433, 299.4334, -2.419847, 2.282443, 1.290076],
[1, 1, 0, 0, 0, 104.6164, 100.2193, 34.63084, -3.366412, -11.44275, 8.793893, 198.3442, 161.0165, 315.7289, 4.725191, -1.259542, 7.198473],
[1, 1, 0, 0, 0, 106.5027, 99.55428, 29.60117, -22.69466, 16.84733, 1.671756, 202.181, 162.5797, 307.2736, -0.1450382, 2.312977, 4.480916],
[1, 1, 0, 0, 0, 96.60755, 94.07387, 31.69582, 0.6335878, 0.4274809, -1.419847, 203.9338, 161.9962, 305.9172, -3.251908, 2.374046, -0.9923664],
[1, 1, 0, 0, 0, 94.23405, 92.35267, 29.31786, -5.099236, 3.519084, 3.343511, 200.9422, 162.5113, 309.1481, 2.610687, -0.1145038, -2.778626],
[1, 1, 0, 0, 0, 100.8323, 97.30563, 33.83105, -1.885496, -11.73283, -1.549618, 201.3062, 163.1677, 307.4848, -1.770992, -0.8396947, 15.70992],
[1, 1, 0, 0, 0, 94.43703, 92.91472, 33.43799, -2.564885, 1.671756, 1.51145, 200.4745, 163.1998, 308.6372, 5.129771, 4.587786, -1.618321],
[1, 1, 0, 0, 0, 103.1273, 97.53059, 29.57224, -12.12977, 0.2442748, -11.25191, 202.7343, 165.1477, 302.0194, -12.96183, -19.14504, 1.503817],
[1, 1, 0, 0, 0, 89.32208, 89.49918, 34.95989, 4.572519, 14.64886, -2.694656, 199.8911, 166.8897, 302.4284, 4.40458, 8.603053, -5.977099],
[1, 1, 0, 0, 0, 95.28245, 93.4946, 33.56687, -4.625954, -5.770992, 9.328244, 201.0267, 165.047, 304.4664, 3.259542, 13.35878, 2.465649],
[1, 1, 0, 0, 0, 98.16294, 94.73953, 30.12115, -7.038168, -6.824428, 7.885496, 201.212, 160.9593, 311.3357, -9.282443, 13.25954, 9.129771],
[1, 1, 0, 0, 0, 96.6643, 94.49763, 34.01957, 0.8931297, -0.5801527, 4.167939, 205.5552, 162.2497, 303.5152, -1.122137, 1.717557, 5.580153],
[1, 1, 0, 0, 0, 96.85143, 93.92539, 29.86381, 0.2290076, 9.374045, 1.877863, 203.3082, 161.4183, 307.6669, -5.587786, 3.694656, -3.389313],
[1, 1, 0, 0, 0, 94.98771, 92.93908, 30.66844, -4.480916, -0.3435115, -0.7328244, 204.4665, 161.1998, 306.5124, -3.396947, 1.793893, 1.206107],
[1, 1, 0, 0, 0, 101.0525, 96.37912, 29.83116, -2.740458, -3.473282, -0.3053435, 205.219, 161.6364, 304.8905, 2.267176, -3.877863, 3.519084],
[1, 1, 0, 0, 0, 96.15368, 93.55326, 30.09447, -11.54199, 8.862596, -1.259542, 205.0247, 162.2287, 304.1836, -2.671756, 1.633588, -2.679389],
[1, 1, 0, 0, 0, 99.60357, 95.88445, 31.39659, 4.267176, 9.641221, 0.2442748, 204.2761, 161.6379, 306.0586, -0.4274809, -0.9160305, -0.09923664],
[1, 1, 0, 0, 0, 98.84326, 95.25882, 30.68003, -5.824428, 1.824428, 0.7099237, 204.662, 161.3902, 305.966, -2.053435, 1.183206, 2.412214],
[1, 1, 0, 0, 0, 98.41782, 95.09128, 31.1239, -1.694656, -2.267176, 3.259542, 205.2564, 162.2016, 303.9477, 1.664122, 0.8625955, 3.053435],
[1, 1, 0, 0, 0, 99.05608, 95.14369, 29.53788, -3.206107, 4.931298, 1.198473, 205.917, 162.5479, 302.6175, -3.328244, 1.89313, 1.091603],
[1, 1, 0, 0, 0, 100.2111, 96.16527, 30.99619, -2.122137, 0.1603053, 0.3740458, 205.6581, 162.1195, 303.6007, -2.908397, 1.137405, 0.5801527],
[1, 1, 0, 0, 0, 99.96469, 95.65761, 29.48302, -1.694656, 0.7022901, 0.1603053, 205.7001, 162.1422, 303.5152, -2.343511, 1.618321, 1.259542],
[1, 1, 0, 0, 0, 96.42984, 93.75806, 30.37535, -0.1526718, -2.549618, 1.885496, 206.1044, 162.0228, 303.2315, -0.5496183, 1.335878, 0.8396947],
[1, 1, 0, 0, 0, 99.68677, 95.48089, 29.41302, -3.19084, 2.900763, -0.6793893, 205.319, 161.497, 304.9882, -3.816794, 1.89313, 1.923664],
[1, 1, 0, 0, 0, 101.25, 96.35112, 29.27908, -2.984733, 3.19084, 0.4274809, 205.8358, 162.1632, 303.3228, -2.732824, 0.3358779, 1.480916],
[1, 1, 0, 0, 0, 100.1672, 95.76272, 29.43114, -1.083969, -3.007634, -0.2290076, 206.0135, 162.5784, 302.4577, -1.221374, -1.175573, 2.175573],
[1, 1, 0, 0, 0, 100.9723, 96.23942, 29.47037, -2.0, -0.351145, 0.5572519, 205.5851, 162.8425, 302.5288, -3.068702, 1.167939, 1.045802],
[1, 1, 0, 0, 0, 101.7561, 96.56872, 29.00175, -2.694656, 0.5114504, 0.778626, 206.2212, 162.3954, 302.5104, -2.152672, 1.541985, 1.022901],
[1, 1, 0, 0, 0, 99.23288, 95.13463, 29.01779, 3.099237, 4.748092, -2.40458, 206.3394, 162.1228, 302.804, -2.10687, 1.030534, -0.03816794],
[1, 1, 0, 0, 0, 102.7938, 97.17556, 29.03783, -5.0, 2.832061, 1.374046, 205.3449, 161.7707, 304.5261, -2.877863, 1.122137, 2.664122],
[1, 1, 0, 0, 0, 105.2073, 98.42978, 28.6135, -3.687023, 1.206107, 0.2519084, 206.425, 162.6926, 301.809, -2.396947, 1.244275, 1.977099],
[1, 1, 0, 0, 0, 102.6338, 97.19154, 29.40833, -1.763359, 1.854962, 0.5343512, 206.2815, 162.2766, 302.6287, -3.412214, 1.740458, 0.5648855],
[1, 1, 0, 0, 0, 100.3458, 96.16795, 30.67131, -4.091603, 0.5419847, 0.08396947, 206.2461, 161.8601, 303.3218, -2.679389, 1.030534, 1.709924],
[1, 1, 0, 0, 0, 100.4107, 95.74775, 28.7826, -4.603054, 5.167939, -0.259542, 206.0529, 161.9919, 303.3397, -1.870229, 1.923664, 1.29771],
[1, 1, 0, 0, 0, 106.0068, 97.72093, 25.32757, -0.3435115, 7.19084, 1.244275, 205.6466, 162.5956, 302.855, -2.137405, 1.259542, 1.908397],
[1, 1, 0, 0, 0, 102.9294, 97.56335, 30.06696, -0.6412213, -1.21374, 0.7557252, 206.731, 162.7446, 301.3859, -3.007634, 2.328244, 1.572519],
[1, 1, 0, 0, 0, 102.5758, 97.22063, 29.62389, -3.847328, 3.709924, -0.8625955, 206.0485, 163.0746, 301.6228, -4.312977, 1.549618, 0.08396947],
[1, 1, 0, 0, 0, 103.3735, 97.48473, 28.95391, -3.458015, 2.763359, 0.09923664, 205.9821, 162.4911, 302.6329, -3.480916, 1.427481, 1.885496],
[1, 1, 0, 0, 0, 106.1889, 99.01706, 28.66876, -3.656489, 3.396947, -0.1450382, 206.4197, 162.4089, 302.2632, -2.763359, 0.8167939, 1.572519],
[1, 1, 0, 0, 0, 104.2261, 98.18915, 29.59613, -1.832061, 0.5877862, 0.3969466, 205.8782, 162.7311, 302.3692, -3.419847, 1.282443, 1.145038],
[1, 1, 0, 0, 0, 101.2002, 96.43547, 29.71324, -1.259542, 0.9465649, -1.053435, 206.0418, 162.57, 302.4386, -2.259542, 1.198473, 1.030534],
[1, 1, 0, 0, 0, 105.0631, 98.43616, 28.87246, -5.709924, 1.923664, 0.05343511, 205.9257, 162.4405, 302.7783, -3.21374, 1.580153, 1.503817],
[1, 1, 0, 0, 0, 105.2747, 98.7886, 29.52293, -5.160306, 3.740458, -1.458015, 205.7729, 162.394, 303.03, -4.435114, 1.763359, 1.763359],
[1, 1, 0, 0, 0, 106.0899, 98.92042, 28.56221, -3.274809, 1.198473, -0.03816794, 206.1315, 162.4526, 302.5224, -2.351145, 0.9465649, 1.259542],
[1, 1, 0, 0, 0, 104.8171, 98.31915, 28.9482, -2.816794, 1.70229, 1.51145, 205.5648, 162.5623, 303.004, -2.022901, 0.4961832, 1.396947],
[1, 1, 0, 0, 0, 103.7321, 97.94164, 29.73932, -4.473282, 1.122137, 0.4045802, 206.0685, 163.0636, 301.6178, -4.40458, 1.992366, 1.343511],
[1, 1, 0, 0, 0, 103.7134, 98.00505, 29.97184, -1.816794, -0.6335878, 1.396947, 206.366, 162.8069, 301.6938, -1.48855, 0.9847328, 1.549618],
[1, 1, 0, 0, 0, 107.1181, 99.55697, 28.66508, -3.10687, 3.480916, 0.6564885, 205.34, 162.4956, 303.3763, -3.099237, 1.206107, 1.847328],
[1, 1, 0, 0, 0, 103.0502, 97.64132, 30.08425, -2.129771, 2.335878, 0.8549618, 205.7245, 162.4514, 302.9948, -5.473282, 1.687023, 1.465649],
[1, 1, 0, 0, 0, 100.7845, 97.23083, 33.67773, -5.557252, -1.580153, -1.183206, 204.7828, 163.8631, 301.7817, -5.343512, 1.496183, 2.343511],
[1, 1, 0, 0, 0, 100.9351, 96.73009, 31.44711, -3.160305, 2.221374, -1.129771, 204.8172, 163.9664, 301.567, -3.312977, 1.229008, -0.03053435],
[1, 1, 0, 0, 0, 99.64605, 96.41582, 33.51349, -3.503817, 3.480916, 2.343511, 204.5689, 163.7624, 302.2047, 0.7022901, 0.6335878, 1.007634],
[1, 1, 0, 0, 0, 101.1731, 97.40438, 33.35267, -4.725191, 3.0, 0.8625955, 204.1522, 163.4054, 303.3111, -4.076336, 1.244275, 1.916031],
[1, 1, 0, 0, 0, 99.68104, 96.32186, 33.0307, -5.748092, 1.450382, -0.2137404, 205.5007, 163.5673, 301.4426, -2.931298, 1.328244, 1.610687],
[1, 1, 0, 0, 0, 99.52662, 96.09247, 32.49522, -0.9312977, 1.587786, -0.3587786, 204.8693, 163.9471, 301.5387, -2.541985, 0.6641222, 0.740458],
[1, 1, 0, 0, 0, 98.89309, 95.605, 32.14785, -1.21374, 2.389313, 0.09160305, 205.3619, 163.6467, 301.4706, -2.854962, 1.221374, 0.8091603],
[1, 1, 0, 0, 0, 98.57974, 95.52009, 32.69218, -2.030534, 0.1984733, 0.8396947, 204.5001, 163.9177, 302.0236, -2.48855, 1.465649, 1.549618],
[1, 1, 0, 0, 0, 100.026, 96.58084, 33.15031, -3.007634, 2.709924, -0.08396947, 204.5932, 163.4801, 302.6505, -3.694656, 1.412214, 1.267176],
[1, 1, 0, 0, 0, 99.70793, 96.2371, 32.6065, -2.450382, 4.053435, 2.129771, 204.3925, 163.5226, 302.8208, -1.977099, 1.351145, 1.427481],
[1, 1, 0, 0, 0, 101.1601, 97.12597, 32.38176, -1.137405, 1.312977, 0.1603053, 204.2065, 163.5084, 303.0709, -3.312977, 1.145038, 0.9770992],
[1, 1, 0, 0, 0, 98.76502, 95.60809, 32.54079, -3.030534, 3.21374, -0.09160305, 204.5029, 164.0388, 301.8143, -2.061069, 0.5267176, 1.48855],
[1, 1, 0, 0, 0, 99.61851, 96.23508, 32.84221, -2.832061, 1.572519, -0.2977099, 204.6772, 164.2443, 301.2588, -3.29771, 1.10687, 1.114504],
[1, 1, 0, 0, 0, 100.1404, 96.31412, 31.7812, -3.374046, 1.099237, 0.3587786, 204.7079, 164.0129, 301.6164, -2.519084, 1.427481, 1.610687],
[1, 1, 0, 0, 0, 100.7151, 97.07096, 33.26129, -4.076336, 1.526718, 0.740458, 204.9488, 163.6189, 301.9965, -4.48855, 2.030534, 1.778626],
[1, 1, 0, 0, 0, 99.98979, 96.41392, 32.57691, -3.351145, -0.9694656, -2.007634, 204.5539, 163.9431, 301.9165, -2.938931, 0.7938931, 1.099237],
[1, 1, 0, 0, 0, 101.0605, 96.96834, 32.04007, -3.122137, 2.038168, -0.2824428, 204.2656, 164.1595, 301.8903, -2.450382, 0.9236641, 1.129771],
[1, 1, 0, 0, 0, 99.18732, 96.05176, 33.27834, -2.656489, 2.351145, 0.5954198, 204.969, 163.7888, 301.6885, -3.648855, 1.603053, 1.625954],
[1, 1, 0, 0, 0, 100.3143, 96.54952, 32.27695, -4.923664, 1.267176, -1.114504, 205.1018, 163.6847, 301.7079, -2.885496, 1.832061, 1.938931],
[1, 1, 0, 0, 0, 100.827, 96.8572, 32.18636, -2.19084, 1.694656, 0.2213741, 204.6416, 163.9158, 301.859, -3.038168, 1.175573, 1.137405],
[1, 1, 0, 0, 0, 100.3709, 96.6016, 32.33747, -4.450382, 3.206107, -0.5954198, 204.1747, 163.8911, 302.4594, -3.374046, 1.450382, 1.0],
[1, 1, 0, 0, 0, 101.4478, 97.46219, 32.90668, -3.068702, 2.167939, 0.259542, 204.7521, 163.4937, 302.4379, -3.167939, 1.580153, 1.40458],
[1, 1, 0, 0, 0, 100.3427, 96.61002, 32.44226, -2.419847, 0.8091603, 0.9465649, 204.5094, 163.8251, 302.1696, -3.137405, 1.358779, 1.587786],
[1, 1, 0, 0, 0, 99.73679, 96.24086, 32.54397, -1.427481, 1.625954, 0.3358779, 204.838, 164.2496, 301.0627, -2.694656, 1.618321, 1.412214],
[1, 1, 0, 0, 0, 101.3129, 97.31543, 32.70352, -2.480916, 1.229008, 0.9770992, 204.3658, 163.945, 302.1375, -2.236641, 1.053435, 1.290076],
[1, 1, 0, 0, 0, 101.7588, 97.57246, 32.5757, -2.610687, 2.549618, 0.7328244, 204.51, 163.9028, 302.0372, -3.977099, 1.503817, 1.503817],
[1, 1, 0, 0, 0, 100.8717, 96.97409, 32.51509, -3.412214, 2.908397, -0.4274809, 205.2359, 163.8698, 301.244, -3.648855, 2.320611, 1.19084],
[1, 1, 0, 0, 0, 100.1171, 96.5639, 32.8429, -2.320611, 3.083969, 0.7938931, 204.5544, 163.7921, 302.1718, -4.419847, 1.824428, 0.0],
[1, 1, 0, 0, 0, 100.0735, 96.73964, 33.65053, -4.152672, 1.80916, 0.2900764, 204.6068, 163.7988, 302.0982, -4.366412, 1.900763, 1.366412],
[1, 1, 0, 0, 0, 100.6589, 96.91482, 32.81693, -0.8167939, 0.9389313, 0.4045802, 204.0844, 164.0531, 302.2913, -3.022901, 1.633588, 1.679389],
[1, 1, 0, 0, 0, 100.1769, 96.44996, 32.23368, -3.625954, 0.8473283, -0.3435115, 205.1137, 163.563, 301.8968, -2.70229, 1.221374, 1.183206],
[1, 1, 0, 0, 0, 100.4663, 96.61206, 32.13792, -1.450382, 1.19084, -0.6030535, 204.2917, 163.7381, 302.5784, -1.938931, 0.4732824, 1.389313],
[1, 1, 0, 0, 0, 101.7664, 97.64087, 32.79322, -2.862595, 2.175573, 0.2671756, 204.7644, 163.6003, 302.2451, -2.412214, 1.70229, 1.656489],
[1, 1, 0, 0, 0, 101.7108, 97.43089, 32.19393, -3.114504, 1.717557, 0.7709923, 204.2574, 164.2308, 301.7775, -2.587786, 1.274809, 1.816794],
[1, 1, 0, 0, 0, 100.3795, 96.6814, 32.62692, -3.793893, 1.938931, 0.04580153, 204.3958, 163.6961, 302.5242, -3.076336, 1.618321, 1.564886],
[1, 1, 0, 0, 0, 101.3197, 97.16796, 32.15913, -2.038168, 1.938931, 0.5114504, 204.5969, 164.0358, 301.7082, -3.328244, 1.114504, 1.282443],
[1, 1, 0, 0, 0, 99.57091, 96.14371, 32.58987, -1.48855, 2.10687, -0.3435115, 204.3891, 163.9917, 302.0299, -2.343511, 1.717557, 1.068702],
[1, 0, 0, 0, 0, 99.86102, 96.40738, 32.89312, -3.21374, 1.793893, 0.2290076, 203.9036, 164.3777, 301.9485, -2.885496, 1.51145, 1.900763],
[1, 1, 0, 0, 0, 102.146, 97.39664, 31.11906, -2.129771, 1.610687, 0.351145, 204.5976, 164.1286, 301.5493, -1.709924, 1.007634, 1.80916],
[1, 1, 0, 0, 0, 100.6643, 96.75433, 32.19457, -2.801527, -0.519084, 0.2366412, 204.4415, 164.1243, 301.7412, -1.885496, 1.396947, 1.458015],
[1, 1, 0, 0, 0, 99.00825, 95.7603, 32.51486, -0.519084, 2.648855, 0.4198473, 204.735, 163.9353, 301.7159, -2.564885, 0.870229, 1.29771],
[1, 1, 0, 0, 0, 100.6825, 96.75765, 32.16229, -3.572519, 1.587786, -0.480916, 204.8419, 164.2303, 301.0908, -3.465649, 1.366412, 1.519084],
[1, 1, 0, 0, 0, 100.2111, 96.34051, 31.70704, -3.671756, 1.969466, 0.4503817, 204.584, 163.8999, 301.9541, -2.442748, 1.015267, 1.679389],
[1, 1, 0, 0, 0, 100.6924, 96.85025, 32.4899, -5.068702, 1.946565, 0.351145, 204.7033, 163.9683, 301.6973, -3.526718, 1.679389, 2.312977],
[1, 1, 0, 0, 0, 99.96249, 96.24287, 31.95193, -2.175573, 1.70229, 0.7709923, 204.3149, 164.4229, 301.3777, -1.290076, 1.305344, 1.335878],
[1, 0, 0, 0, 0, 101.0581, 97.08991, 32.49296, -1.603053, 2.030534, 0.1145038, 204.2363, 164.1274, 301.9805, -2.091603, 1.068702, 1.122137],
[1, 1, 0, 0, 0, 101.5794, 97.32354, 32.11581, -4.007634, 2.954198, -1.122137, 204.7287, 164.172, 301.3217, -3.70229, 1.244275, 1.19084],
[1, 1, 0, 0, 0, 101.5494, 97.31414, 32.15099, -2.412214, 1.801527, 0.2977099, 204.4806, 164.0944, 301.7459, -2.870229, 0.8015267, 1.0],





